time (s) 	 Output Voltage(v) 	 Input Voltage(v)
0.00000000 	 -0.07647549 	 0.03842554 
0.02500000 	 -0.08103247 	 0.05014349 
0.05000000 	 -0.08558945 	 0.06348894 
0.07500000 	 -0.09209942 	 0.07618339 
0.10000000 	 -0.09763290 	 0.08822684 
0.12500000 	 -0.10544487 	 0.10092128 
0.15000000 	 -0.11325684 	 0.11361573 
0.17500000 	 -0.12106881 	 0.12565918 
0.20000000 	 -0.12985727 	 0.13835363 
0.22500000 	 -0.13929673 	 0.15072258 
0.25000000 	 -0.14841069 	 0.16244053 
0.27500000 	 -0.15817565 	 0.17546048 
0.30000000 	 -0.16794061 	 0.18815493 
0.32500000 	 -0.17803107 	 0.20019838 
0.35000000 	 -0.18877253 	 0.21321832 
0.37500000 	 -0.19918849 	 0.22558727 
0.40000000 	 -0.20927894 	 0.23828172 
0.42500000 	 -0.22067140 	 0.24967417 
0.45000000 	 -0.23173835 	 0.26204312 
0.47500000 	 -0.24313081 	 0.27506307 
0.50000000 	 -0.25387226 	 0.28743202 
0.52500000 	 -0.26526472 	 0.30012647 
0.55000000 	 -0.27730817 	 0.31184442 
0.57500000 	 -0.28739862 	 0.32486437 
0.60000000 	 -0.30009307 	 0.33723332 
0.62500000 	 -0.31083453 	 0.34927677 
0.65000000 	 -0.32287798 	 0.36197121 
0.67500000 	 -0.33492143 	 0.37368917 
0.70000000 	 -0.34631388 	 0.38703461 
0.72500000 	 -0.35803183 	 0.39907806 
0.75000000 	 -0.37007529 	 0.41144701 
0.77500000 	 -0.38244423 	 0.42414146 
0.80000000 	 -0.39383669 	 0.43520841 
0.82500000 	 -0.40620564 	 0.44822836 
0.85000000 	 -0.41759809 	 0.45994631 
0.87500000 	 -0.43061804 	 0.47264076 
0.90000000 	 -0.44135949 	 0.48500971 
0.92500000 	 -0.45405394 	 0.49640216 
0.95000000 	 -0.46577189 	 0.50974761 
0.97500000 	 -0.47781534 	 0.52048906 
1.00000000 	 -0.48920780 	 0.53416001 
1.02500000 	 -0.50157675 	 0.54457597 
1.05000000 	 -0.51427119 	 0.55792141 
1.07500000 	 -0.52566365 	 0.56931386 
1.10000000 	 -0.53770710 	 0.58200831 
1.12500000 	 -0.54942505 	 0.59340077 
1.15000000 	 -0.56146850 	 0.60479322 
1.17500000 	 -0.57351195 	 0.61781317 
1.20000000 	 -0.58555540 	 0.62888012 
1.22500000 	 -0.59727335 	 0.64124907 
1.25000000 	 -0.60996780 	 0.65361802 
1.27500000 	 -0.62103476 	 0.66501047 
1.30000000 	 -0.63307821 	 0.67737942 
1.32500000 	 -0.64414516 	 0.68877187 
1.35000000 	 -0.65683961 	 0.70081533 
1.37500000 	 -0.66855756 	 0.71220778 
1.40000000 	 -0.68060101 	 0.72327473 
1.42500000 	 -0.69199347 	 0.73564368 
1.45000000 	 -0.70436242 	 0.74703614 
1.47500000 	 -0.71542937 	 0.75940509 
1.50000000 	 -0.72779832 	 0.77079754 
1.52500000 	 -0.73951627 	 0.78186449 
1.55000000 	 -0.75058323 	 0.79358245 
1.57500000 	 -0.76262668 	 0.80497490 
1.60000000 	 -0.77434463 	 0.81571635 
1.62500000 	 -0.78606258 	 0.82808530 
1.65000000 	 -0.79680404 	 0.83915226 
1.67500000 	 -0.80852199 	 0.85054471 
1.70000000 	 -0.82023994 	 0.86258816 
1.72500000 	 -0.83163239 	 0.87332962 
1.75000000 	 -0.84335035 	 0.88504757 
1.77500000 	 -0.85506830 	 0.89578903 
1.80000000 	 -0.86613525 	 0.90718148 
1.82500000 	 -0.87752771 	 0.91792294 
1.85000000 	 -0.88957116 	 0.92931539 
1.87500000 	 -0.89966162 	 0.94038234 
1.90000000 	 -0.91105407 	 0.95210030 
1.92500000 	 -0.92374852 	 0.96316725 
1.95000000 	 -0.93416447 	 0.97390871 
1.97500000 	 -0.94555693 	 0.98530116 
2.00000000 	 -0.95629838 	 0.99506612 
2.02500000 	 -0.96769084 	 1.00613307 
2.05000000 	 -0.97908329 	 1.01687453 
2.07500000 	 -0.98982475 	 1.02761599 
2.10000000 	 -1.00089170 	 1.03933394 
2.12500000 	 -1.01195865 	 1.04942440 
2.15000000 	 -1.02270011 	 1.05984035 
2.17500000 	 -1.03441806 	 1.07025631 
2.20000000 	 -1.04515952 	 1.08197426 
2.22500000 	 -1.05622647 	 1.09076273 
2.25000000 	 -1.06664243 	 1.10215518 
2.27500000 	 -1.07770939 	 1.11192014 
2.30000000 	 -1.08779984 	 1.12331259 
2.32500000 	 -1.09886680 	 1.13372855 
2.35000000 	 -1.10993375 	 1.14381901 
2.37500000 	 -1.11969871 	 1.15390947 
2.40000000 	 -1.13044017 	 1.16465092 
2.42500000 	 -1.14150712 	 1.17539238 
2.45000000 	 -1.15192308 	 1.18580834 
2.47500000 	 -1.16266454 	 1.19492230 
2.50000000 	 -1.17242950 	 1.20468726 
2.52500000 	 -1.18317095 	 1.21510322 
2.55000000 	 -1.19358691 	 1.22519368 
2.57500000 	 -1.20432837 	 1.23560963 
2.60000000 	 -1.21409333 	 1.24439810 
2.62500000 	 -1.22418378 	 1.25416306 
2.65000000 	 -1.23394874 	 1.26490451 
2.67500000 	 -1.24501570 	 1.27369298 
2.70000000 	 -1.25478066 	 1.28378344 
2.72500000 	 -1.26487112 	 1.29354840 
2.75000000 	 -1.27496158 	 1.30201136 
2.77500000 	 -1.28505204 	 1.31210182 
2.80000000 	 -1.29481700 	 1.32154128 
2.82500000 	 -1.30490745 	 1.33098074 
2.85000000 	 -1.31467241 	 1.34009471 
2.87500000 	 -1.32508837 	 1.34888317 
2.90000000 	 -1.33387684 	 1.35897363 
2.92500000 	 -1.34396729 	 1.36841309 
2.95000000 	 -1.35340676 	 1.37752705 
2.97500000 	 -1.36317172 	 1.38599002 
3.00000000 	 -1.37228568 	 1.39542948 
3.02500000 	 -1.38237614 	 1.40486894 
3.05000000 	 -1.39149010 	 1.41398290 
3.07500000 	 -1.40158056 	 1.42212037 
3.10000000 	 -1.41004352 	 1.43058333 
3.12500000 	 -1.41980848 	 1.43937180 
3.15000000 	 -1.42859695 	 1.44848576 
3.17500000 	 -1.43803641 	 1.45727422 
3.20000000 	 -1.44715037 	 1.46508619 
3.22500000 	 -1.45561334 	 1.47420016 
3.25000000 	 -1.46537830 	 1.48168662 
3.27500000 	 -1.47481776 	 1.49080059 
3.30000000 	 -1.48295522 	 1.49926355 
3.32500000 	 -1.49239469 	 1.50740102 
3.35000000 	 -1.50053215 	 1.51618948 
3.37500000 	 -1.50964611 	 1.52432695 
3.40000000 	 -1.51745808 	 1.53213892 
3.42500000 	 -1.52624655 	 1.54027638 
3.45000000 	 -1.53568601 	 1.54841385 
3.47500000 	 -1.54349798 	 1.55687682 
3.50000000 	 -1.55261194 	 1.56306129 
3.52500000 	 -1.56074941 	 1.57184976 
3.55000000 	 -1.56888687 	 1.57933622 
3.57500000 	 -1.57702434 	 1.58649720 
3.60000000 	 -1.58548730 	 1.59496016 
3.62500000 	 -1.59329927 	 1.60309763 
3.65000000 	 -1.60111124 	 1.61058410 
3.67500000 	 -1.60957421 	 1.61644307 
3.70000000 	 -1.61738617 	 1.62425504 
3.72500000 	 -1.62617464 	 1.63239251 
3.75000000 	 -1.63333561 	 1.63857698 
3.77500000 	 -1.64114758 	 1.64541245 
3.80000000 	 -1.64928504 	 1.65322442 
3.82500000 	 -1.65644601 	 1.66071089 
3.85000000 	 -1.66360698 	 1.66754636 
3.87500000 	 -1.67206995 	 1.67373084 
3.90000000 	 -1.67890542 	 1.68024081 
3.92500000 	 -1.68639189 	 1.68772728 
3.95000000 	 -1.69355286 	 1.69488825 
3.97500000 	 -1.70103933 	 1.70107273 
4.00000000 	 -1.70820030 	 1.70693170 
4.02500000 	 -1.71568677 	 1.71409267 
4.05000000 	 -1.72219674 	 1.71995165 
4.07500000 	 -1.73000871 	 1.72646162 
4.10000000 	 -1.73749518 	 1.73329709 
4.12500000 	 -1.74335416 	 1.73948157 
4.15000000 	 -1.75018963 	 1.74566604 
4.17500000 	 -1.75735060 	 1.75217602 
4.20000000 	 -1.76418607 	 1.75705850 
4.22500000 	 -1.77069605 	 1.76324297 
4.25000000 	 -1.77753152 	 1.76942745 
4.27500000 	 -1.78436699 	 1.77626292 
4.30000000 	 -1.78957497 	 1.78049440 
4.32500000 	 -1.79608494 	 1.78732987 
4.35000000 	 -1.80292041 	 1.79188685 
4.37500000 	 -1.80943039 	 1.79839683 
4.40000000 	 -1.81528936 	 1.80393030 
4.42500000 	 -1.82147384 	 1.80881278 
4.45000000 	 -1.82733281 	 1.81402076 
4.47500000 	 -1.83384279 	 1.81922874 
4.50000000 	 -1.83937626 	 1.82411122 
4.52500000 	 -1.84523524 	 1.82866820 
4.55000000 	 -1.85141971 	 1.83485268 
4.57500000 	 -1.85630219 	 1.83973516 
4.60000000 	 -1.86281217 	 1.84396664 
4.62500000 	 -1.86802015 	 1.84917462 
4.65000000 	 -1.87290263 	 1.85470810 
4.67500000 	 -1.87908710 	 1.85926508 
4.70000000 	 -1.88462058 	 1.86317106 
4.72500000 	 -1.88950306 	 1.86772804 
4.75000000 	 -1.89406004 	 1.87228502 
4.77500000 	 -1.89959352 	 1.87684201 
4.80000000 	 -1.90480150 	 1.88074799 
4.82500000 	 -1.91000947 	 1.88465397 
4.85000000 	 -1.91554295 	 1.88953645 
4.87500000 	 -1.91944894 	 1.89344244 
4.90000000 	 -1.92433142 	 1.89734842 
4.92500000 	 -1.92888840 	 1.90125441 
4.95000000 	 -1.93344538 	 1.90548589 
4.97500000 	 -1.93832786 	 1.91004287 
5.00000000 	 -1.94288484 	 1.91167036 
5.02500000 	 -1.94776732 	 1.91622734 
5.05000000 	 -1.95167330 	 1.92013333 
5.07500000 	 -1.95623028 	 1.92338831 
5.10000000 	 -1.96046177 	 1.92664330 
5.12500000 	 -1.96501875 	 1.92989829 
5.15000000 	 -1.96794824 	 1.93217678 
5.17500000 	 -1.97217972 	 1.93608276 
5.20000000 	 -1.97608570 	 1.93933775 
5.22500000 	 -1.97966619 	 1.94194174 
5.25000000 	 -1.98454867 	 1.94422023 
5.27500000 	 -1.98780366 	 1.94877721 
5.30000000 	 -1.99040764 	 1.95138120 
5.32500000 	 -1.99463913 	 1.95365969 
5.35000000 	 -1.99789411 	 1.95561268 
5.37500000 	 -2.00180010 	 1.95691468 
5.40000000 	 -2.00440409 	 1.96114616 
5.42500000 	 -2.00798457 	 1.96342465 
5.45000000 	 -2.01091406 	 1.96635414 
5.47500000 	 -2.01416905 	 1.96798163 
5.50000000 	 -2.01709854 	 1.97026012 
5.52500000 	 -2.02002802 	 1.97221311 
5.55000000 	 -2.02263201 	 1.97384061 
5.57500000 	 -2.02556150 	 1.97644460 
5.60000000 	 -2.02783999 	 1.97774659 
5.62500000 	 -2.03011848 	 1.97969958 
5.65000000 	 -2.03239697 	 1.98230357 
5.67500000 	 -2.03597746 	 1.98197807 
5.70000000 	 -2.03793045 	 1.98523306 
5.72500000 	 -2.04118544 	 1.98653506 
5.75000000 	 -2.04216193 	 1.98751155 
5.77500000 	 -2.04476592 	 1.98946454 
5.80000000 	 -2.04671891 	 1.99076654 
5.82500000 	 -2.04899740 	 1.99174303 
5.85000000 	 -2.05127590 	 1.99174303 
5.87500000 	 -2.05192689 	 1.99206853 
5.90000000 	 -2.05420538 	 1.99434702 
5.92500000 	 -2.05518188 	 1.99499802 
5.95000000 	 -2.05778587 	 1.99564902 
5.97500000 	 -2.05908786 	 1.99630002 
6.00000000 	 -2.05941336 	 1.99760201 
6.02500000 	 -2.06169185 	 1.99695101 
6.05000000 	 -2.06331935 	 1.99792751 
6.07500000 	 -2.06429584 	 1.99825301 
6.10000000 	 -2.06592334 	 1.99922950 
6.12500000 	 -2.06657433 	 1.99857851 
6.15000000 	 -2.06820183 	 1.99890400 
6.17500000 	 -2.06885282 	 1.99922950 
6.20000000 	 -2.06917832 	 1.99857851 
6.22500000 	 -2.07015482 	 1.99727651 
6.25000000 	 -2.07048032 	 1.99825301 
6.27500000 	 -2.07113131 	 1.99760201 
6.30000000 	 -2.07145681 	 1.99792751 
6.32500000 	 -2.07210781 	 1.99727651 
6.35000000 	 -2.07308431 	 1.99695101 
6.37500000 	 -2.07275881 	 1.99597452 
6.40000000 	 -2.07308431 	 1.99597452 
6.42500000 	 -2.07308431 	 1.99532352 
6.45000000 	 -2.07275881 	 1.99434702 
6.47500000 	 -2.07373530 	 1.99239403 
6.50000000 	 -2.07275881 	 1.99239403 
6.52500000 	 -2.07275881 	 1.99076654 
6.55000000 	 -2.07210781 	 1.98913904 
6.57500000 	 -2.07080581 	 1.98946454 
6.60000000 	 -2.07080581 	 1.98816255 
6.62500000 	 -2.07080581 	 1.98620956 
6.65000000 	 -2.07015482 	 1.98458206 
6.67500000 	 -2.07015482 	 1.98295457 
6.70000000 	 -2.06885282 	 1.98132708 
6.72500000 	 -2.06820183 	 1.98067608 
6.75000000 	 -2.06722533 	 1.97807209 
6.77500000 	 -2.06592334 	 1.97677010 
6.80000000 	 -2.06559784 	 1.97384061 
6.82500000 	 -2.06331935 	 1.97286411 
6.85000000 	 -2.06331935 	 1.97058562 
6.87500000 	 -2.06136635 	 1.96863263 
6.90000000 	 -2.06038986 	 1.96602864 
6.92500000 	 -2.05746037 	 1.96375015 
6.95000000 	 -2.05648387 	 1.96016966 
6.97500000 	 -2.05550738 	 1.95919317 
7.00000000 	 -2.05322889 	 1.95626368 
7.02500000 	 -2.05127590 	 1.95398519 
7.05000000 	 -2.04964840 	 1.95138120 
7.07500000 	 -2.04802091 	 1.94780071 
7.10000000 	 -2.04639342 	 1.94454573 
7.12500000 	 -2.04313843 	 1.94129074 
7.15000000 	 -2.04118544 	 1.93836125 
7.17500000 	 -2.03923244 	 1.93640826 
7.20000000 	 -2.03662846 	 1.93315327 
7.22500000 	 -2.03434996 	 1.92924729 
7.25000000 	 -2.03109498 	 1.92599230 
7.27500000 	 -2.02946748 	 1.92338831 
7.30000000 	 -2.02686350 	 1.91980783 
7.32500000 	 -2.02393401 	 1.91557635 
7.35000000 	 -2.02198102 	 1.91329786 
7.37500000 	 -2.01807503 	 1.90841538 
7.40000000 	 -2.01579654 	 1.90483489 
7.42500000 	 -2.01189056 	 1.90060341 
7.45000000 	 -2.00993756 	 1.89734842 
7.47500000 	 -2.00635708 	 1.89344244 
7.50000000 	 -2.00342759 	 1.88921095 
7.52500000 	 -1.99952161 	 1.88595597 
7.55000000 	 -1.99659212 	 1.88074799 
7.57500000 	 -1.99203514 	 1.87684201 
7.60000000 	 -1.98910565 	 1.87195953 
7.62500000 	 -1.98585066 	 1.86740254 
7.65000000 	 -1.98227018 	 1.86317106 
7.67500000 	 -1.97771320 	 1.85861408 
7.70000000 	 -1.97380721 	 1.85405710 
7.72500000 	 -1.97022673 	 1.84884912 
7.75000000 	 -1.96566975 	 1.84461764 
7.77500000 	 -1.96176376 	 1.83843316 
7.80000000 	 -1.95753228 	 1.83355068 
7.82500000 	 -1.95297530 	 1.82931920 
7.85000000 	 -1.95004581 	 1.82378572 
7.87500000 	 -1.94451233 	 1.81955424 
7.90000000 	 -1.93995535 	 1.81369526 
7.92500000 	 -1.93604937 	 1.80913828 
7.95000000 	 -1.93084139 	 1.80360481 
7.97500000 	 -1.92595891 	 1.79742033 
8.00000000 	 -1.92140193 	 1.79253785 
8.02500000 	 -1.91684495 	 1.78700437 
8.05000000 	 -1.91163697 	 1.78016890 
8.07500000 	 -1.90675449 	 1.77398443 
8.10000000 	 -1.90187201 	 1.76942745 
8.12500000 	 -1.89698953 	 1.76291747 
8.15000000 	 -1.89178155 	 1.75738399 
8.17500000 	 -1.88624807 	 1.75152502 
8.20000000 	 -1.88169109 	 1.74566604 
8.22500000 	 -1.87583211 	 1.73883057 
8.25000000 	 -1.87029864 	 1.73329709 
8.27500000 	 -1.86476516 	 1.72711262 
8.30000000 	 -1.85923168 	 1.72092814 
8.32500000 	 -1.85304721 	 1.71441817 
8.35000000 	 -1.84718823 	 1.70725720 
8.37500000 	 -1.84230575 	 1.70172372 
8.40000000 	 -1.83677227 	 1.69521375 
8.42500000 	 -1.82961130 	 1.68805278 
8.45000000 	 -1.82472882 	 1.68121731 
8.47500000 	 -1.81821885 	 1.67503283 
8.50000000 	 -1.81170888 	 1.66656987 
8.52500000 	 -1.80584990 	 1.66005989 
8.55000000 	 -1.79901443 	 1.65289892 
8.57500000 	 -1.79282995 	 1.64638895 
8.60000000 	 -1.78697098 	 1.63922798 
8.62500000 	 -1.78046100 	 1.63206701 
8.65000000 	 -1.77330003 	 1.62458054 
8.67500000 	 -1.76679006 	 1.61709407 
8.70000000 	 -1.75995459 	 1.60895660 
8.72500000 	 -1.75279362 	 1.60277213 
8.75000000 	 -1.74726014 	 1.59398366 
8.77500000 	 -1.73944817 	 1.58617170 
8.80000000 	 -1.73261270 	 1.57868523 
8.82500000 	 -1.72610273 	 1.57217525 
8.85000000 	 -1.71861626 	 1.56371229 
8.87500000 	 -1.71145529 	 1.55557482 
8.90000000 	 -1.70461982 	 1.54841385 
8.92500000 	 -1.69648235 	 1.54027638 
8.95000000 	 -1.68964688 	 1.53246442 
8.97500000 	 -1.68248591 	 1.52432695 
9.00000000 	 -1.67467394 	 1.51618948 
9.02500000 	 -1.66718747 	 1.50740102 
9.05000000 	 -1.65970100 	 1.49926355 
9.07500000 	 -1.65188903 	 1.49112609 
9.10000000 	 -1.64375157 	 1.48233762 
9.12500000 	 -1.63691609 	 1.47452565 
9.15000000 	 -1.62812763 	 1.46541169 
9.17500000 	 -1.62064116 	 1.45597223 
9.20000000 	 -1.61282919 	 1.44816026 
9.22500000 	 -1.60436623 	 1.43969730 
9.25000000 	 -1.59720526 	 1.43025784 
9.27500000 	 -1.58841679 	 1.42244587 
9.30000000 	 -1.57995383 	 1.41235541 
9.32500000 	 -1.57149086 	 1.40421794 
9.35000000 	 -1.56335339 	 1.39608048 
9.37500000 	 -1.55456493 	 1.38631552 
9.40000000 	 -1.54642746 	 1.37687605 
9.42500000 	 -1.53829000 	 1.36711109 
9.45000000 	 -1.52982703 	 1.35832263 
9.47500000 	 -1.52168957 	 1.34953417 
9.50000000 	 -1.51322660 	 1.34042020 
9.52500000 	 -1.50346164 	 1.33065524 
9.55000000 	 -1.49499867 	 1.32154128 
9.57500000 	 -1.48621021 	 1.31242732 
9.60000000 	 -1.47807274 	 1.30201136 
9.62500000 	 -1.46830778 	 1.29387389 
9.65000000 	 -1.45886832 	 1.28248144 
9.67500000 	 -1.45007986 	 1.27271648 
9.70000000 	 -1.43998940 	 1.26425352 
9.72500000 	 -1.43185193 	 1.25416306 
9.75000000 	 -1.42208697 	 1.24472360 
9.77500000 	 -1.41394951 	 1.23495864 
9.80000000 	 -1.40353355 	 1.22519368 
9.82500000 	 -1.39572158 	 1.21477772 
9.85000000 	 -1.38498013 	 1.20403626 
9.87500000 	 -1.37651716 	 1.19459680 
9.90000000 	 -1.36577570 	 1.18483184 
9.92500000 	 -1.35698724 	 1.17506688 
9.95000000 	 -1.34722228 	 1.16465092 
9.97500000 	 -1.33713182 	 1.15423497 
10.00000000 	 -1.32801786 	 1.14414451 
10.02500000 	 -1.31760190 	 1.13307755 
10.05000000 	 -1.30783694 	 1.12331259 
10.07500000 	 -1.29839748 	 1.11289664 
10.10000000 	 -1.28798152 	 1.10215518 
10.12500000 	 -1.27854206 	 1.09141372 
10.15000000 	 -1.26812610 	 1.08099777 
10.17500000 	 -1.25803565 	 1.07058181 
10.20000000 	 -1.24761969 	 1.05984035 
10.22500000 	 -1.23720373 	 1.04909890 
10.25000000 	 -1.22743877 	 1.03900844 
10.27500000 	 -1.21767381 	 1.02826698 
10.30000000 	 -1.20725785 	 1.01720003 
10.32500000 	 -1.19684190 	 1.00548208 
10.35000000 	 -1.18577494 	 0.99539162 
10.37500000 	 -1.17568448 	 0.98399916 
10.40000000 	 -1.16526853 	 0.97390871 
10.42500000 	 -1.15517807 	 0.96284175 
10.45000000 	 -1.14411111 	 0.95144930 
10.47500000 	 -1.13336966 	 0.93973135 
10.50000000 	 -1.12360470 	 0.92996639 
10.52500000 	 -1.11286324 	 0.91792294 
10.55000000 	 -1.10147079 	 0.90653048 
10.57500000 	 -1.09072933 	 0.89578903 
10.60000000 	 -1.07933688 	 0.88439657 
10.62500000 	 -1.06892092 	 0.87300412 
10.65000000 	 -1.05817947 	 0.86291366 
10.67500000 	 -1.04711251 	 0.85021921 
10.70000000 	 -1.03637105 	 0.83980326 
10.72500000 	 -1.02595510 	 0.82743431 
10.75000000 	 -1.01488814 	 0.81766935 
10.77500000 	 -1.00414669 	 0.80432390 
10.80000000 	 -0.99242873 	 0.79423344 
10.82500000 	 -0.98168728 	 0.78186449 
10.85000000 	 -0.96964383 	 0.76982104 
10.87500000 	 -0.95890237 	 0.75907959 
10.90000000 	 -0.94750992 	 0.74736163 
10.92500000 	 -0.93676846 	 0.73596918 
10.95000000 	 -0.92439951 	 0.72360023 
10.97500000 	 -0.91430905 	 0.71318427 
11.00000000 	 -0.90194011 	 0.70081533 
11.02500000 	 -0.89119865 	 0.68844638 
11.05000000 	 -0.87882970 	 0.67705392 
11.07500000 	 -0.86776275 	 0.66468497 
11.10000000 	 -0.85669579 	 0.65264152 
11.12500000 	 -0.84497784 	 0.64190007 
11.15000000 	 -0.83260889 	 0.62985662 
11.17500000 	 -0.82186743 	 0.61781317 
11.20000000 	 -0.81014948 	 0.60446772 
11.22500000 	 -0.79810603 	 0.59372626 
11.25000000 	 -0.78573708 	 0.58103182 
11.27500000 	 -0.77434463 	 0.56996486 
11.30000000 	 -0.76295218 	 0.55661942 
11.32500000 	 -0.75188522 	 0.54522696 
11.35000000 	 -0.73853978 	 0.53350901 
11.37500000 	 -0.72747282 	 0.52211656 
11.40000000 	 -0.71575487 	 0.50942211 
11.42500000 	 -0.70371142 	 0.49607666 
11.45000000 	 -0.69134247 	 0.48533521 
11.47500000 	 -0.68027551 	 0.47231526 
11.50000000 	 -0.66758107 	 0.46059731 
11.52500000 	 -0.65618861 	 0.44790286 
11.55000000 	 -0.64381966 	 0.43488292 
11.57500000 	 -0.63177621 	 0.42381596 
11.60000000 	 -0.61973276 	 0.41177251 
11.62500000 	 -0.60768931 	 0.39907806 
11.65000000 	 -0.59564586 	 0.38605812 
11.67500000 	 -0.58327691 	 0.37434016 
11.70000000 	 -0.57155896 	 0.36229671 
11.72500000 	 -0.55919001 	 0.34992776 
11.75000000 	 -0.54649556 	 0.33723332 
11.77500000 	 -0.53445211 	 0.32518986 
11.80000000 	 -0.52240866 	 0.31216992 
11.82500000 	 -0.51036521 	 0.30045197 
11.85000000 	 -0.49832176 	 0.28775752 
11.87500000 	 -0.48562731 	 0.27603957 
11.90000000 	 -0.47358386 	 0.26301962 
11.92500000 	 -0.46121491 	 0.25065067 
11.95000000 	 -0.44917146 	 0.23763072 
11.97500000 	 -0.43615151 	 0.22493628 
12.00000000 	 -0.42378257 	 0.21289283 
12.02500000 	 -0.41173911 	 0.20084937 
12.05000000 	 -0.39937017 	 0.18880592 
12.07500000 	 -0.38732671 	 0.17611148 
12.10000000 	 -0.37463227 	 0.16341703 
12.12500000 	 -0.36193782 	 0.15104808 
12.15000000 	 -0.34924337 	 0.13770263 
12.17500000 	 -0.33785092 	 0.12468269 
12.20000000 	 -0.32417997 	 0.11361573 
12.22500000 	 -0.31213652 	 0.10124678 
12.25000000 	 -0.29976757 	 0.08887783 
12.27500000 	 -0.28739862 	 0.07553239 
12.30000000 	 -0.27470418 	 0.06316344 
12.32500000 	 -0.26200973 	 0.05111999 
12.35000000 	 -0.24964078 	 0.03744904 
12.37500000 	 -0.23727183 	 0.02442910 
12.40000000 	 -0.22425188 	 0.01271115 
12.42500000 	 -0.21220843 	 0.00034220 
12.45000000 	 -0.19951398 	 -0.01170125 
12.47500000 	 -0.18649404 	 -0.02472120 
12.50000000 	 -0.17477609 	 -0.03709015 
12.52500000 	 -0.16175614 	 -0.04945910 
12.55000000 	 -0.14971269 	 -0.06247905 
12.57500000 	 -0.13604174 	 -0.07549899 
12.60000000 	 -0.12334730 	 -0.08754244 
12.62500000 	 -0.11130385 	 -0.10056239 
12.65000000 	 -0.09926040 	 -0.11293134 
12.67500000 	 -0.08591495 	 -0.12595129 
12.70000000 	 -0.07354600 	 -0.13799474 
12.72500000 	 -0.06085155 	 -0.15101468 
12.75000000 	 -0.04848260 	 -0.16338363 
12.77500000 	 -0.03611365 	 -0.17510158 
12.80000000 	 -0.02276821 	 -0.18812153 
12.82500000 	 -0.01105026 	 -0.19983948 
12.85000000 	 0.00196969 	 -0.21285943 
12.87500000 	 0.01433864 	 -0.22522838 
12.90000000 	 0.02670759 	 -0.23792283 
12.92500000 	 0.03940204 	 -0.25029178 
12.95000000 	 0.05177099 	 -0.26331172 
12.97500000 	 0.06446543 	 -0.27568067 
13.00000000 	 0.07618339 	 -0.28707313 
13.02500000 	 0.08887783 	 -0.29911658 
13.05000000 	 0.10124678 	 -0.31246202 
13.07500000 	 0.11361573 	 -0.32450547 
13.10000000 	 0.12663568 	 -0.33654892 
13.12500000 	 0.13867913 	 -0.34956887 
13.15000000 	 0.15072258 	 -0.36128682 
13.17500000 	 0.16374253 	 -0.37365577 
13.20000000 	 0.17578598 	 -0.38635022 
13.22500000 	 0.18782943 	 -0.39969566 
13.25000000 	 0.20019838 	 -0.41011162 
13.27500000 	 0.21191633 	 -0.42313157 
13.30000000 	 0.22493628 	 -0.43550052 
13.32500000 	 0.23697973 	 -0.44754397 
13.35000000 	 0.24934868 	 -0.46023842 
13.37500000 	 0.26171762 	 -0.47228187 
13.40000000 	 0.27441207 	 -0.48465082 
13.42500000 	 0.28613002 	 -0.49734526 
13.45000000 	 0.29882447 	 -0.50841222 
13.47500000 	 0.31086792 	 -0.52045567 
13.50000000 	 0.32291137 	 -0.53412661 
13.52500000 	 0.33528032 	 -0.54551907 
13.55000000 	 0.34732377 	 -0.55853901 
13.57500000 	 0.35936722 	 -0.56895497 
13.60000000 	 0.37141068 	 -0.58067292 
13.62500000 	 0.38377962 	 -0.59336737 
13.65000000 	 0.39614857 	 -0.60443433 
13.67500000 	 0.40754103 	 -0.61777977 
13.70000000 	 0.41990998 	 -0.62949772 
13.72500000 	 0.43195343 	 -0.64121567 
13.75000000 	 0.44399688 	 -0.65260813 
13.77500000 	 0.45604033 	 -0.66562807 
13.80000000 	 0.46775828 	 -0.67636953 
13.82500000 	 0.48077823 	 -0.68873848 
13.85000000 	 0.49184518 	 -0.70045643 
13.87500000 	 0.50388863 	 -0.71184888 
13.90000000 	 0.51528109 	 -0.72356684 
13.92500000 	 0.52765004 	 -0.73528479 
13.95000000 	 0.53936799 	 -0.74732824 
13.97500000 	 0.55141144 	 -0.75872069 
14.00000000 	 0.56280389 	 -0.77043864 
14.02500000 	 0.57484734 	 -0.78248210 
14.05000000 	 0.58623979 	 -0.79322355 
14.07500000 	 0.59893424 	 -0.80494150 
14.10000000 	 0.61032670 	 -0.81698495 
14.12500000 	 0.62171915 	 -0.82805191 
14.15000000 	 0.63311160 	 -0.83911886 
14.17500000 	 0.64450406 	 -0.85083682 
14.20000000 	 0.65622201 	 -0.86190377 
14.22500000 	 0.66826546 	 -0.87297072 
14.25000000 	 0.67900691 	 -0.88501418 
14.27500000 	 0.69170136 	 -0.89608113 
14.30000000 	 0.70309382 	 -0.90682259 
14.32500000 	 0.71448627 	 -0.91821504 
14.35000000 	 0.72522773 	 -0.92960749 
14.37500000 	 0.73727118 	 -0.94132544 
14.40000000 	 0.74833813 	 -0.95109040 
14.42500000 	 0.75907959 	 -0.96215736 
14.45000000 	 0.77079754 	 -0.97322431 
14.47500000 	 0.78251549 	 -0.98461677 
14.50000000 	 0.79325695 	 -0.99503272 
14.52500000 	 0.80432390 	 -1.00609968 
14.55000000 	 0.81604185 	 -1.01684113 
14.57500000 	 0.82645781 	 -1.02855909 
14.60000000 	 0.83817576 	 -1.03832405 
14.62500000 	 0.84859172 	 -1.04939100 
14.65000000 	 0.86063517 	 -1.05980696 
14.67500000 	 0.87040013 	 -1.07119941 
14.70000000 	 0.88179258 	 -1.08096437 
14.72500000 	 0.89253404 	 -1.09138033 
14.75000000 	 0.90425199 	 -1.10277278 
14.77500000 	 0.91466795 	 -1.11286324 
14.80000000 	 0.92606040 	 -1.12425569 
14.82500000 	 0.93647636 	 -1.13402065 
14.85000000 	 0.94656682 	 -1.14476211 
14.87500000 	 0.95730827 	 -1.15452707 
14.90000000 	 0.96837523 	 -1.16494303 
14.92500000 	 0.97879119 	 -1.17470799 
14.95000000 	 0.98985814 	 -1.18479845 
14.97500000 	 0.99864660 	 -1.19553990 
15.00000000 	 1.01003906 	 -1.20497936 
15.02500000 	 1.02045502 	 -1.21604632 
15.05000000 	 1.03021998 	 -1.22581128 
15.07500000 	 1.04128693 	 -1.23557624 
15.10000000 	 1.05170289 	 -1.24534120 
15.12500000 	 1.06244434 	 -1.25575716 
15.15000000 	 1.07220930 	 -1.26324362 
15.17500000 	 1.08262526 	 -1.27398508 
15.20000000 	 1.09239022 	 -1.28375004 
15.22500000 	 1.10248068 	 -1.29384050 
15.25000000 	 1.11224564 	 -1.30262896 
15.27500000 	 1.12233610 	 -1.31239392 
15.30000000 	 1.13242656 	 -1.32183338 
15.32500000 	 1.14186602 	 -1.33127285 
15.35000000 	 1.15195648 	 -1.34103781 
15.37500000 	 1.16204693 	 -1.35047727 
15.40000000 	 1.17181189 	 -1.36024223 
15.42500000 	 1.18125136 	 -1.36903069 
15.45000000 	 1.19166731 	 -1.37781916 
15.47500000 	 1.20110677 	 -1.38660762 
15.50000000 	 1.20956974 	 -1.39637258 
15.52500000 	 1.21900920 	 -1.40581204 
15.55000000 	 1.22942516 	 -1.41329851 
15.57500000 	 1.23853912 	 -1.42306347 
15.60000000 	 1.24732759 	 -1.43152644 
15.62500000 	 1.25741804 	 -1.43966390 
15.65000000 	 1.26620651 	 -1.44780137 
15.67500000 	 1.27597147 	 -1.45789183 
15.70000000 	 1.28443443 	 -1.46570380 
15.72500000 	 1.29289740 	 -1.47449226 
15.75000000 	 1.30233686 	 -1.48295522 
15.77500000 	 1.31210182 	 -1.49076719 
15.80000000 	 1.32056479 	 -1.50020665 
15.82500000 	 1.32935325 	 -1.50801862 
15.85000000 	 1.33749072 	 -1.51615609 
15.87500000 	 1.34660468 	 -1.52429355 
15.90000000 	 1.35571864 	 -1.53308202 
15.92500000 	 1.36320511 	 -1.54089399 
15.95000000 	 1.37297007 	 -1.54838046 
15.97500000 	 1.38143304 	 -1.55586693 
16.00000000 	 1.39022150 	 -1.56335339 
16.02500000 	 1.39868447 	 -1.57181636 
16.05000000 	 1.40649643 	 -1.58093032 
16.07500000 	 1.41463390 	 -1.58744030 
16.10000000 	 1.42374786 	 -1.59427577 
16.12500000 	 1.43155983 	 -1.60241323 
16.15000000 	 1.43937180 	 -1.60989970 
16.17500000 	 1.44718377 	 -1.61803717 
16.20000000 	 1.45597223 	 -1.62389615 
16.22500000 	 1.46378420 	 -1.63170811 
16.25000000 	 1.47192166 	 -1.64017108 
16.27500000 	 1.47843164 	 -1.64700655 
16.30000000 	 1.48689460 	 -1.65286553 
16.32500000 	 1.49470657 	 -1.66002650 
16.35000000 	 1.50186754 	 -1.66686197 
16.37500000 	 1.51000501 	 -1.67434844 
16.40000000 	 1.51749148 	 -1.68118391 
16.42500000 	 1.52497795 	 -1.68834488 
16.45000000 	 1.53148792 	 -1.69518035 
16.47500000 	 1.53897439 	 -1.70071383 
16.50000000 	 1.54646086 	 -1.70754930 
16.52500000 	 1.55394733 	 -1.71405928 
16.55000000 	 1.56078280 	 -1.72056925 
16.57500000 	 1.56859477 	 -1.72740472 
16.60000000 	 1.57575574 	 -1.73358920 
16.62500000 	 1.58259121 	 -1.73912267 
16.65000000 	 1.58877569 	 -1.74595815 
16.67500000 	 1.59528566 	 -1.75181712 
16.70000000 	 1.60277213 	 -1.75800160 
16.72500000 	 1.60928210 	 -1.76386057 
16.75000000 	 1.61546658 	 -1.77004505 
16.77500000 	 1.62165105 	 -1.77492753 
16.80000000 	 1.62848652 	 -1.78176300 
16.82500000 	 1.63532200 	 -1.78697098 
16.85000000 	 1.64118097 	 -1.79315545 
16.87500000 	 1.64736545 	 -1.79803793 
16.90000000 	 1.65322442 	 -1.80324591 
16.92500000 	 1.65940890 	 -1.80877939 
16.95000000 	 1.66591887 	 -1.81463836 
16.97500000 	 1.67177785 	 -1.81886985 
17.00000000 	 1.67763682 	 -1.82472882 
17.02500000 	 1.68317030 	 -1.82993680 
17.05000000 	 1.68968027 	 -1.83449378 
17.07500000 	 1.69456275 	 -1.84100376 
17.10000000 	 1.70074723 	 -1.84523524 
17.12500000 	 1.70628070 	 -1.85011772 
17.15000000 	 1.71181418 	 -1.85434920 
17.17500000 	 1.71734766 	 -1.85825519 
17.20000000 	 1.72288114 	 -1.86313767 
17.22500000 	 1.72776362 	 -1.86736915 
17.25000000 	 1.73329709 	 -1.87225163 
17.27500000 	 1.73817957 	 -1.87583211 
17.30000000 	 1.74306205 	 -1.88136559 
17.32500000 	 1.74761903 	 -1.88527158 
17.35000000 	 1.75282701 	 -1.88820106 
17.37500000 	 1.75770949 	 -1.89373454 
17.40000000 	 1.76259197 	 -1.89698953 
17.42500000 	 1.76682346 	 -1.90154651 
17.45000000 	 1.77235693 	 -1.90545249 
17.47500000 	 1.77626292 	 -1.90838198 
17.50000000 	 1.78114540 	 -1.91293896 
17.52500000 	 1.78602788 	 -1.91651945 
17.55000000 	 1.78895737 	 -1.92009993 
17.57500000 	 1.79383985 	 -1.92335492 
17.60000000 	 1.79839683 	 -1.92595891 
17.62500000 	 1.80230281 	 -1.92953939 
17.65000000 	 1.80653429 	 -1.93344538 
17.67500000 	 1.81011478 	 -1.93670036 
17.70000000 	 1.81434626 	 -1.93995535 
17.72500000 	 1.81760125 	 -1.94190834 
17.75000000 	 1.82183273 	 -1.94548883 
17.77500000 	 1.82541322 	 -1.94874382 
17.80000000 	 1.82801721 	 -1.95134780 
17.82500000 	 1.83257419 	 -1.95427729 
17.85000000 	 1.83615467 	 -1.95720678 
17.87500000 	 1.83940966 	 -1.95818328 
17.90000000 	 1.84299014 	 -1.96111276 
17.92500000 	 1.84624513 	 -1.96404225 
17.95000000 	 1.84884912 	 -1.96697174 
17.97500000 	 1.85177861 	 -1.96827374 
18.00000000 	 1.85503359 	 -1.96990123 
18.02500000 	 1.85763758 	 -1.97185422 
18.05000000 	 1.86121807 	 -1.97413271 
18.07500000 	 1.86349656 	 -1.97641120 
18.10000000 	 1.86610055 	 -1.97868969 
18.12500000 	 1.86903004 	 -1.98031719 
18.15000000 	 1.87130853 	 -1.98161918 
18.17500000 	 1.87391252 	 -1.98259568 
18.20000000 	 1.87619101 	 -1.98585066 
18.22500000 	 1.87879500 	 -1.98650166 
18.25000000 	 1.88042249 	 -1.98780366 
18.27500000 	 1.88302648 	 -1.98975665 
18.30000000 	 1.88497947 	 -1.99138414 
18.32500000 	 1.88693246 	 -1.99170964 
18.35000000 	 1.88921095 	 -1.99268614 
18.37500000 	 1.89083845 	 -1.99431363 
18.40000000 	 1.89246594 	 -1.99431363 
18.42500000 	 1.89441893 	 -1.99594112 
18.45000000 	 1.89604643 	 -1.99659212 
18.47500000 	 1.89734842 	 -1.99756862 
18.50000000 	 1.89832492 	 -1.99756862 
18.52500000 	 1.90027791 	 -1.99724312 
18.55000000 	 1.90092891 	 -1.99789411 
18.57500000 	 1.90320740 	 -1.99919611 
18.60000000 	 1.90385839 	 -1.99854511 
18.62500000 	 1.90483489 	 -1.99821961 
18.65000000 	 1.90516039 	 -1.99984711 
18.67500000 	 1.90678788 	 -1.99887061 
18.70000000 	 1.90678788 	 -1.99919611 
18.72500000 	 1.90808988 	 -1.99952161 
18.75000000 	 1.90874087 	 -1.99984711 
18.77500000 	 1.90874087 	 -1.99952161 
18.80000000 	 1.91004287 	 -1.99854511 
18.82500000 	 1.91004287 	 -1.99756862 
18.85000000 	 1.91069387 	 -1.99789411 
18.87500000 	 1.91101937 	 -1.99724312 
18.90000000 	 1.91004287 	 -1.99594112 
18.92500000 	 1.91036837 	 -1.99561562 
18.95000000 	 1.91069387 	 -1.99463913 
18.97500000 	 1.91101937 	 -1.99463913 
19.00000000 	 1.91069387 	 -1.99333713 
19.02500000 	 1.91069387 	 -1.99203514 
19.05000000 	 1.91069387 	 -1.99073314 
19.07500000 	 1.91036837 	 -1.98943115 
19.10000000 	 1.90939187 	 -1.98878015 
19.12500000 	 1.90841538 	 -1.98650166 
19.15000000 	 1.90808988 	 -1.98552516 
19.17500000 	 1.90808988 	 -1.98357217 
19.20000000 	 1.90711338 	 -1.98161918 
19.22500000 	 1.90548589 	 -1.98064268 
19.25000000 	 1.90483489 	 -1.97934069 
19.27500000 	 1.90418389 	 -1.97673670 
19.30000000 	 1.90255640 	 -1.97510921 
19.32500000 	 1.90223090 	 -1.97217972 
19.35000000 	 1.90060341 	 -1.97087772 
19.37500000 	 1.89962691 	 -1.96859923 
19.40000000 	 1.89865042 	 -1.96599524 
19.42500000 	 1.89637193 	 -1.96469325 
19.45000000 	 1.89441893 	 -1.96241476 
19.47500000 	 1.89311694 	 -1.95883427 
19.50000000 	 1.89148945 	 -1.95557929 
19.52500000 	 1.88986195 	 -1.95395179 
19.55000000 	 1.88758346 	 -1.95134780 
19.57500000 	 1.88628147 	 -1.94809282 
19.60000000 	 1.88335198 	 -1.94581433 
19.62500000 	 1.88107349 	 -1.94353584 
19.65000000 	 1.87944599 	 -1.93897886 
19.67500000 	 1.87749300 	 -1.93735136 
19.70000000 	 1.87456351 	 -1.93344538 
19.72500000 	 1.87261052 	 -1.93051589 
19.75000000 	 1.87033203 	 -1.92628441 
19.77500000 	 1.86707705 	 -1.92400592 
19.80000000 	 1.86414756 	 -1.91977443 
19.82500000 	 1.86186907 	 -1.91684495 
19.85000000 	 1.85959058 	 -1.91261346 
19.87500000 	 1.85633559 	 -1.90935848 
19.90000000 	 1.85340610 	 -1.90577799 
19.92500000 	 1.85080211 	 -1.90187201 
19.95000000 	 1.84754713 	 -1.89796602 
19.97500000 	 1.84429214 	 -1.89406004 
20.00000000 	 1.84038615 	 -1.88982856 
20.02500000 	 1.83843316 	 -1.88559707 
20.05000000 	 1.83387618 	 -1.88169109 
20.07500000 	 1.83062119 	 -1.87648311 
20.10000000 	 1.82736621 	 -1.87257713 
20.12500000 	 1.82378572 	 -1.86834564 
20.15000000 	 1.81922874 	 -1.86346316 
20.17500000 	 1.81564826 	 -1.85890618 
20.20000000 	 1.81239327 	 -1.85402370 
20.22500000 	 1.80751079 	 -1.85011772 
20.25000000 	 1.80393030 	 -1.84425874 
20.27500000 	 1.79969882 	 -1.84035276 
20.30000000 	 1.79546734 	 -1.83416828 
20.32500000 	 1.79091036 	 -1.82961130 
20.35000000 	 1.78700437 	 -1.82472882 
20.37500000 	 1.78277289 	 -1.82017184 
20.40000000 	 1.77821591 	 -1.81366187 
20.42500000 	 1.77365893 	 -1.80943039 
20.45000000 	 1.76942745 	 -1.80454791 
20.47500000 	 1.76454497 	 -1.79836343 
20.50000000 	 1.76031348 	 -1.79282995 
20.52500000 	 1.75478001 	 -1.78762198 
20.55000000 	 1.75022302 	 -1.78241400 
20.57500000 	 1.74599154 	 -1.77622952 
20.60000000 	 1.74013257 	 -1.77037055 
20.62500000 	 1.73525009 	 -1.76386057 
20.65000000 	 1.72939111 	 -1.75865259 
20.67500000 	 1.72483413 	 -1.75246812 
20.70000000 	 1.71962615 	 -1.74660914 
20.72500000 	 1.71409267 	 -1.73977367 
20.75000000 	 1.70758270 	 -1.73326370 
20.77500000 	 1.70270022 	 -1.72773022 
20.80000000 	 1.69716674 	 -1.72056925 
20.82500000 	 1.69195876 	 -1.71471027 
20.85000000 	 1.68544879 	 -1.70787480 
20.87500000 	 1.68024081 	 -1.70136483 
20.90000000 	 1.67405634 	 -1.69583135 
20.92500000 	 1.66884836 	 -1.68801938 
20.95000000 	 1.66233838 	 -1.68248591 
20.97500000 	 1.65615391 	 -1.67402294 
21.00000000 	 1.65062043 	 -1.66718747 
21.02500000 	 1.64411046 	 -1.66035200 
21.05000000 	 1.63727499 	 -1.65351653 
21.07500000 	 1.63109051 	 -1.64603006 
21.10000000 	 1.62458054 	 -1.64017108 
21.12500000 	 1.61839606 	 -1.63203361 
21.15000000 	 1.61188609 	 -1.62487264 
21.17500000 	 1.60439962 	 -1.61803717 
21.20000000 	 1.59821515 	 -1.60989970 
21.22500000 	 1.59105418 	 -1.60338973 
21.25000000 	 1.58421870 	 -1.59557776 
21.27500000 	 1.57803423 	 -1.58744030 
21.30000000 	 1.57087326 	 -1.57995383 
21.32500000 	 1.56371229 	 -1.57246736 
21.35000000 	 1.55590032 	 -1.56367889 
21.37500000 	 1.54906485 	 -1.55651792 
21.40000000 	 1.54255488 	 -1.54870595 
21.42500000 	 1.53474291 	 -1.54056849 
21.45000000 	 1.52758194 	 -1.53373302 
21.47500000 	 1.52009547 	 -1.52429355 
21.50000000 	 1.51260900 	 -1.51583059 
21.52500000 	 1.50479703 	 -1.50932062 
21.55000000 	 1.49698506 	 -1.50020665 
21.57500000 	 1.48949859 	 -1.49141819 
21.60000000 	 1.48201212 	 -1.48295522 
21.62500000 	 1.47354916 	 -1.47449226 
21.65000000 	 1.46573719 	 -1.46602929 
21.67500000 	 1.45857622 	 -1.45724083 
21.70000000 	 1.45043875 	 -1.44877786 
21.72500000 	 1.44262678 	 -1.44064040 
21.75000000 	 1.43416382 	 -1.43087544 
21.77500000 	 1.42602635 	 -1.42241247 
21.80000000 	 1.41788889 	 -1.41297301 
21.82500000 	 1.40975142 	 -1.40548654 
21.85000000 	 1.40161395 	 -1.39572158 
21.87500000 	 1.39282549 	 -1.38628212 
21.90000000 	 1.38533902 	 -1.37879565 
21.92500000 	 1.37687605 	 -1.36837969 
21.95000000 	 1.36776209 	 -1.35926573 
21.97500000 	 1.35929913 	 -1.35015177 
22.00000000 	 1.34985967 	 -1.34136330 
22.02500000 	 1.34139670 	 -1.33159834 
22.05000000 	 1.33325923 	 -1.32346088 
22.07500000 	 1.32349427 	 -1.31304492 
22.10000000 	 1.31503131 	 -1.30295446 
22.12500000 	 1.30624284 	 -1.29384050 
22.15000000 	 1.29680338 	 -1.28375004 
22.17500000 	 1.28768942 	 -1.27365958 
22.20000000 	 1.27955195 	 -1.26422012 
22.22500000 	 1.26946149 	 -1.25510616 
22.25000000 	 1.26034753 	 -1.24534120 
22.27500000 	 1.25123357 	 -1.23557624 
22.30000000 	 1.24179411 	 -1.22450928 
22.32500000 	 1.23268015 	 -1.21506982 
22.35000000 	 1.22291519 	 -1.20563036 
22.37500000 	 1.21412672 	 -1.19456341 
22.40000000 	 1.20436176 	 -1.18544944 
22.42500000 	 1.19459680 	 -1.17470799 
22.45000000 	 1.18450634 	 -1.16494303 
22.47500000 	 1.17506688 	 -1.15420157 
22.50000000 	 1.16530192 	 -1.14443661 
22.52500000 	 1.15553696 	 -1.13336966 
22.55000000 	 1.14609750 	 -1.12458119 
22.57500000 	 1.13568154 	 -1.11318874 
22.60000000 	 1.12591658 	 -1.10244728 
22.62500000 	 1.11517513 	 -1.09235683 
22.65000000 	 1.10541017 	 -1.08194087 
22.67500000 	 1.09564521 	 -1.07087391 
22.70000000 	 1.08555475 	 -1.06045796 
22.72500000 	 1.07546429 	 -1.05069300 
22.75000000 	 1.06602483 	 -1.03962604 
22.77500000 	 1.05528337 	 -1.02855909 
22.80000000 	 1.04454192 	 -1.01781763 
22.82500000 	 1.03445146 	 -1.00675068 
22.85000000 	 1.02403550 	 -0.99535822 
22.87500000 	 1.01394504 	 -0.98461677 
22.90000000 	 1.00287809 	 -0.97354981 
22.92500000 	 0.99311313 	 -0.96411035 
22.95000000 	 0.98237167 	 -0.95174140 
22.97500000 	 0.97195571 	 -0.94132544 
23.00000000 	 0.96088876 	 -0.93025849 
23.02500000 	 0.94949631 	 -0.91886604 
23.05000000 	 0.93973135 	 -0.90779908 
23.07500000 	 0.92833889 	 -0.89575563 
23.10000000 	 0.91857393 	 -0.88566517 
23.12500000 	 0.90750698 	 -0.87297072 
23.15000000 	 0.89611452 	 -0.86157827 
23.17500000 	 0.88504757 	 -0.85083682 
23.20000000 	 0.87430611 	 -0.83944436 
23.22500000 	 0.86389016 	 -0.82772641 
23.25000000 	 0.85217220 	 -0.81698495 
23.27500000 	 0.84077975 	 -0.80559250 
23.30000000 	 0.83003830 	 -0.79354905 
23.32500000 	 0.81929684 	 -0.78183110 
23.35000000 	 0.80855538 	 -0.77043864 
23.37500000 	 0.79683743 	 -0.75872069 
23.40000000 	 0.78544498 	 -0.74732824 
23.42500000 	 0.77340153 	 -0.73495929 
23.45000000 	 0.76233457 	 -0.72389234 
23.47500000 	 0.75094212 	 -0.71184888 
23.50000000 	 0.73987517 	 -0.70013093 
23.52500000 	 0.72848271 	 -0.68906398 
23.55000000 	 0.71676476 	 -0.67669503 
23.57500000 	 0.70439581 	 -0.66465158 
23.60000000 	 0.69430535 	 -0.65325912 
23.62500000 	 0.68226190 	 -0.64154117 
23.65000000 	 0.67021845 	 -0.62982322 
23.67500000 	 0.65882600 	 -0.61680327 
23.70000000 	 0.64710805 	 -0.60606182 
23.72500000 	 0.63539009 	 -0.59401837 
23.75000000 	 0.62399764 	 -0.58067292 
23.77500000 	 0.61195419 	 -0.56960597 
23.80000000 	 0.60056174 	 -0.55788802 
23.82500000 	 0.58851829 	 -0.54519357 
23.85000000 	 0.57680033 	 -0.53282462 
23.87500000 	 0.56540788 	 -0.52175766 
23.90000000 	 0.55336443 	 -0.50841222 
23.92500000 	 0.54132098 	 -0.49604327 
23.95000000 	 0.52927753 	 -0.48562731 
23.97500000 	 0.51690858 	 -0.47228187 
24.00000000 	 0.50584162 	 -0.45991292 
24.02500000 	 0.49347268 	 -0.44786947 
24.05000000 	 0.48142922 	 -0.43484952 
24.07500000 	 0.46906028 	 -0.42280607 
24.10000000 	 0.45701682 	 -0.41076262 
24.12500000 	 0.44594987 	 -0.39871917 
24.15000000 	 0.43292992 	 -0.38635022 
24.17500000 	 0.42056097 	 -0.37398127 
24.20000000 	 0.40916852 	 -0.36323981 
24.22500000 	 0.39712507 	 -0.35021987 
24.25000000 	 0.38377962 	 -0.33687442 
24.27500000 	 0.37206167 	 -0.32385448 
24.30000000 	 0.36001822 	 -0.31181102 
24.32500000 	 0.34797477 	 -0.30009307 
24.35000000 	 0.33528032 	 -0.28739862 
24.37500000 	 0.32323687 	 -0.27405318 
24.40000000 	 0.31119342 	 -0.26200973 
24.42500000 	 0.29849897 	 -0.25029178 
24.45000000 	 0.28645552 	 -0.23759733 
24.47500000 	 0.27473757 	 -0.22457738 
24.50000000 	 0.26139213 	 -0.21285943 
24.52500000 	 0.24934868 	 -0.20049048 
24.55000000 	 0.23730523 	 -0.18779603 
24.57500000 	 0.22395978 	 -0.17542708 
24.60000000 	 0.21159083 	 -0.16240714 
24.62500000 	 0.19857088 	 -0.15068918 
24.65000000 	 0.18815493 	 -0.13734374 
24.67500000 	 0.17448398 	 -0.12562579 
24.70000000 	 0.16276603 	 -0.11260584 
24.72500000 	 0.15007158 	 -0.10023689 
24.75000000 	 0.13737713 	 -0.08786794 
24.77500000 	 0.12468269 	 -0.07517349 
24.80000000 	 0.11166274 	 -0.06280454 
24.82500000 	 0.09961929 	 -0.04978460 
24.85000000 	 0.08855233 	 -0.03709015 
24.87500000 	 0.07455589 	 -0.02472120 
24.90000000 	 0.06251244 	 -0.01332875 
24.92500000 	 0.04981799 	 -0.00063430 
24.95000000 	 0.03744904 	 0.01303664 
24.97500000 	 0.02410360 	 0.02475460 
25.00000000 	 0.01238565 	 0.03777454 
25.02500000 	 -0.00030880 	 0.05079449 
25.05000000 	 -0.01300325 	 0.06283794 
25.07500000 	 -0.02602320 	 0.07585789 
25.10000000 	 -0.03806665 	 0.08822684 
25.12500000 	 -0.05141209 	 0.09961929 
25.15000000 	 -0.06378104 	 0.11263924 
25.17500000 	 -0.07614999 	 0.12565918 
25.20000000 	 -0.08884444 	 0.13867913 
25.22500000 	 -0.10121339 	 0.15104808 
25.25000000 	 -0.11423333 	 0.16341703 
25.27500000 	 -0.12595129 	 0.17546048 
25.30000000 	 -0.13962223 	 0.18750393 
25.32500000 	 -0.15199118 	 0.20150037 
25.35000000 	 -0.16436013 	 0.21354382 
25.37500000 	 -0.17770557 	 0.22558727 
25.40000000 	 -0.18942353 	 0.23763072 
25.42500000 	 -0.20179248 	 0.25065067 
25.45000000 	 -0.21416142 	 0.26269412 
25.47500000 	 -0.22718137 	 0.27538857 
25.50000000 	 -0.23922482 	 0.28743202 
25.52500000 	 -0.25191927 	 0.29980097 
25.55000000 	 -0.26396272 	 0.31216992 
25.57500000 	 -0.27665717 	 0.32486437 
25.60000000 	 -0.28967712 	 0.33690782 
25.62500000 	 -0.30139507 	 0.34960226 
25.65000000 	 -0.31441501 	 0.36262221 
25.67500000 	 -0.32678396 	 0.37466566 
25.70000000 	 -0.33882741 	 0.38638361 
25.72500000 	 -0.35054537 	 0.39907806 
25.75000000 	 -0.36356531 	 0.41144701 
25.77500000 	 -0.37593426 	 0.42349046 
25.80000000 	 -0.38797771 	 0.43553391 
25.82500000 	 -0.40099766 	 0.44790286 
25.85000000 	 -0.41336661 	 0.46059731 
25.87500000 	 -0.42475906 	 0.47231526 
25.90000000 	 -0.43647701 	 0.48500971 
25.92500000 	 -0.44982246 	 0.49737866 
25.95000000 	 -0.46186591 	 0.50909661 
25.97500000 	 -0.47423486 	 0.52048906 
26.00000000 	 -0.48562731 	 0.53253252 
26.02500000 	 -0.49864726 	 0.54555246 
26.05000000 	 -0.51003971 	 0.55694491 
26.07500000 	 -0.52208316 	 0.56898837 
26.10000000 	 -0.53477761 	 0.58103182 
26.12500000 	 -0.54682106 	 0.59340077 
26.15000000 	 -0.55951551 	 0.60576971 
26.17500000 	 -0.57090796 	 0.61716217 
26.20000000 	 -0.58230042 	 0.62888012 
26.22500000 	 -0.59499486 	 0.64124907 
26.25000000 	 -0.60703831 	 0.65329252 
26.27500000 	 -0.61908177 	 0.66468497 
26.30000000 	 -0.63112522 	 0.67672842 
26.32500000 	 -0.64349416 	 0.68909737 
26.35000000 	 -0.65456112 	 0.69983883 
26.37500000 	 -0.66693007 	 0.71155678 
26.40000000 	 -0.67962452 	 0.72425123 
26.42500000 	 -0.69134247 	 0.73564368 
26.45000000 	 -0.70240942 	 0.74703614 
26.47500000 	 -0.71412738 	 0.75875409 
26.50000000 	 -0.72551983 	 0.77047204 
26.52500000 	 -0.73853978 	 0.78251549 
26.55000000 	 -0.74863023 	 0.79228045 
26.57500000 	 -0.76165018 	 0.80399840 
26.60000000 	 -0.77336813 	 0.81604185 
26.62500000 	 -0.78443509 	 0.82743431 
26.65000000 	 -0.79647854 	 0.83882676 
26.67500000 	 -0.80689450 	 0.85087021 
26.70000000 	 -0.81926344 	 0.86226266 
26.72500000 	 -0.83130690 	 0.87365512 
26.75000000 	 -0.84172285 	 0.88407107 
26.77500000 	 -0.85409180 	 0.89578903 
26.80000000 	 -0.86548426 	 0.90685598 
26.82500000 	 -0.87655121 	 0.91857393 
26.85000000 	 -0.88826916 	 0.92898989 
26.87500000 	 -0.89901062 	 0.94070784 
26.90000000 	 -0.91040307 	 0.95144930 
26.92500000 	 -0.92212102 	 0.96284175 
26.95000000 	 -0.93383897 	 0.97423420 
26.97500000 	 -0.94523143 	 0.98497566 
27.00000000 	 -0.95629838 	 0.99539162 
27.02500000 	 -0.96606334 	 1.00613307 
27.05000000 	 -0.97810679 	 1.01720003 
27.07500000 	 -0.98917375 	 1.02794148 
27.10000000 	 -1.00056620 	 1.03933394 
27.12500000 	 -1.01163316 	 1.04974990 
27.15000000 	 -1.02302561 	 1.06049135 
27.17500000 	 -1.03311607 	 1.07090731 
27.20000000 	 -1.04418302 	 1.08099777 
27.22500000 	 -1.05557548 	 1.09173922 
27.25000000 	 -1.06566593 	 1.10280618 
27.27500000 	 -1.07738389 	 1.11257114 
27.30000000 	 -1.08812534 	 1.12331259 
27.32500000 	 -1.09854130 	 1.13340305 
27.35000000 	 -1.10993375 	 1.14414451 
27.37500000 	 -1.11904772 	 1.15488596 
27.40000000 	 -1.13044017 	 1.16465092 
27.42500000 	 -1.14085613 	 1.17376489 
27.45000000 	 -1.15159758 	 1.18483184 
27.47500000 	 -1.16233904 	 1.19524780 
27.50000000 	 -1.17242950 	 1.20501276 
27.52500000 	 -1.18219446 	 1.21445222 
27.55000000 	 -1.19391241 	 1.22454268 
27.57500000 	 -1.20400287 	 1.23430764 
27.60000000 	 -1.21376783 	 1.24472360 
27.62500000 	 -1.22418378 	 1.25513955 
27.65000000 	 -1.23427424 	 1.26425352 
27.67500000 	 -1.24501570 	 1.27336748 
27.70000000 	 -1.25510616 	 1.28345794 
27.72500000 	 -1.26422012 	 1.29387389 
27.75000000 	 -1.27463608 	 1.30233686 
27.77500000 	 -1.28505204 	 1.31242732 
27.80000000 	 -1.29449150 	 1.32121578 
27.82500000 	 -1.30425646 	 1.33098074 
27.85000000 	 -1.31402142 	 1.34074570 
27.87500000 	 -1.32346088 	 1.35018516 
27.90000000 	 -1.33290034 	 1.35897363 
27.92500000 	 -1.34364180 	 1.36808759 
27.95000000 	 -1.35308126 	 1.37687605 
27.97500000 	 -1.36317172 	 1.38631552 
28.00000000 	 -1.37196018 	 1.39575498 
28.02500000 	 -1.38139964 	 1.40389244 
28.05000000 	 -1.39149010 	 1.41235541 
28.07500000 	 -1.40060406 	 1.42244587 
28.10000000 	 -1.41036902 	 1.43090883 
28.12500000 	 -1.41915749 	 1.43937180 
28.15000000 	 -1.42794595 	 1.44848576 
28.17500000 	 -1.43738541 	 1.45694873 
28.20000000 	 -1.44715037 	 1.46541169 
28.22500000 	 -1.45561334 	 1.47452565 
28.25000000 	 -1.46472730 	 1.48201212 
28.27500000 	 -1.47384126 	 1.49047509 
28.30000000 	 -1.48230423 	 1.49926355 
28.32500000 	 -1.49141819 	 1.50740102 
28.35000000 	 -1.49988115 	 1.51586398 
28.37500000 	 -1.50932062 	 1.52465245 
28.40000000 	 -1.51713258 	 1.53246442 
28.42500000 	 -1.52657205 	 1.53929989 
28.45000000 	 -1.53503501 	 1.54808835 
28.47500000 	 -1.54382347 	 1.55622582 
28.50000000 	 -1.55196094 	 1.56403779 
28.52500000 	 -1.56042391 	 1.57184976 
28.55000000 	 -1.56888687 	 1.57933622 
28.57500000 	 -1.57734984 	 1.58714819 
28.60000000 	 -1.58516181 	 1.59496016 
28.62500000 	 -1.59362477 	 1.60179563 
28.65000000 	 -1.60143674 	 1.60928210 
28.67500000 	 -1.60924871 	 1.61709407 
28.70000000 	 -1.61673518 	 1.62392954 
28.72500000 	 -1.62487264 	 1.63141601 
28.75000000 	 -1.63235911 	 1.63857698 
28.77500000 	 -1.64114758 	 1.64573795 
28.80000000 	 -1.64863405 	 1.65257342 
28.82500000 	 -1.65579502 	 1.66038539 
28.85000000 	 -1.66393248 	 1.66754636 
28.87500000 	 -1.67044246 	 1.67307984 
28.90000000 	 -1.67955642 	 1.68121731 
28.92500000 	 -1.68736839 	 1.68772728 
28.95000000 	 -1.69387836 	 1.69586475 
28.97500000 	 -1.70169033 	 1.70042173 
29.00000000 	 -1.70852580 	 1.70725720 
29.02500000 	 -1.71503577 	 1.71474367 
29.05000000 	 -1.72349874 	 1.72092814 
29.07500000 	 -1.73033421 	 1.72743812 
29.10000000 	 -1.73651869 	 1.73232060 
29.12500000 	 -1.74400515 	 1.73817957 
29.15000000 	 -1.75116613 	 1.74501505 
29.17500000 	 -1.75702510 	 1.75152502 
29.20000000 	 -1.76386057 	 1.75738399 
29.22500000 	 -1.77069605 	 1.76356847 
29.25000000 	 -1.77720602 	 1.76975294 
29.27500000 	 -1.78469249 	 1.77496092 
29.30000000 	 -1.79087696 	 1.78049440 
29.32500000 	 -1.79673594 	 1.78700437 
29.35000000 	 -1.80324591 	 1.79221235 
29.37500000 	 -1.80910489 	 1.79839683 
29.40000000 	 -1.81594036 	 1.80327931 
29.42500000 	 -1.82147384 	 1.80978928 
29.45000000 	 -1.82733281 	 1.81336977 
29.47500000 	 -1.83351729 	 1.81922874 
29.50000000 	 -1.83970176 	 1.82378572 
29.52500000 	 -1.84523524 	 1.82964470 
29.55000000 	 -1.85076872 	 1.83452718 
29.57500000 	 -1.85630219 	 1.83940966 
29.60000000 	 -1.86216117 	 1.84429214 
29.62500000 	 -1.86834564 	 1.84982562 
29.65000000 	 -1.87420462 	 1.85405710 
29.67500000 	 -1.87941260 	 1.85893958 
29.70000000 	 -1.88429508 	 1.86317106 
29.72500000 	 -1.88885206 	 1.86805354 
29.75000000 	 -1.89438554 	 1.87163403 
29.77500000 	 -1.89991902 	 1.87651651 
29.80000000 	 -1.90447600 	 1.88107349 
29.82500000 	 -1.91000947 	 1.88530497 
29.85000000 	 -1.91489195 	 1.88921095 
29.87500000 	 -1.92042543 	 1.89311694 
29.90000000 	 -1.92465691 	 1.89734842 
29.92500000 	 -1.92953939 	 1.90060341 
29.95000000 	 -1.93279438 	 1.90548589 
29.97500000 	 -1.93832786 	 1.90874087 
30.00000000 	 -1.94288484 	 1.91232136 
30.02500000 	 -1.94744182 	 1.91557635 
30.05000000 	 -1.95167330 	 1.91980783 
30.07500000 	 -1.95557929 	 1.92306282 
30.10000000 	 -1.96078727 	 1.92664330 
30.12500000 	 -1.96469325 	 1.92989829 
30.15000000 	 -1.96827374 	 1.93380427 
30.17500000 	 -1.97283072 	 1.93608276 
30.20000000 	 -1.97641120 	 1.93868675 
30.22500000 	 -1.98031719 	 1.94194174 
30.25000000 	 -1.98389767 	 1.94519673 
30.27500000 	 -1.98747816 	 1.94812621 
30.30000000 	 -1.99170964 	 1.95138120 
30.32500000 	 -1.99496463 	 1.95398519 
30.35000000 	 -1.99854511 	 1.95626368 
30.37500000 	 -2.00114910 	 1.95821667 
30.40000000 	 -2.00440409 	 1.96049516 
30.42500000 	 -2.00798457 	 1.96375015 
30.45000000 	 -2.01091406 	 1.96602864 
30.47500000 	 -2.01384355 	 1.96895813 
30.50000000 	 -2.01644754 	 1.96993462 
30.52500000 	 -2.02002802 	 1.97253861 
30.55000000 	 -2.02230651 	 1.97318961 
30.57500000 	 -2.02523600 	 1.97644460 
30.60000000 	 -2.02751449 	 1.97839759 
30.62500000 	 -2.03109498 	 1.97937409 
30.65000000 	 -2.03337347 	 1.98197807 
30.67500000 	 -2.03597746 	 1.98328007 
30.70000000 	 -2.03825595 	 1.98588406 
30.72500000 	 -2.03988344 	 1.98718605 
30.75000000 	 -2.04281293 	 1.98751155 
30.77500000 	 -2.04476592 	 1.98946454 
30.80000000 	 -2.04704441 	 1.99076654 
30.82500000 	 -2.04899740 	 1.99109204 
30.85000000 	 -2.05029940 	 1.99174303 
30.87500000 	 -2.05192689 	 1.99271953 
30.90000000 	 -2.05420538 	 1.99467252 
30.92500000 	 -2.05648387 	 1.99499802 
30.95000000 	 -2.05713487 	 1.99597452 
30.97500000 	 -2.05876236 	 1.99695101 
31.00000000 	 -2.06071536 	 1.99695101 
31.02500000 	 -2.06169185 	 1.99727651 
31.05000000 	 -2.06397034 	 1.99825301 
31.07500000 	 -2.06429584 	 1.99857851 
31.10000000 	 -2.06592334 	 1.99825301 
31.12500000 	 -2.06624883 	 1.99857851 
31.15000000 	 -2.06722533 	 1.99792751 
31.17500000 	 -2.06885282 	 1.99955500 
31.20000000 	 -2.06917832 	 1.99890400 
31.22500000 	 -2.07048032 	 1.99890400 
31.25000000 	 -2.07015482 	 1.99890400 
31.27500000 	 -2.07113131 	 1.99857851 
31.30000000 	 -2.07178231 	 1.99760201 
31.32500000 	 -2.07178231 	 1.99792751 
31.35000000 	 -2.07210781 	 1.99695101 
31.37500000 	 -2.07210781 	 1.99597452 
31.40000000 	 -2.07243331 	 1.99597452 
31.42500000 	 -2.07275881 	 1.99499802 
31.45000000 	 -2.07275881 	 1.99499802 
31.47500000 	 -2.07340980 	 1.99337053 
31.50000000 	 -2.07275881 	 1.99271953 
31.52500000 	 -2.07210781 	 1.99044104 
31.55000000 	 -2.07243331 	 1.98979004 
31.57500000 	 -2.07243331 	 1.98913904 
31.60000000 	 -2.07113131 	 1.98718605 
31.62500000 	 -2.07145681 	 1.98686055 
31.65000000 	 -2.07015482 	 1.98555856 
31.67500000 	 -2.07015482 	 1.98393107 
31.70000000 	 -2.06852732 	 1.98197807 
31.72500000 	 -2.06885282 	 1.97904859 
31.75000000 	 -2.06722533 	 1.97774659 
31.77500000 	 -2.06592334 	 1.97514260 
31.80000000 	 -2.06527234 	 1.97351511 
31.82500000 	 -2.06397034 	 1.97221311 
31.85000000 	 -2.06234285 	 1.96993462 
31.87500000 	 -2.06169185 	 1.96765613 
31.90000000 	 -2.05973886 	 1.96537764 
31.92500000 	 -2.05778587 	 1.96342465 
31.95000000 	 -2.05648387 	 1.96082066 
31.97500000 	 -2.05518188 	 1.95886767 
32.00000000 	 -2.05290339 	 1.95593818 
32.02500000 	 -2.05127590 	 1.95333419 
32.05000000 	 -2.04932290 	 1.95040470 
32.07500000 	 -2.04802091 	 1.94747522 
32.10000000 	 -2.04574242 	 1.94487123 
32.12500000 	 -2.04346393 	 1.94161624 
32.15000000 	 -2.04085994 	 1.93901225 
32.17500000 	 -2.03955794 	 1.93640826 
32.20000000 	 -2.03630296 	 1.93282778 
32.22500000 	 -2.03467546 	 1.92989829 
32.25000000 	 -2.03174598 	 1.92631780 
32.27500000 	 -2.02946748 	 1.92371381 
32.30000000 	 -2.02653800 	 1.91980783 
32.32500000 	 -2.02393401 	 1.91622734 
32.35000000 	 -2.02067902 	 1.91264686 
32.37500000 	 -2.01807503 	 1.90939187 
32.40000000 	 -2.01547104 	 1.90581139 
32.42500000 	 -2.01286705 	 1.90157990 
32.45000000 	 -2.00993756 	 1.89669742 
32.47500000 	 -2.00538058 	 1.89376794 
32.50000000 	 -2.00277659 	 1.88855996 
32.52500000 	 -1.99952161 	 1.88628147 
32.55000000 	 -1.99529012 	 1.88074799 
32.57500000 	 -1.99236064 	 1.87651651 
32.60000000 	 -1.98878015 	 1.87195953 
32.62500000 	 -1.98519967 	 1.86837904 
32.65000000 	 -1.98194468 	 1.86349656 
32.67500000 	 -1.97771320 	 1.85828858 
32.70000000 	 -1.97380721 	 1.85438260 
32.72500000 	 -1.96925023 	 1.84917462 
32.75000000 	 -1.96534425 	 1.84461764 
32.77500000 	 -1.96208926 	 1.83875866 
32.80000000 	 -1.95785778 	 1.83485268 
32.82500000 	 -1.95264980 	 1.82899370 
32.85000000 	 -1.94874382 	 1.82411122 
32.87500000 	 -1.94516333 	 1.81955424 
32.90000000 	 -1.94028085 	 1.81402076 
32.92500000 	 -1.93572387 	 1.80881278 
32.95000000 	 -1.93051589 	 1.80393030 
32.97500000 	 -1.92628441 	 1.79709483 
33.00000000 	 -1.92172743 	 1.79221235 
33.02500000 	 -1.91651945 	 1.78667887 
33.05000000 	 -1.91228796 	 1.78049440 
33.07500000 	 -1.90740548 	 1.77561192 
33.10000000 	 -1.90122101 	 1.76877645 
33.12500000 	 -1.89666403 	 1.76291747 
33.15000000 	 -1.89210705 	 1.75673300 
33.17500000 	 -1.88689907 	 1.75087402 
33.20000000 	 -1.88038910 	 1.74501505 
33.22500000 	 -1.87550662 	 1.73883057 
33.25000000 	 -1.87029864 	 1.73329709 
33.27500000 	 -1.86541616 	 1.72581062 
33.30000000 	 -1.85858068 	 1.72092814 
33.32500000 	 -1.85337271 	 1.71539467 
33.35000000 	 -1.84816473 	 1.70888469 
33.37500000 	 -1.84165475 	 1.70107273 
33.40000000 	 -1.83579578 	 1.69456275 
33.42500000 	 -1.82961130 	 1.68805278 
33.45000000 	 -1.82342683 	 1.68024081 
33.47500000 	 -1.81756785 	 1.67373084 
33.50000000 	 -1.81138338 	 1.66656987 
33.52500000 	 -1.80552440 	 1.66103639 
33.55000000 	 -1.79868893 	 1.65322442 
33.57500000 	 -1.79250446 	 1.64541245 
33.60000000 	 -1.78631998 	 1.63922798 
33.62500000 	 -1.77981001 	 1.63141601 
33.65000000 	 -1.77362553 	 1.62392954 
33.67500000 	 -1.76711556 	 1.61709407 
33.70000000 	 -1.75995459 	 1.61058410 
33.72500000 	 -1.75246812 	 1.60277213 
33.75000000 	 -1.74628365 	 1.59398366 
33.77500000 	 -1.73977367 	 1.58617170 
33.80000000 	 -1.73358920 	 1.57933622 
33.82500000 	 -1.72577723 	 1.57152426 
33.85000000 	 -1.71861626 	 1.56306129 
33.87500000 	 -1.71145529 	 1.55557482 
33.90000000 	 -1.70396882 	 1.54841385 
33.92500000 	 -1.69615685 	 1.53929989 
33.95000000 	 -1.68899588 	 1.53181342 
33.97500000 	 -1.68281141 	 1.52400145 
34.00000000 	 -1.67499944 	 1.51618948 
34.02500000 	 -1.66653647 	 1.50805202 
34.05000000 	 -1.65872450 	 1.49893805 
34.07500000 	 -1.65156353 	 1.49080059 
34.10000000 	 -1.64407706 	 1.48233762 
34.12500000 	 -1.63626510 	 1.47387466 
34.15000000 	 -1.62845313 	 1.46508619 
34.17500000 	 -1.62096666 	 1.45694873 
34.20000000 	 -1.61282919 	 1.44913676 
34.22500000 	 -1.60469173 	 1.43969730 
34.25000000 	 -1.59622876 	 1.43025784 
34.27500000 	 -1.58809129 	 1.42244587 
34.30000000 	 -1.58027933 	 1.41300641 
34.32500000 	 -1.57149086 	 1.40454344 
34.35000000 	 -1.56335339 	 1.39673147 
34.37500000 	 -1.55489043 	 1.38664101 
34.40000000 	 -1.54610197 	 1.37622506 
34.42500000 	 -1.53796450 	 1.36808759 
34.45000000 	 -1.52917603 	 1.35864813 
34.47500000 	 -1.52103857 	 1.35018516 
34.50000000 	 -1.51192461 	 1.34074570 
34.52500000 	 -1.50346164 	 1.33098074 
34.55000000 	 -1.49467318 	 1.32154128 
34.57500000 	 -1.48555921 	 1.31177632 
34.60000000 	 -1.47677075 	 1.30233686 
34.62500000 	 -1.46830778 	 1.29289740 
34.65000000 	 -1.45886832 	 1.28345794 
34.67500000 	 -1.45007986 	 1.27466947 
34.70000000 	 -1.44096590 	 1.26457901 
34.72500000 	 -1.43152644 	 1.25416306 
34.75000000 	 -1.42241247 	 1.24407260 
34.77500000 	 -1.41329851 	 1.23495864 
34.80000000 	 -1.40418455 	 1.22454268 
34.82500000 	 -1.39507058 	 1.21510322 
34.85000000 	 -1.38498013 	 1.20501276 
34.87500000 	 -1.37586616 	 1.19459680 
34.90000000 	 -1.36642670 	 1.18483184 
34.92500000 	 -1.35666174 	 1.17441588 
34.95000000 	 -1.34722228 	 1.16465092 
34.97500000 	 -1.33713182 	 1.15423497 
35.00000000 	 -1.32736686 	 1.14414451 
35.02500000 	 -1.31760190 	 1.13372855 
35.05000000 	 -1.30783694 	 1.12331259 
35.07500000 	 -1.29807198 	 1.11192014 
35.10000000 	 -1.28765602 	 1.10215518 
35.12500000 	 -1.27756557 	 1.09141372 
35.15000000 	 -1.26877710 	 1.08067227 
35.17500000 	 -1.25771015 	 1.07090731 
35.20000000 	 -1.24761969 	 1.06081685 
35.22500000 	 -1.23752923 	 1.04974990 
35.25000000 	 -1.22743877 	 1.03868294 
35.27500000 	 -1.21799931 	 1.02761599 
35.30000000 	 -1.20693236 	 1.01785103 
35.32500000 	 -1.19553990 	 1.00710957 
35.35000000 	 -1.18610044 	 0.99604262 
35.37500000 	 -1.17600998 	 0.98399916 
35.40000000 	 -1.16559403 	 0.97390871 
35.42500000 	 -1.15420157 	 0.96251625 
35.45000000 	 -1.14411111 	 0.95242579 
35.47500000 	 -1.13304416 	 0.94005684 
35.50000000 	 -1.12327920 	 0.92931539 
35.52500000 	 -1.11286324 	 0.91727194 
35.55000000 	 -1.10147079 	 0.90653048 
35.57500000 	 -1.09138033 	 0.89611452 
35.60000000 	 -1.07966238 	 0.88407107 
35.62500000 	 -1.06924642 	 0.87365512 
35.65000000 	 -1.05817947 	 0.86193716 
35.67500000 	 -1.04776351 	 0.85054471 
35.70000000 	 -1.03637105 	 0.83915226 
35.72500000 	 -1.02562960 	 0.82775980 
35.75000000 	 -1.01391165 	 0.81669285 
35.77500000 	 -1.00382119 	 0.80530040 
35.80000000 	 -0.99145224 	 0.79293145 
35.82500000 	 -0.98103628 	 0.78284099 
35.85000000 	 -0.96931833 	 0.77177403 
35.87500000 	 -0.95825137 	 0.75940509 
35.90000000 	 -0.94816092 	 0.74638514 
35.92500000 	 -0.93546647 	 0.73531818 
35.95000000 	 -0.92505051 	 0.72490223 
35.97500000 	 -0.91365806 	 0.71188228 
36.00000000 	 -0.90194011 	 0.69983883 
36.02500000 	 -0.89087315 	 0.68909737 
36.05000000 	 -0.88013170 	 0.67672842 
36.07500000 	 -0.86743725 	 0.66533597 
36.10000000 	 -0.85571930 	 0.65264152 
36.12500000 	 -0.84465234 	 0.64190007 
36.15000000 	 -0.83260889 	 0.62953112 
36.17500000 	 -0.82154194 	 0.61683667 
36.20000000 	 -0.81014948 	 0.60674621 
36.22500000 	 -0.79778053 	 0.59340077 
36.25000000 	 -0.78606258 	 0.58135731 
36.27500000 	 -0.77499563 	 0.56931386 
36.30000000 	 -0.76262668 	 0.55694491 
36.32500000 	 -0.75090872 	 0.54652896 
36.35000000 	 -0.73886527 	 0.53285801 
36.37500000 	 -0.72779832 	 0.52114006 
36.40000000 	 -0.71510387 	 0.50844561 
36.42500000 	 -0.70371142 	 0.49705316 
36.45000000 	 -0.69199347 	 0.48403321 
36.47500000 	 -0.67962452 	 0.47264076 
36.50000000 	 -0.66823206 	 0.45994631 
36.52500000 	 -0.65618861 	 0.44822836 
36.55000000 	 -0.64381966 	 0.43520841 
36.57500000 	 -0.63242721 	 0.42349046 
36.60000000 	 -0.61940726 	 0.41144701 
36.62500000 	 -0.60671282 	 0.39940356 
36.65000000 	 -0.59564586 	 0.38638361 
36.67500000 	 -0.58360241 	 0.37466566 
36.70000000 	 -0.57123346 	 0.36229671 
36.72500000 	 -0.55886451 	 0.35057876 
36.75000000 	 -0.54714656 	 0.33788431 
36.77500000 	 -0.53477761 	 0.32486437 
36.80000000 	 -0.52208316 	 0.31119342 
36.82500000 	 -0.50971421 	 0.30142846 
36.85000000 	 -0.49767076 	 0.28743202 
36.87500000 	 -0.48562731 	 0.27441207 
36.90000000 	 -0.47390936 	 0.26301962 
36.92500000 	 -0.46121491 	 0.25032517 
36.95000000 	 -0.44819497 	 0.23828172 
36.97500000 	 -0.43647701 	 0.22558727 
37.00000000 	 -0.42410806 	 0.21354382 
37.02500000 	 -0.41141362 	 0.20052388 
37.05000000 	 -0.39871917 	 0.18782943 
37.07500000 	 -0.38700122 	 0.17513498 
37.10000000 	 -0.37430677 	 0.16276603 
37.12500000 	 -0.36226332 	 0.15039708 
37.15000000 	 -0.34989437 	 0.13802813 
37.17500000 	 -0.33752542 	 0.12631018 
37.20000000 	 -0.32385448 	 0.11296473 
37.22500000 	 -0.31213652 	 0.10027029 
37.25000000 	 -0.29944208 	 0.08692484 
37.27500000 	 -0.28772412 	 0.07650888 
37.30000000 	 -0.27470418 	 0.06251244 
37.32500000 	 -0.26266073 	 0.05014349 
37.35000000 	 -0.25029178 	 0.03712355 
37.37500000 	 -0.23792283 	 0.02508009 
37.40000000 	 -0.22490288 	 0.01303664 
37.42500000 	 -0.21253393 	 0.00034220 
37.45000000 	 -0.19951398 	 -0.01332875 
37.47500000 	 -0.18681954 	 -0.02472120 
37.50000000 	 -0.17445059 	 -0.03676465 
37.52500000 	 -0.16208164 	 -0.05043560 
37.55000000 	 -0.14873619 	 -0.06345554 
37.57500000 	 -0.13701824 	 -0.07549899 
37.60000000 	 -0.12432379 	 -0.08786794 
37.62500000 	 -0.11130385 	 -0.10023689 
37.65000000 	 -0.09893490 	 -0.11325684 
37.67500000 	 -0.08689145 	 -0.12530029 
37.70000000 	 -0.07387150 	 -0.13832024 
37.72500000 	 -0.06150255 	 -0.15068918 
37.75000000 	 -0.04880810 	 -0.16273264 
37.77500000 	 -0.03611365 	 -0.17510158 
37.80000000 	 -0.02374471 	 -0.18779603 
37.82500000 	 -0.01072476 	 -0.20081598 
37.85000000 	 0.00099319 	 -0.21285943 
37.87500000 	 0.01368764 	 -0.22522838 
37.90000000 	 0.02703309 	 -0.23727183 
37.92500000 	 0.03972753 	 -0.25061728 
37.95000000 	 0.05111999 	 -0.26266073 
37.97500000 	 0.06413993 	 -0.27535517 
38.00000000 	 0.07618339 	 -0.28739862 
38.02500000 	 0.08855233 	 -0.29944208 
38.05000000 	 0.10092128 	 -0.31278752 
38.07500000 	 0.11263924 	 -0.32580747 
38.10000000 	 0.12598468 	 -0.33687442 
38.12500000 	 0.13867913 	 -0.35021987 
38.15000000 	 0.15072258 	 -0.36226332 
38.17500000 	 0.16341703 	 -0.37365577 
38.20000000 	 0.17480948 	 -0.38732671 
38.22500000 	 0.18815493 	 -0.39871917 
38.25000000 	 0.20019838 	 -0.41076262 
38.27500000 	 0.21191633 	 -0.42378257 
38.30000000 	 0.22493628 	 -0.43452402 
38.32500000 	 0.23730523 	 -0.44786947 
38.35000000 	 0.24999967 	 -0.45958742 
38.37500000 	 0.26204312 	 -0.47260737 
38.40000000 	 0.27376108 	 -0.48432532 
38.42500000 	 0.28613002 	 -0.49636877 
38.45000000 	 0.29817348 	 -0.50873772 
38.47500000 	 0.31119342 	 -0.52143217 
38.50000000 	 0.32323687 	 -0.53315012 
38.52500000 	 0.33560582 	 -0.54519357 
38.55000000 	 0.34699828 	 -0.55788802 
38.57500000 	 0.35904173 	 -0.56993147 
38.60000000 	 0.37141068 	 -0.58099842 
38.62500000 	 0.38345413 	 -0.59206538 
38.65000000 	 0.39614857 	 -0.60573632 
38.67500000 	 0.40819202 	 -0.61712877 
38.70000000 	 0.41958448 	 -0.62884672 
38.72500000 	 0.43162793 	 -0.64186667 
38.75000000 	 0.44399688 	 -0.65325912 
38.77500000 	 0.45604033 	 -0.66530258 
38.80000000 	 0.46808378 	 -0.67636953 
38.82500000 	 0.47980173 	 -0.68906398 
38.85000000 	 0.49217068 	 -0.70045643 
38.87500000 	 0.50388863 	 -0.71217438 
38.90000000 	 0.51560658 	 -0.72389234 
38.92500000 	 0.52732454 	 -0.73561029 
38.95000000 	 0.53969349 	 -0.74635174 
38.97500000 	 0.55173694 	 -0.75904619 
39.00000000 	 0.56280389 	 -0.77076414 
39.02500000 	 0.57549834 	 -0.78150560 
39.05000000 	 0.58689079 	 -0.79322355 
39.07500000 	 0.59730675 	 -0.80591800 
39.10000000 	 0.61000120 	 -0.81698495 
39.12500000 	 0.62171915 	 -0.82837741 
39.15000000 	 0.63311160 	 -0.83976986 
39.17500000 	 0.64515505 	 -0.85051132 
39.20000000 	 0.65654751 	 -0.86190377 
39.22500000 	 0.66859096 	 -0.87427272 
39.25000000 	 0.67965791 	 -0.88501418 
39.27500000 	 0.69137586 	 -0.89608113 
39.30000000 	 0.70211732 	 -0.90747358 
39.32500000 	 0.71383527 	 -0.91788954 
39.35000000 	 0.72555322 	 -0.93058399 
39.37500000 	 0.73727118 	 -0.94067445 
39.40000000 	 0.74898913 	 -0.95174140 
39.42500000 	 0.75940509 	 -0.96280836 
39.45000000 	 0.77047204 	 -0.97420081 
39.47500000 	 0.78218999 	 -0.98494227 
39.50000000 	 0.79358245 	 -0.99568372 
39.52500000 	 0.80497490 	 -1.00675068 
39.55000000 	 0.81539086 	 -1.01814313 
39.57500000 	 0.82710881 	 -1.02855909 
39.60000000 	 0.83850126 	 -1.03897504 
39.62500000 	 0.84924272 	 -1.04906550 
39.65000000 	 0.86063517 	 -1.06045796 
39.67500000 	 0.87105113 	 -1.07119941 
39.70000000 	 0.88244358 	 -1.08063887 
39.72500000 	 0.89285954 	 -1.09235683 
39.75000000 	 0.90392649 	 -1.10147079 
39.77500000 	 0.91499345 	 -1.11383974 
39.80000000 	 0.92508391 	 -1.12327920 
39.82500000 	 0.93647636 	 -1.13402065 
39.85000000 	 0.94721782 	 -1.14411111 
39.87500000 	 0.95730827 	 -1.15485257 
39.90000000 	 0.96772423 	 -1.16494303 
39.92500000 	 0.97846569 	 -1.17373149 
39.95000000 	 0.98920714 	 -1.18512395 
39.97500000 	 0.99897210 	 -1.19521440 
40.00000000 	 1.00971356 	 -1.20497936 
40.02500000 	 1.02045502 	 -1.21572082 
40.05000000 	 1.03152197 	 -1.22581128 
40.07500000 	 1.04161243 	 -1.23557624 
40.10000000 	 1.05137739 	 -1.24534120 
40.12500000 	 1.06146785 	 -1.25510616 
40.15000000 	 1.07188380 	 -1.26422012 
40.17500000 	 1.08262526 	 -1.27463608 
40.20000000 	 1.09239022 	 -1.28342454 
40.22500000 	 1.10280618 	 -1.29416600 
40.25000000 	 1.11322213 	 -1.30327996 
40.27500000 	 1.12233610 	 -1.31239392 
40.30000000 	 1.13242656 	 -1.32346088 
40.32500000 	 1.14251701 	 -1.33094735 
40.35000000 	 1.15260747 	 -1.34136330 
40.37500000 	 1.16139594 	 -1.35047727 
40.40000000 	 1.17148640 	 -1.35828924 
40.42500000 	 1.18092586 	 -1.36903069 
40.45000000 	 1.19134181 	 -1.37781916 
40.47500000 	 1.20013028 	 -1.38725862 
40.50000000 	 1.21054624 	 -1.39604708 
40.52500000 	 1.21933470 	 -1.40646304 
40.55000000 	 1.22942516 	 -1.41394951 
40.57500000 	 1.23919012 	 -1.42208697 
40.60000000 	 1.24797858 	 -1.43152644 
40.62500000 	 1.25741804 	 -1.43998940 
40.65000000 	 1.26620651 	 -1.44942886 
40.67500000 	 1.27564597 	 -1.45756633 
40.70000000 	 1.28508543 	 -1.46602929 
40.72500000 	 1.29354840 	 -1.47416676 
40.75000000 	 1.30331336 	 -1.48262973 
40.77500000 	 1.31112532 	 -1.49174369 
40.80000000 	 1.32056479 	 -1.49988115 
40.82500000 	 1.32935325 	 -1.50866962 
40.85000000 	 1.33814171 	 -1.51583059 
40.87500000 	 1.34660468 	 -1.52429355 
40.90000000 	 1.35571864 	 -1.53243102 
40.92500000 	 1.36483260 	 -1.54089399 
40.95000000 	 1.37297007 	 -1.54870595 
40.97500000 	 1.38175853 	 -1.55716892 
41.00000000 	 1.39022150 	 -1.56400439 
41.02500000 	 1.39835897 	 -1.57181636 
41.05000000 	 1.40617093 	 -1.58060482 
41.07500000 	 1.41561040 	 -1.58711480 
