time (s) 	 Output Voltage(v) 	 Input Voltage(v)
0.00000000 	 -0.07419700 	 0.01368764 
0.05000000 	 -0.07940498 	 0.02540559 
0.10000000 	 -0.08656595 	 0.03777454 
0.15000000 	 -0.09470341 	 0.04949249 
0.20000000 	 -0.10349188 	 0.06348894 
0.25000000 	 -0.11325684 	 0.07553239 
0.30000000 	 -0.12334730 	 0.08855233 
0.35000000 	 -0.13343776 	 0.09994479 
0.40000000 	 -0.14483021 	 0.11263924 
0.45000000 	 -0.15557166 	 0.12565918 
0.50000000 	 -0.16696412 	 0.13867913 
0.55000000 	 -0.17803107 	 0.14974608 
0.60000000 	 -0.19040002 	 0.16309153 
0.65000000 	 -0.20244347 	 0.17611148 
0.70000000 	 -0.21383593 	 0.18880592 
0.75000000 	 -0.22555388 	 0.20084937 
0.80000000 	 -0.23824833 	 0.21289283 
0.85000000 	 -0.24964078 	 0.22493628 
0.90000000 	 -0.26233523 	 0.23730523 
0.95000000 	 -0.27405318 	 0.25097617 
1.00000000 	 -0.28707313 	 0.26269412 
1.05000000 	 -0.29879108 	 0.27603957 
1.10000000 	 -0.31050903 	 0.28710652 
1.15000000 	 -0.32352898 	 0.30012647 
1.20000000 	 -0.33459593 	 0.31249542 
1.25000000 	 -0.34794138 	 0.32486437 
1.30000000 	 -0.35998483 	 0.33755881 
1.35000000 	 -0.37235378 	 0.34927677 
1.40000000 	 -0.38407173 	 0.36197121 
1.45000000 	 -0.39676618 	 0.37401466 
1.50000000 	 -0.40946062 	 0.38605812 
1.55000000 	 -0.42117858 	 0.39972906 
1.60000000 	 -0.43354753 	 0.41079601 
1.65000000 	 -0.44624197 	 0.42316496 
1.70000000 	 -0.45828542 	 0.43553391 
1.75000000 	 -0.47032887 	 0.44790286 
1.80000000 	 -0.48302332 	 0.45962081 
1.85000000 	 -0.49506677 	 0.47231526 
1.90000000 	 -0.50613373 	 0.48403321 
1.95000000 	 -0.51947917 	 0.49770416 
2.00000000 	 -0.53087163 	 0.50942211 
2.05000000 	 -0.54389157 	 0.52114006 
2.10000000 	 -0.55560953 	 0.53253252 
2.15000000 	 -0.56732748 	 0.54522696 
2.20000000 	 -0.57969643 	 0.55759591 
2.25000000 	 -0.59206538 	 0.56898837 
2.30000000 	 -0.60443433 	 0.58103182 
2.35000000 	 -0.61647778 	 0.59340077 
2.40000000 	 -0.62819573 	 0.60479322 
2.45000000 	 -0.63991368 	 0.61748767 
2.50000000 	 -0.65228263 	 0.62920562 
2.55000000 	 -0.66400058 	 0.64157457 
2.60000000 	 -0.67604403 	 0.65329252 
2.65000000 	 -0.68776198 	 0.66468497 
2.70000000 	 -0.69882894 	 0.67705392 
2.75000000 	 -0.71152339 	 0.68812088 
2.80000000 	 -0.72356684 	 0.69983883 
2.85000000 	 -0.73528479 	 0.71188228 
2.90000000 	 -0.74732824 	 0.72392573 
2.95000000 	 -0.75839519 	 0.73564368 
3.00000000 	 -0.77043864 	 0.74605964 
3.05000000 	 -0.78215660 	 0.75907959 
3.10000000 	 -0.79387455 	 0.76982104 
3.15000000 	 -0.80559250 	 0.78218999 
3.20000000 	 -0.81698495 	 0.79358245 
3.25000000 	 -0.82902840 	 0.80497490 
3.30000000 	 -0.84009536 	 0.81604185 
3.35000000 	 -0.85213881 	 0.82841080 
3.40000000 	 -0.86385676 	 0.83980326 
3.45000000 	 -0.87427272 	 0.85119571 
3.50000000 	 -0.88631617 	 0.86226266 
3.55000000 	 -0.89868512 	 0.87365512 
3.60000000 	 -0.90975207 	 0.88374558 
3.65000000 	 -0.92081903 	 0.89578903 
3.70000000 	 -0.93188598 	 0.90685598 
3.75000000 	 -0.94327844 	 0.91824843 
3.80000000 	 -0.95499639 	 0.92866439 
3.85000000 	 -0.96541235 	 0.94070784 
3.90000000 	 -0.97680480 	 0.95177480 
3.95000000 	 -0.98819725 	 0.96284175 
4.00000000 	 -0.99926421 	 0.97325771 
4.05000000 	 -1.01033116 	 0.98432466 
4.10000000 	 -1.02139812 	 0.99506612 
4.15000000 	 -1.03311607 	 1.00645857 
4.20000000 	 -1.04320653 	 1.01785103 
4.25000000 	 -1.05394798 	 1.02794148 
4.30000000 	 -1.06534044 	 1.03868294 
4.35000000 	 -1.07608189 	 1.04909890 
4.40000000 	 -1.08682335 	 1.05984035 
4.45000000 	 -1.09756480 	 1.07123281 
4.50000000 	 -1.10895726 	 1.08164876 
4.55000000 	 -1.11937321 	 1.09108823 
4.60000000 	 -1.12913817 	 1.10215518 
4.65000000 	 -1.13987963 	 1.11289664 
4.70000000 	 -1.14997009 	 1.12363809 
4.75000000 	 -1.16168804 	 1.13340305 
4.80000000 	 -1.17145300 	 1.14381901 
4.85000000 	 -1.18284545 	 1.15390947 
4.90000000 	 -1.19293591 	 1.16432543 
4.95000000 	 -1.20302637 	 1.17474138 
5.00000000 	 -1.21311683 	 1.18450634 
5.05000000 	 -1.22418378 	 1.19394580 
5.10000000 	 -1.23427424 	 1.20403626 
5.15000000 	 -1.24403920 	 1.21412672 
5.20000000 	 -1.25510616 	 1.22551917 
5.25000000 	 -1.26422012 	 1.23463314 
5.30000000 	 -1.27496158 	 1.24504909 
5.35000000 	 -1.28537753 	 1.25383756 
5.40000000 	 -1.29546799 	 1.26457901 
5.45000000 	 -1.30425646 	 1.27434397 
5.50000000 	 -1.31532341 	 1.28345794 
5.55000000 	 -1.32411188 	 1.29257190 
5.60000000 	 -1.33420233 	 1.30298786 
5.65000000 	 -1.34429279 	 1.31145082 
5.70000000 	 -1.35373225 	 1.32121578 
5.75000000 	 -1.36317172 	 1.33065524 
5.80000000 	 -1.37261118 	 1.34074570 
5.85000000 	 -1.38237614 	 1.34920867 
5.90000000 	 -1.39181560 	 1.35799713 
5.95000000 	 -1.40092956 	 1.36841309 
6.00000000 	 -1.41004352 	 1.37655056 
6.05000000 	 -1.41915749 	 1.38664101 
6.10000000 	 -1.42892245 	 1.39608048 
6.15000000 	 -1.43836191 	 1.40356694 
6.20000000 	 -1.44780137 	 1.41365740 
6.25000000 	 -1.45561334 	 1.42179487 
6.30000000 	 -1.46505280 	 1.43155983 
6.35000000 	 -1.47481776 	 1.43969730 
6.40000000 	 -1.48295522 	 1.44881126 
6.45000000 	 -1.49239469 	 1.45759972 
6.50000000 	 -1.50150865 	 1.46736468 
6.55000000 	 -1.51062261 	 1.47452565 
6.60000000 	 -1.51778358 	 1.48233762 
6.65000000 	 -1.52689754 	 1.49080059 
6.70000000 	 -1.53568601 	 1.49893805 
6.75000000 	 -1.54479997 	 1.50772652 
6.80000000 	 -1.55293744 	 1.51586398 
6.85000000 	 -1.56205140 	 1.52367595 
6.90000000 	 -1.57018887 	 1.53246442 
6.95000000 	 -1.57865183 	 1.53929989 
7.00000000 	 -1.58613830 	 1.54873935 
7.05000000 	 -1.59460127 	 1.55524932 
7.10000000 	 -1.60306423 	 1.56371229 
7.15000000 	 -1.61120170 	 1.57119876 
7.20000000 	 -1.61868817 	 1.57933622 
7.25000000 	 -1.62747663 	 1.58747369 
7.30000000 	 -1.63496310 	 1.59333267 
7.35000000 	 -1.64244957 	 1.60212113 
7.40000000 	 -1.65026154 	 1.60928210 
7.45000000 	 -1.65807351 	 1.61676857 
7.50000000 	 -1.66523448 	 1.62490604 
7.55000000 	 -1.67272095 	 1.63206701 
7.60000000 	 -1.68085841 	 1.63955348 
7.65000000 	 -1.68801938 	 1.64606345 
7.70000000 	 -1.69550585 	 1.65289892 
7.75000000 	 -1.70331782 	 1.66005989 
7.80000000 	 -1.71080429 	 1.66689537 
7.85000000 	 -1.71731426 	 1.67373084 
7.90000000 	 -1.72512623 	 1.68089181 
7.95000000 	 -1.73228720 	 1.68772728 
8.00000000 	 -1.73847168 	 1.69521375 
8.05000000 	 -1.74530715 	 1.70042173 
8.10000000 	 -1.75344462 	 1.70758270 
8.15000000 	 -1.75930359 	 1.71376717 
8.20000000 	 -1.76613906 	 1.71995165 
8.25000000 	 -1.77297454 	 1.72613612 
8.30000000 	 -1.77948451 	 1.73264610 
8.35000000 	 -1.78566898 	 1.73915607 
8.40000000 	 -1.79185346 	 1.74599154 
8.45000000 	 -1.79933993 	 1.75152502 
8.50000000 	 -1.80487340 	 1.75770949 
8.55000000 	 -1.81170888 	 1.76356847 
8.60000000 	 -1.81756785 	 1.76910195 
8.65000000 	 -1.82440332 	 1.77561192 
8.70000000 	 -1.83026230 	 1.78114540 
8.75000000 	 -1.83579578 	 1.78667887 
8.80000000 	 -1.84263125 	 1.79253785 
8.85000000 	 -1.84751373 	 1.79742033 
8.90000000 	 -1.85369820 	 1.80295381 
8.95000000 	 -1.85923168 	 1.80913828 
9.00000000 	 -1.86509066 	 1.81402076 
9.05000000 	 -1.87062414 	 1.81922874 
9.10000000 	 -1.87680861 	 1.82443672 
9.15000000 	 -1.88201659 	 1.82997020 
9.20000000 	 -1.88657357 	 1.83452718 
9.25000000 	 -1.89178155 	 1.83843316 
9.30000000 	 -1.89731503 	 1.84494314 
9.35000000 	 -1.90219751 	 1.84884912 
9.40000000 	 -1.90773098 	 1.85405710 
9.45000000 	 -1.91261346 	 1.85828858 
9.50000000 	 -1.91749594 	 1.86317106 
9.55000000 	 -1.92237842 	 1.86707705 
9.60000000 	 -1.92726090 	 1.87195953 
9.65000000 	 -1.93246888 	 1.87684201 
9.70000000 	 -1.93604937 	 1.88107349 
9.75000000 	 -1.94125735 	 1.88497947 
9.80000000 	 -1.94548883 	 1.89051295 
9.85000000 	 -1.94972031 	 1.89344244 
9.90000000 	 -1.95525379 	 1.89767392 
9.95000000 	 -1.95850878 	 1.90027791 
10.00000000 	 -1.96339126 	 1.90516039 
10.05000000 	 -1.96762274 	 1.90874087 
10.10000000 	 -1.97055223 	 1.91167036 
10.15000000 	 -1.97510921 	 1.91590185 
10.20000000 	 -1.97934069 	 1.91948233 
10.25000000 	 -1.98259568 	 1.92338831 
10.30000000 	 -1.98650166 	 1.92599230 
10.35000000 	 -1.99040764 	 1.93054929 
10.40000000 	 -1.99366263 	 1.93282778 
10.45000000 	 -1.99789411 	 1.93608276 
10.50000000 	 -2.00114910 	 1.93901225 
10.55000000 	 -2.00440409 	 1.94259274 
10.60000000 	 -2.00733358 	 1.94552222 
10.65000000 	 -2.01058856 	 1.94747522 
10.70000000 	 -2.01384355 	 1.95105570 
10.75000000 	 -2.01742403 	 1.95333419 
10.80000000 	 -2.02067902 	 1.95626368 
10.85000000 	 -2.02295751 	 1.95821667 
10.90000000 	 -2.02556150 	 1.96016966 
10.95000000 	 -2.02816549 	 1.96309915 
11.00000000 	 -2.03109498 	 1.96570314 
11.05000000 	 -2.03402447 	 1.96830713 
11.10000000 	 -2.03695395 	 1.97058562 
11.15000000 	 -2.03923244 	 1.97221311 
11.20000000 	 -2.04118544 	 1.97449161 
11.25000000 	 -2.04378943 	 1.97611910 
11.30000000 	 -2.04541692 	 1.97872309 
11.35000000 	 -2.04834641 	 1.97904859 
11.40000000 	 -2.04997390 	 1.98197807 
11.45000000 	 -2.05225239 	 1.98262907 
11.50000000 	 -2.05420538 	 1.98458206 
11.55000000 	 -2.05648387 	 1.98718605 
11.60000000 	 -2.05843687 	 1.98751155 
11.65000000 	 -2.05941336 	 1.98848805 
11.70000000 	 -2.06136635 	 1.99044104 
11.75000000 	 -2.06266835 	 1.99141754 
11.80000000 	 -2.06429584 	 1.99174303 
11.85000000 	 -2.06527234 	 1.99337053 
11.90000000 	 -2.06755083 	 1.99434702 
11.95000000 	 -2.06787633 	 1.99532352 
12.00000000 	 -2.06917832 	 1.99499802 
12.05000000 	 -2.07080581 	 1.99597452 
12.10000000 	 -2.07048032 	 1.99662551 
12.15000000 	 -2.07178231 	 1.99695101 
12.20000000 	 -2.07308431 	 1.99695101 
12.25000000 	 -2.07438630 	 1.99760201 
12.30000000 	 -2.07373530 	 1.99825301 
12.35000000 	 -2.07536280 	 1.99760201 
12.40000000 	 -2.07568829 	 1.99857851 
12.45000000 	 -2.07568829 	 1.99922950 
12.50000000 	 -2.07666479 	 1.99890400 
12.55000000 	 -2.07666479 	 1.99890400 
12.60000000 	 -2.07666479 	 1.99857851 
12.65000000 	 -2.07699029 	 1.99890400 
12.70000000 	 -2.07666479 	 1.99792751 
12.75000000 	 -2.07731579 	 1.99857851 
12.80000000 	 -2.07503730 	 1.99727651 
12.85000000 	 -2.07601379 	 1.99597452 
12.90000000 	 -2.07568829 	 1.99597452 
12.95000000 	 -2.07568829 	 1.99434702 
13.00000000 	 -2.07536280 	 1.99434702 
13.05000000 	 -2.07471180 	 1.99402152 
13.10000000 	 -2.07340980 	 1.99239403 
13.15000000 	 -2.07308431 	 1.99141754 
13.20000000 	 -2.07275881 	 1.99011554 
13.25000000 	 -2.07243331 	 1.98848805 
13.30000000 	 -2.07178231 	 1.98686055 
13.35000000 	 -2.07048032 	 1.98653506 
13.40000000 	 -2.06885282 	 1.98425656 
13.45000000 	 -2.06852732 	 1.98328007 
13.50000000 	 -2.06624883 	 1.98165258 
13.55000000 	 -2.06494684 	 1.98035058 
13.60000000 	 -2.06397034 	 1.97807209 
13.65000000 	 -2.06169185 	 1.97611910 
13.70000000 	 -2.06104086 	 1.97449161 
13.75000000 	 -2.05941336 	 1.97188762 
13.80000000 	 -2.05843687 	 1.97058562 
13.85000000 	 -2.05615838 	 1.96733063 
13.90000000 	 -2.05387988 	 1.96537764 
13.95000000 	 -2.05160139 	 1.96342465 
14.00000000 	 -2.05029940 	 1.96082066 
14.05000000 	 -2.04802091 	 1.95821667 
14.10000000 	 -2.04574242 	 1.95593818 
14.15000000 	 -2.04313843 	 1.95300869 
14.20000000 	 -2.04053444 	 1.95040470 
14.25000000 	 -2.03858145 	 1.94877721 
14.30000000 	 -2.03630296 	 1.94487123 
14.35000000 	 -2.03467546 	 1.94194174 
14.40000000 	 -2.03109498 	 1.93933775 
14.45000000 	 -2.02783999 	 1.93608276 
14.50000000 	 -2.02556150 	 1.93282778 
14.55000000 	 -2.02165552 	 1.92924729 
14.60000000 	 -2.01937703 	 1.92566681 
14.65000000 	 -2.01579654 	 1.92371381 
14.70000000 	 -2.01416905 	 1.91948233 
14.75000000 	 -2.01058856 	 1.91557635 
14.80000000 	 -2.00733358 	 1.91264686 
14.85000000 	 -2.00407859 	 1.90906637 
14.90000000 	 -2.00082360 	 1.90483489 
14.95000000 	 -1.99626662 	 1.90157990 
15.00000000 	 -1.99366263 	 1.89702292 
15.05000000 	 -1.98975665 	 1.89311694 
15.10000000 	 -1.98585066 	 1.88921095 
15.15000000 	 -1.98194468 	 1.88497947 
15.20000000 	 -1.97901519 	 1.88172449 
15.25000000 	 -1.97510921 	 1.87716750 
15.30000000 	 -1.97087772 	 1.87228502 
15.35000000 	 -1.96697174 	 1.86772804 
15.40000000 	 -1.96208926 	 1.86219457 
15.45000000 	 -1.95850878 	 1.85796308 
15.50000000 	 -1.95427729 	 1.85405710 
15.55000000 	 -1.94939481 	 1.85080211 
15.60000000 	 -1.94548883 	 1.84396664 
15.65000000 	 -1.94060635 	 1.83908416 
15.70000000 	 -1.93572387 	 1.83387618 
15.75000000 	 -1.93116689 	 1.82931920 
15.80000000 	 -1.92628441 	 1.82476222 
15.85000000 	 -1.92140193 	 1.81955424 
15.90000000 	 -1.91684495 	 1.81369526 
15.95000000 	 -1.91163697 	 1.80816179 
16.00000000 	 -1.90675449 	 1.80327931 
16.05000000 	 -1.90187201 	 1.79742033 
16.10000000 	 -1.89666403 	 1.79221235 
16.15000000 	 -1.89145605 	 1.78667887 
16.20000000 	 -1.88559707 	 1.78081990 
16.25000000 	 -1.88136559 	 1.77561192 
16.30000000 	 -1.87583211 	 1.76942745 
16.35000000 	 -1.86899664 	 1.76356847 
16.40000000 	 -1.86443966 	 1.75705850 
16.45000000 	 -1.85792969 	 1.75119952 
16.50000000 	 -1.85304721 	 1.74599154 
16.55000000 	 -1.84686273 	 1.73883057 
16.60000000 	 -1.84165475 	 1.73362259 
16.65000000 	 -1.83416828 	 1.72678712 
16.70000000 	 -1.82928580 	 1.72060265 
16.75000000 	 -1.82245033 	 1.71409267 
16.80000000 	 -1.81724235 	 1.70628070 
16.85000000 	 -1.81073238 	 1.70107273 
16.90000000 	 -1.80389691 	 1.69456275 
16.95000000 	 -1.79803793 	 1.68707628 
17.00000000 	 -1.79152796 	 1.68089181 
17.05000000 	 -1.78534348 	 1.67405634 
17.10000000 	 -1.77818251 	 1.66722086 
17.15000000 	 -1.77167254 	 1.66071089 
17.20000000 	 -1.76451157 	 1.65289892 
17.25000000 	 -1.75800160 	 1.64606345 
17.30000000 	 -1.75181712 	 1.63857698 
17.35000000 	 -1.74465615 	 1.63174151 
17.40000000 	 -1.73782068 	 1.62458054 
17.45000000 	 -1.73065971 	 1.61676857 
17.50000000 	 -1.72349874 	 1.60993310 
17.55000000 	 -1.71633777 	 1.60342313 
17.60000000 	 -1.70950230 	 1.59430916 
17.65000000 	 -1.70169033 	 1.58747369 
17.70000000 	 -1.69518035 	 1.57966172 
17.75000000 	 -1.68769389 	 1.56989676 
17.80000000 	 -1.67988192 	 1.56371229 
17.85000000 	 -1.67174445 	 1.55557482 
17.90000000 	 -1.66490898 	 1.54776285 
17.95000000 	 -1.65677151 	 1.53995089 
18.00000000 	 -1.64895954 	 1.53278992 
18.05000000 	 -1.64114758 	 1.52367595 
18.10000000 	 -1.63398661 	 1.51618948 
18.15000000 	 -1.62552364 	 1.50740102 
18.20000000 	 -1.61738617 	 1.49893805 
18.25000000 	 -1.60957421 	 1.49145158 
18.30000000 	 -1.60078574 	 1.48233762 
18.35000000 	 -1.59297377 	 1.47420016 
18.40000000 	 -1.58581280 	 1.46508619 
18.45000000 	 -1.57734984 	 1.45662323 
18.50000000 	 -1.56823587 	 1.44848576 
18.55000000 	 -1.56074941 	 1.43937180 
18.60000000 	 -1.55098445 	 1.42993234 
18.65000000 	 -1.54284698 	 1.42146937 
18.70000000 	 -1.53470951 	 1.41300641 
18.75000000 	 -1.52592105 	 1.40454344 
18.80000000 	 -1.51713258 	 1.39542948 
18.85000000 	 -1.50866962 	 1.38664101 
18.90000000 	 -1.49955566 	 1.37720155 
18.95000000 	 -1.49109269 	 1.36776209 
19.00000000 	 -1.48230423 	 1.35897363 
19.05000000 	 -1.47319026 	 1.34985967 
19.10000000 	 -1.46440180 	 1.34042020 
19.15000000 	 -1.45496234 	 1.33098074 
19.20000000 	 -1.44519738 	 1.32251778 
19.25000000 	 -1.43673441 	 1.31242732 
19.30000000 	 -1.42762045 	 1.30331336 
19.35000000 	 -1.41850649 	 1.29322290 
19.40000000 	 -1.40906703 	 1.28378344 
19.45000000 	 -1.39930207 	 1.27304198 
19.50000000 	 -1.38986261 	 1.26425352 
19.55000000 	 -1.38074864 	 1.25416306 
19.60000000 	 -1.37163468 	 1.24504909 
19.65000000 	 -1.36089322 	 1.23300564 
19.70000000 	 -1.35243026 	 1.22551917 
19.75000000 	 -1.34168880 	 1.21510322 
19.80000000 	 -1.33224934 	 1.20501276 
19.85000000 	 -1.32248438 	 1.19524780 
19.90000000 	 -1.31239392 	 1.18515734 
19.95000000 	 -1.30262896 	 1.17441588 
20.00000000 	 -1.29286400 	 1.16530192 
20.05000000 	 -1.28244805 	 1.15358397 
20.10000000 	 -1.27235759 	 1.14349351 
20.15000000 	 -1.26226713 	 1.13405405 
20.20000000 	 -1.25217667 	 1.12363809 
20.25000000 	 -1.24273721 	 1.11257114 
20.30000000 	 -1.23199575 	 1.10215518 
20.35000000 	 -1.22255629 	 1.09043723 
20.40000000 	 -1.21214033 	 1.08132327 
20.45000000 	 -1.20172438 	 1.07155831 
20.50000000 	 -1.19065742 	 1.06016585 
20.55000000 	 -1.18024147 	 1.04844790 
20.60000000 	 -1.17047651 	 1.03933394 
20.65000000 	 -1.15908405 	 1.02794148 
20.70000000 	 -1.14866809 	 1.01654903 
20.75000000 	 -1.13825214 	 1.00645857 
20.80000000 	 -1.12816168 	 0.99571712 
20.85000000 	 -1.11676923 	 0.98530116 
20.90000000 	 -1.10635327 	 0.97455970 
20.95000000 	 -1.09496081 	 0.96219075 
21.00000000 	 -1.08487036 	 0.95210030 
21.05000000 	 -1.07380340 	 0.94135884 
21.10000000 	 -1.06273645 	 0.92866439 
21.15000000 	 -1.05166949 	 0.91857393 
21.20000000 	 -1.04125353 	 0.90718148 
21.25000000 	 -1.02921008 	 0.89578903 
21.30000000 	 -1.01944512 	 0.88472207 
21.35000000 	 -1.00772717 	 0.87332962 
21.40000000 	 -0.99698572 	 0.86323916 
21.45000000 	 -0.98624426 	 0.85119571 
21.50000000 	 -0.97420081 	 0.83882676 
21.55000000 	 -0.96313385 	 0.82743431 
21.60000000 	 -0.95206690 	 0.81604185 
21.65000000 	 -0.94067445 	 0.80464940 
21.70000000 	 -0.92928199 	 0.79390794 
21.75000000 	 -0.91788954 	 0.78153899 
21.80000000 	 -0.90682259 	 0.76982104 
21.85000000 	 -0.89543013 	 0.75940509 
21.90000000 	 -0.88436318 	 0.74703614 
21.95000000 	 -0.87166873 	 0.73531818 
22.00000000 	 -0.86060178 	 0.72425123 
22.05000000 	 -0.84855832 	 0.71155678 
22.10000000 	 -0.83749137 	 0.70016433 
22.15000000 	 -0.82609892 	 0.68746988 
22.20000000 	 -0.81405547 	 0.67640293 
22.25000000 	 -0.80201202 	 0.66435947 
22.30000000 	 -0.79094506 	 0.65264152 
22.35000000 	 -0.77857611 	 0.63994707 
22.40000000 	 -0.76718366 	 0.62985662 
22.45000000 	 -0.75579120 	 0.61683667 
22.50000000 	 -0.74407325 	 0.60511872 
22.55000000 	 -0.73235530 	 0.59470276 
22.60000000 	 -0.71966085 	 0.58135731 
22.65000000 	 -0.70729190 	 0.56963936 
22.70000000 	 -0.69524845 	 0.55727041 
22.75000000 	 -0.68418150 	 0.54587796 
22.80000000 	 -0.67246355 	 0.53285801 
22.85000000 	 -0.66042010 	 0.52016357 
22.90000000 	 -0.64837664 	 0.50844561 
22.95000000 	 -0.63633319 	 0.49672766 
23.00000000 	 -0.62428974 	 0.48533521 
23.05000000 	 -0.61192079 	 0.47264076 
23.10000000 	 -0.59922635 	 0.45994631 
23.15000000 	 -0.58750839 	 0.44855386 
23.20000000 	 -0.57546494 	 0.43553391 
23.25000000 	 -0.56374699 	 0.42283946 
23.30000000 	 -0.55105254 	 0.41079601 
23.35000000 	 -0.53900909 	 0.39907806 
23.40000000 	 -0.52664014 	 0.38638361 
23.45000000 	 -0.51459669 	 0.37368917 
23.50000000 	 -0.50255324 	 0.36197121 
23.55000000 	 -0.49018429 	 0.34927677 
23.60000000 	 -0.47748985 	 0.33723332 
23.65000000 	 -0.46544639 	 0.32453887 
23.70000000 	 -0.45307745 	 0.31216992 
23.75000000 	 -0.44005750 	 0.29980097 
23.80000000 	 -0.42833955 	 0.28775752 
23.85000000 	 -0.41531960 	 0.27506307 
23.90000000 	 -0.40327615 	 0.26236862 
23.95000000 	 -0.39090720 	 0.25065067 
24.00000000 	 -0.37821275 	 0.23795622 
24.05000000 	 -0.36551830 	 0.22493628 
24.10000000 	 -0.35445135 	 0.21321832 
24.15000000 	 -0.34143140 	 0.20084937 
24.20000000 	 -0.32873696 	 0.18782943 
24.25000000 	 -0.31669350 	 0.17513498 
24.30000000 	 -0.30432456 	 0.16244053 
24.35000000 	 -0.29130461 	 0.15072258 
24.40000000 	 -0.27893566 	 0.13802813 
24.45000000 	 -0.26624121 	 0.12598468 
24.50000000 	 -0.25419776 	 0.11263924 
24.55000000 	 -0.24215431 	 0.10059579 
24.60000000 	 -0.22913436 	 0.08855233 
24.65000000 	 -0.21611442 	 0.07553239 
24.70000000 	 -0.20374547 	 0.06316344 
24.75000000 	 -0.19137652 	 0.05046899 
24.80000000 	 -0.17933307 	 0.03712355 
24.85000000 	 -0.16598762 	 0.02508009 
24.90000000 	 -0.15394417 	 0.01368764 
24.95000000 	 -0.14157522 	 0.00034220 
25.00000000 	 -0.12920627 	 -0.01235225 
25.05000000 	 -0.11553533 	 -0.02439570 
25.10000000 	 -0.10349188 	 -0.03643915 
25.15000000 	 -0.09047193 	 -0.05043560 
25.20000000 	 -0.07810298 	 -0.06182805 
25.25000000 	 -0.06573403 	 -0.07582449 
25.30000000 	 -0.05303958 	 -0.08754244 
25.35000000 	 -0.04099613 	 -0.10023689 
25.40000000 	 -0.02862719 	 -0.11260584 
25.45000000 	 -0.01528174 	 -0.12562579 
25.50000000 	 -0.00356379 	 -0.13799474 
25.55000000 	 0.00945616 	 -0.15036369 
25.60000000 	 0.02215061 	 -0.16273264 
25.65000000 	 0.03386856 	 -0.17445059 
25.70000000 	 0.04688851 	 -0.18779603 
25.75000000 	 0.05925745 	 -0.19918849 
25.80000000 	 0.07162640 	 -0.21318493 
25.85000000 	 0.08464635 	 -0.22457738 
25.90000000 	 0.09701530 	 -0.23824833 
25.95000000 	 0.10905875 	 -0.25029178 
26.00000000 	 0.12142770 	 -0.26233523 
26.05000000 	 0.13444765 	 -0.27535517 
26.10000000 	 0.14681660 	 -0.28739862 
26.15000000 	 0.15853455 	 -0.29976757 
26.20000000 	 0.17122900 	 -0.31181102 
26.25000000 	 0.18424894 	 -0.32580747 
26.30000000 	 0.19629239 	 -0.33654892 
26.35000000 	 0.20833584 	 -0.34956887 
26.40000000 	 0.22037929 	 -0.36193782 
26.45000000 	 0.23339924 	 -0.37430677 
26.50000000 	 0.24544269 	 -0.38569922 
26.55000000 	 0.25781164 	 -0.39839367 
26.60000000 	 0.26985509 	 -0.41011162 
26.65000000 	 0.28254954 	 -0.42313157 
26.70000000 	 0.29459299 	 -0.43517502 
26.75000000 	 0.30631094 	 -0.44819497 
26.80000000 	 0.31933089 	 -0.46056391 
26.85000000 	 0.33169984 	 -0.47293286 
26.90000000 	 0.34309229 	 -0.48399982 
26.95000000 	 0.35643774 	 -0.49669427 
27.00000000 	 0.36848119 	 -0.50873772 
27.05000000 	 0.37954814 	 -0.51980467 
27.10000000 	 0.39321909 	 -0.53412661 
27.15000000 	 0.40493704 	 -0.54421707 
27.20000000 	 0.41665499 	 -0.55691152 
27.25000000 	 0.42837294 	 -0.56928047 
27.30000000 	 0.44074189 	 -0.58262591 
27.35000000 	 0.45245984 	 -0.59239087 
27.40000000 	 0.46515429 	 -0.60541082 
27.45000000 	 0.47654674 	 -0.61712877 
27.50000000 	 0.48859020 	 -0.63014872 
27.55000000 	 0.50128464 	 -0.64089018 
27.60000000 	 0.51235160 	 -0.65325912 
27.65000000 	 0.52406955 	 -0.66432608 
27.70000000 	 0.53676400 	 -0.67702053 
27.75000000 	 0.54815645 	 -0.68808748 
27.80000000 	 0.55954890 	 -0.70078193 
27.85000000 	 0.57256885 	 -0.71217438 
27.90000000 	 0.58428680 	 -0.72259034 
27.95000000 	 0.59665575 	 -0.73528479 
28.00000000 	 0.60772271 	 -0.74700274 
28.05000000 	 0.61911516 	 -0.75839519 
28.10000000 	 0.63148411 	 -0.77011315 
28.15000000 	 0.64255106 	 -0.78183110 
28.20000000 	 0.65492001 	 -0.79387455 
28.25000000 	 0.66598697 	 -0.80526700 
28.30000000 	 0.67737942 	 -0.81698495 
28.35000000 	 0.68909737 	 -0.82837741 
28.40000000 	 0.70048983 	 -0.83976986 
28.45000000 	 0.71188228 	 -0.85083682 
28.50000000 	 0.72425123 	 -0.86157827 
28.55000000 	 0.73499269 	 -0.87329622 
28.60000000 	 0.74671064 	 -0.88501418 
28.65000000 	 0.75777759 	 -0.89543013 
28.70000000 	 0.76819355 	 -0.90779908 
28.75000000 	 0.78056250 	 -0.91919153 
28.80000000 	 0.79162945 	 -0.92863100 
28.85000000 	 0.80302191 	 -0.94099995 
28.90000000 	 0.81441436 	 -0.95174140 
28.95000000 	 0.82548131 	 -0.96280836 
29.00000000 	 0.83654827 	 -0.97387531 
29.05000000 	 0.84761522 	 -0.98526776 
29.10000000 	 0.85868218 	 -0.99470723 
29.15000000 	 0.87040013 	 -1.00642518 
29.20000000 	 0.88049059 	 -1.01749213 
29.25000000 	 0.89188304 	 -1.02855909 
29.30000000 	 0.90327550 	 -1.03832405 
29.35000000 	 0.91336595 	 -1.05004200 
29.40000000 	 0.92410741 	 -1.06013246 
29.45000000 	 0.93484887 	 -1.07119941 
29.50000000 	 0.94624132 	 -1.08161537 
29.55000000 	 0.95633178 	 -1.09170583 
29.60000000 	 0.96804973 	 -1.10244728 
29.65000000 	 0.97814019 	 -1.11383974 
29.70000000 	 0.98823065 	 -1.12425569 
29.75000000 	 0.99897210 	 -1.13499715 
29.80000000 	 1.00938806 	 -1.14411111 
29.85000000 	 1.02045502 	 -1.15355057 
29.90000000 	 1.03087097 	 -1.16494303 
29.95000000 	 1.04031043 	 -1.17438249 
30.00000000 	 1.05137739 	 -1.18479845 
30.05000000 	 1.06244434 	 -1.19488891 
30.10000000 	 1.07286030 	 -1.20497936 
30.15000000 	 1.08262526 	 -1.21572082 
30.20000000 	 1.09173922 	 -1.22516028 
30.25000000 	 1.10248068 	 -1.23557624 
30.30000000 	 1.11257114 	 -1.24469020 
30.35000000 	 1.12266160 	 -1.25510616 
30.40000000 	 1.13275205 	 -1.26356912 
30.45000000 	 1.14186602 	 -1.27365958 
30.50000000 	 1.15130548 	 -1.28309904 
30.55000000 	 1.16237243 	 -1.29318950 
30.60000000 	 1.17181189 	 -1.30327996 
30.65000000 	 1.18157685 	 -1.31271942 
30.70000000 	 1.19101632 	 -1.32215888 
30.75000000 	 1.20045578 	 -1.33224934 
30.80000000 	 1.21087173 	 -1.34136330 
30.85000000 	 1.21998570 	 -1.35047727 
30.90000000 	 1.23040165 	 -1.35894023 
30.95000000 	 1.23886462 	 -1.36870519 
31.00000000 	 1.24797858 	 -1.37781916 
31.05000000 	 1.25774354 	 -1.38693312 
31.10000000 	 1.26620651 	 -1.39539608 
31.15000000 	 1.27662247 	 -1.40548654 
31.20000000 	 1.28573643 	 -1.41427501 
31.25000000 	 1.29452489 	 -1.42208697 
31.30000000 	 1.30331336 	 -1.43152644 
31.35000000 	 1.31340381 	 -1.43998940 
31.40000000 	 1.32154128 	 -1.44845237 
31.45000000 	 1.33032975 	 -1.45756633 
31.50000000 	 1.33944371 	 -1.46602929 
31.55000000 	 1.34823217 	 -1.47449226 
31.60000000 	 1.35702064 	 -1.48262973 
31.65000000 	 1.36515810 	 -1.49174369 
31.70000000 	 1.37459756 	 -1.49923016 
31.75000000 	 1.38306053 	 -1.50801862 
31.80000000 	 1.39152349 	 -1.51615609 
31.85000000 	 1.39933546 	 -1.52429355 
31.90000000 	 1.40812393 	 -1.53210552 
31.95000000 	 1.41626139 	 -1.54056849 
32.00000000 	 1.42407336 	 -1.54838046 
32.05000000 	 1.43253633 	 -1.55586693 
32.10000000 	 1.44034829 	 -1.56465539 
32.15000000 	 1.44913676 	 -1.57246736 
32.20000000 	 1.45759972 	 -1.57995383 
32.25000000 	 1.46541169 	 -1.58711480 
32.30000000 	 1.47289816 	 -1.59460127 
32.35000000 	 1.48103563 	 -1.60273873 
32.40000000 	 1.48819660 	 -1.60957421 
32.45000000 	 1.49600857 	 -1.61738617 
32.50000000 	 1.50382053 	 -1.62487264 
32.55000000 	 1.51130700 	 -1.63235911 
32.60000000 	 1.51944447 	 -1.63952008 
32.65000000 	 1.52627994 	 -1.64700655 
32.70000000 	 1.53409191 	 -1.65416752 
32.75000000 	 1.54060188 	 -1.66035200 
32.80000000 	 1.54808835 	 -1.66686197 
32.85000000 	 1.55427283 	 -1.67467394 
32.90000000 	 1.56306129 	 -1.68183491 
32.95000000 	 1.56989676 	 -1.68801938 
33.00000000 	 1.57738323 	 -1.69387836 
33.05000000 	 1.58356771 	 -1.70169033 
33.10000000 	 1.59105418 	 -1.70820030 
33.15000000 	 1.59788965 	 -1.71438478 
33.20000000 	 1.60505062 	 -1.72089475 
33.25000000 	 1.61058410 	 -1.72805572 
33.30000000 	 1.61741957 	 -1.73358920 
33.35000000 	 1.62490604 	 -1.73944817 
33.40000000 	 1.63109051 	 -1.74628365 
33.45000000 	 1.63694949 	 -1.75181712 
33.50000000 	 1.64345946 	 -1.75865259 
33.55000000 	 1.64931844 	 -1.76418607 
33.60000000 	 1.65647941 	 -1.77102154 
33.65000000 	 1.66201289 	 -1.77557853 
33.70000000 	 1.66754636 	 -1.78078650 
33.75000000 	 1.67405634 	 -1.78664548 
33.80000000 	 1.68024081 	 -1.79282995 
33.85000000 	 1.68609979 	 -1.79803793 
33.90000000 	 1.69228426 	 -1.80357141 
33.95000000 	 1.69814324 	 -1.80910489 
34.00000000 	 1.70302572 	 -1.81366187 
34.05000000 	 1.70921019 	 -1.81919535 
34.10000000 	 1.71441817 	 -1.82440332 
34.15000000 	 1.71962615 	 -1.82961130 
34.20000000 	 1.72581062 	 -1.83449378 
34.25000000 	 1.73004211 	 -1.83970176 
34.30000000 	 1.73622658 	 -1.84458424 
34.35000000 	 1.74045806 	 -1.84979222 
34.40000000 	 1.74566604 	 -1.85369820 
34.45000000 	 1.75087402 	 -1.85890618 
34.50000000 	 1.75543100 	 -1.86346316 
34.55000000 	 1.76063898 	 -1.86834564 
34.60000000 	 1.76584696 	 -1.87225163 
34.65000000 	 1.77007844 	 -1.87713411 
34.70000000 	 1.77496092 	 -1.88104009 
34.75000000 	 1.77919241 	 -1.88527158 
34.80000000 	 1.78407489 	 -1.88950306 
34.85000000 	 1.78830637 	 -1.89308354 
34.90000000 	 1.79221235 	 -1.89698953 
34.95000000 	 1.79709483 	 -1.90187201 
35.00000000 	 1.80100082 	 -1.90545249 
35.05000000 	 1.80555780 	 -1.90903298 
35.10000000 	 1.80913828 	 -1.91358996 
35.15000000 	 1.81336977 	 -1.91619395 
35.20000000 	 1.81662475 	 -1.91944894 
35.25000000 	 1.82118173 	 -1.92400592 
35.30000000 	 1.82508772 	 -1.92791190 
35.35000000 	 1.82834270 	 -1.93084139 
35.40000000 	 1.83257419 	 -1.93311988 
35.45000000 	 1.83615467 	 -1.93604937 
35.50000000 	 1.83908416 	 -1.93930435 
35.55000000 	 1.84266465 	 -1.94255934 
35.60000000 	 1.84624513 	 -1.94516333 
35.65000000 	 1.84917462 	 -1.94874382 
35.70000000 	 1.85210411 	 -1.95102231 
35.75000000 	 1.85503359 	 -1.95330080 
35.80000000 	 1.85796308 	 -1.95590479 
35.85000000 	 1.86121807 	 -1.95948527 
35.90000000 	 1.86382206 	 -1.96143826 
35.95000000 	 1.86740254 	 -1.96371675 
36.00000000 	 1.87033203 	 -1.96599524 
36.05000000 	 1.87228502 	 -1.96762274 
36.10000000 	 1.87521451 	 -1.97087772 
36.15000000 	 1.87749300 	 -1.97413271 
36.20000000 	 1.88009699 	 -1.97543471 
36.25000000 	 1.88204998 	 -1.97673670 
36.30000000 	 1.88432847 	 -1.97803870 
36.35000000 	 1.88628147 	 -1.97999169 
36.40000000 	 1.88855996 	 -1.98227018 
36.45000000 	 1.89083845 	 -1.98357217 
36.50000000 	 1.89148945 	 -1.98552516 
36.55000000 	 1.89506993 	 -1.98747816 
36.60000000 	 1.89669742 	 -1.98910565 
36.65000000 	 1.89734842 	 -1.98975665 
36.70000000 	 1.89962691 	 -1.99073314 
36.75000000 	 1.90092891 	 -1.99170964 
36.80000000 	 1.90255640 	 -1.99170964 
36.85000000 	 1.90385839 	 -1.99398813 
36.90000000 	 1.90450939 	 -1.99463913 
36.95000000 	 1.90613689 	 -1.99463913 
37.00000000 	 1.90776438 	 -1.99659212 
37.05000000 	 1.90808988 	 -1.99724312 
37.10000000 	 1.90874087 	 -1.99821961 
37.15000000 	 1.91004287 	 -1.99789411 
37.20000000 	 1.91134486 	 -1.99821961 
37.25000000 	 1.91199586 	 -1.99887061 
37.30000000 	 1.91232136 	 -1.99919611 
37.35000000 	 1.91329786 	 -1.99952161 
37.40000000 	 1.91394885 	 -2.00017260 
37.45000000 	 1.91394885 	 -1.99919611 
37.50000000 	 1.91394885 	 -1.99887061 
37.55000000 	 1.91459985 	 -1.99919611 
37.60000000 	 1.91427435 	 -1.99854511 
37.65000000 	 1.91525085 	 -1.99919611 
37.70000000 	 1.91459985 	 -1.99919611 
37.75000000 	 1.91459985 	 -1.99789411 
37.80000000 	 1.91492535 	 -1.99691762 
37.85000000 	 1.91459985 	 -1.99756862 
37.90000000 	 1.91394885 	 -1.99626662 
37.95000000 	 1.91362335 	 -1.99496463 
38.00000000 	 1.91427435 	 -1.99431363 
38.05000000 	 1.91362335 	 -1.99398813 
38.10000000 	 1.91232136 	 -1.99236064 
38.15000000 	 1.91101937 	 -1.99170964 
38.20000000 	 1.91101937 	 -1.99040764 
38.25000000 	 1.91036837 	 -1.98943115 
38.30000000 	 1.91004287 	 -1.98780366 
38.35000000 	 1.90808988 	 -1.98682716 
38.40000000 	 1.90841538 	 -1.98617616 
38.45000000 	 1.90646238 	 -1.98389767 
38.50000000 	 1.90483489 	 -1.98227018 
38.55000000 	 1.90353290 	 -1.98031719 
38.60000000 	 1.90223090 	 -1.97836419 
38.65000000 	 1.90125441 	 -1.97738770 
38.70000000 	 1.89962691 	 -1.97445821 
38.75000000 	 1.89767392 	 -1.97315622 
38.80000000 	 1.89539543 	 -1.97055223 
38.85000000 	 1.89311694 	 -1.96827374 
38.90000000 	 1.89148945 	 -1.96632074 
38.95000000 	 1.88986195 	 -1.96371675 
39.00000000 	 1.88888546 	 -1.96208926 
39.05000000 	 1.88628147 	 -1.95883427 
39.10000000 	 1.88367748 	 -1.95557929 
39.15000000 	 1.88204998 	 -1.95362630 
39.20000000 	 1.87944599 	 -1.95134780 
39.25000000 	 1.87684201 	 -1.94874382 
39.30000000 	 1.87423802 	 -1.94581433 
39.35000000 	 1.87195953 	 -1.94288484 
39.40000000 	 1.86903004 	 -1.93930435 
39.45000000 	 1.86610055 	 -1.93702586 
39.50000000 	 1.86382206 	 -1.93311988 
39.55000000 	 1.86024157 	 -1.92953939 
39.60000000 	 1.85861408 	 -1.92693540 
39.65000000 	 1.85503359 	 -1.92433142 
39.70000000 	 1.85210411 	 -1.91944894 
39.75000000 	 1.84884912 	 -1.91717044 
39.80000000 	 1.84494314 	 -1.91196247 
39.85000000 	 1.84201365 	 -1.90903298 
39.90000000 	 1.83843316 	 -1.90512699 
39.95000000 	 1.83517818 	 -1.90154651 
40.00000000 	 1.83224869 	 -1.89731503 
40.05000000 	 1.82899370 	 -1.89308354 
40.10000000 	 1.82411122 	 -1.88917756 
40.15000000 	 1.82118173 	 -1.88494608 
40.20000000 	 1.81695025 	 -1.88038910 
40.25000000 	 1.81304427 	 -1.87680861 
40.30000000 	 1.80881278 	 -1.87290263 
40.35000000 	 1.80490680 	 -1.86736915 
40.40000000 	 1.79969882 	 -1.86346316 
40.45000000 	 1.79644383 	 -1.85858068 
40.50000000 	 1.79156135 	 -1.85467470 
40.55000000 	 1.78830637 	 -1.84946672 
40.60000000 	 1.78277289 	 -1.84393324 
40.65000000 	 1.77886691 	 -1.83970176 
40.70000000 	 1.77430993 	 -1.83449378 
40.75000000 	 1.76910195 	 -1.82896031 
40.80000000 	 1.76421947 	 -1.82375233 
40.85000000 	 1.75966249 	 -1.81984634 
40.90000000 	 1.75510550 	 -1.81463836 
40.95000000 	 1.74989753 	 -1.80845389 
41.00000000 	 1.74566604 	 -1.80292041 
41.05000000 	 1.74013257 	 -1.79868893 
41.10000000 	 1.73492459 	 -1.79380645 
41.15000000 	 1.73004211 	 -1.78631998 
41.20000000 	 1.72418313 	 -1.78143750 
41.25000000 	 1.71832415 	 -1.77590402 
41.30000000 	 1.71376717 	 -1.77037055 
41.35000000 	 1.70693170 	 -1.76353507 
41.40000000 	 1.70172372 	 -1.75767610 
41.45000000 	 1.69716674 	 -1.75214262 
41.50000000 	 1.69098227 	 -1.74628365 
41.55000000 	 1.68512329 	 -1.73912267 
41.60000000 	 1.67926432 	 -1.73358920 
41.65000000 	 1.67373084 	 -1.72707922 
41.70000000 	 1.66689537 	 -1.72122025 
41.75000000 	 1.66103639 	 -1.71340828 
41.80000000 	 1.65452642 	 -1.70852580 
41.85000000 	 1.64899294 	 -1.70201583 
41.90000000 	 1.64215747 	 -1.69485486 
41.95000000 	 1.63564749 	 -1.68736839 
42.00000000 	 1.62946302 	 -1.68118391 
42.05000000 	 1.62327854 	 -1.67434844 
42.10000000 	 1.61676857 	 -1.66718747 
42.15000000 	 1.60993310 	 -1.66002650 
42.20000000 	 1.60342313 	 -1.65351653 
42.25000000 	 1.59626216 	 -1.64635555 
42.30000000 	 1.58975218 	 -1.63886909 
42.35000000 	 1.58194021 	 -1.63235911 
42.40000000 	 1.57673224 	 -1.62454714 
42.45000000 	 1.56892027 	 -1.61771167 
42.50000000 	 1.56241029 	 -1.61055070 
42.55000000 	 1.55427283 	 -1.60241323 
42.60000000 	 1.54678636 	 -1.59525226 
42.65000000 	 1.53962539 	 -1.58776579 
42.70000000 	 1.53246442 	 -1.57930283 
42.75000000 	 1.52530345 	 -1.57181636 
42.80000000 	 1.51749148 	 -1.56465539 
42.85000000 	 1.50967951 	 -1.55651792 
42.90000000 	 1.50251854 	 -1.54838046 
42.95000000 	 1.49470657 	 -1.53991749 
43.00000000 	 1.48722010 	 -1.53178002 
43.05000000 	 1.47908264 	 -1.52364256 
43.10000000 	 1.47094517 	 -1.51648159 
43.15000000 	 1.46378420 	 -1.50769312 
43.20000000 	 1.45564673 	 -1.49988115 
43.25000000 	 1.44718377 	 -1.49141819 
43.30000000 	 1.43937180 	 -1.48262973 
43.35000000 	 1.43221083 	 -1.47416676 
43.40000000 	 1.42277137 	 -1.46602929 
43.45000000 	 1.41463390 	 -1.45854282 
43.50000000 	 1.40714743 	 -1.44877786 
43.55000000 	 1.39835897 	 -1.44031490 
43.60000000 	 1.38989600 	 -1.43217743 
43.65000000 	 1.38208403 	 -1.42241247 
43.70000000 	 1.37297007 	 -1.41394951 
43.75000000 	 1.36385611 	 -1.40548654 
43.80000000 	 1.35604414 	 -1.39539608 
43.85000000 	 1.34595368 	 -1.38725862 
43.90000000 	 1.33814171 	 -1.37749366 
43.95000000 	 1.32935325 	 -1.36805420 
44.00000000 	 1.32023929 	 -1.35894023 
44.05000000 	 1.31145082 	 -1.34917527 
44.10000000 	 1.30233686 	 -1.34071231 
44.15000000 	 1.29257190 	 -1.33159834 
44.20000000 	 1.28410893 	 -1.32248438 
44.25000000 	 1.27466947 	 -1.31239392 
44.30000000 	 1.26490451 	 -1.30197797 
44.35000000 	 1.25611605 	 -1.29416600 
44.40000000 	 1.24635109 	 -1.28342454 
44.45000000 	 1.23723713 	 -1.27463608 
44.50000000 	 1.22812316 	 -1.26422012 
44.55000000 	 1.21835820 	 -1.25445516 
44.60000000 	 1.20891874 	 -1.24436470 
44.65000000 	 1.19947928 	 -1.23557624 
44.70000000 	 1.19003982 	 -1.22548578 
44.75000000 	 1.17994936 	 -1.21572082 
44.80000000 	 1.17018440 	 -1.20497936 
44.85000000 	 1.16074494 	 -1.19619090 
44.90000000 	 1.15065448 	 -1.18447295 
44.95000000 	 1.14088952 	 -1.17405699 
45.00000000 	 1.13047356 	 -1.16461753 
45.05000000 	 1.12103410 	 -1.15420157 
45.10000000 	 1.11061815 	 -1.14573861 
45.15000000 	 1.10052769 	 -1.13369516 
45.20000000 	 1.09043723 	 -1.12393020 
45.25000000 	 1.08034677 	 -1.11351424 
45.30000000 	 1.07058181 	 -1.10244728 
45.35000000 	 1.05951486 	 -1.09235683 
45.40000000 	 1.04909890 	 -1.08194087 
45.45000000 	 1.03965944 	 -1.07087391 
45.50000000 	 1.02794148 	 -1.06078345 
45.55000000 	 1.01817652 	 -1.04939100 
45.60000000 	 1.00743507 	 -1.03897504 
45.65000000 	 0.99767011 	 -1.02823359 
45.70000000 	 0.98725415 	 -1.01781763 
45.75000000 	 0.97651270 	 -1.00642518 
45.80000000 	 0.96512024 	 -0.99535822 
45.85000000 	 0.95535528 	 -0.98396577 
45.90000000 	 0.94396283 	 -0.97420081 
45.95000000 	 0.93257038 	 -0.96248286 
46.00000000 	 0.92215442 	 -0.95141590 
46.05000000 	 0.91141296 	 -0.94034895 
46.10000000 	 0.90034601 	 -0.92895649 
46.15000000 	 0.88993005 	 -0.91854054 
46.20000000 	 0.87853760 	 -0.90747358 
46.25000000 	 0.86779614 	 -0.89640663 
46.30000000 	 0.85770568 	 -0.88403768 
46.35000000 	 0.84533673 	 -0.87394722 
46.40000000 	 0.83426978 	 -0.86190377 
46.45000000 	 0.82287733 	 -0.85181331 
46.50000000 	 0.81246137 	 -0.83911886 
46.55000000 	 0.80106891 	 -0.82740091 
46.60000000 	 0.79000196 	 -0.81665946 
46.65000000 	 0.77795851 	 -0.80526700 
46.70000000 	 0.76721705 	 -0.79420005 
46.75000000 	 0.75582460 	 -0.78215660 
46.80000000 	 0.74378115 	 -0.77108964 
46.85000000 	 0.73271419 	 -0.75872069 
46.90000000 	 0.72099624 	 -0.74732824 
46.95000000 	 0.71025479 	 -0.73626128 
47.00000000 	 0.69821134 	 -0.72356684 
47.05000000 	 0.68714438 	 -0.71249988 
47.10000000 	 0.67510093 	 -0.70110743 
47.15000000 	 0.66403398 	 -0.68873848 
47.20000000 	 0.65133953 	 -0.67669503 
47.25000000 	 0.63994707 	 -0.66465158 
47.30000000 	 0.62888012 	 -0.65293363 
47.35000000 	 0.61651117 	 -0.64023918 
47.40000000 	 0.60479322 	 -0.62917222 
47.45000000 	 0.59307527 	 -0.61810527 
47.50000000 	 0.58135731 	 -0.60541082 
47.55000000 	 0.56866287 	 -0.59401837 
47.60000000 	 0.55759591 	 -0.58132392 
47.65000000 	 0.54555246 	 -0.56862947 
47.70000000 	 0.53383451 	 -0.55756252 
47.75000000 	 0.52114006 	 -0.54584457 
47.80000000 	 0.50974761 	 -0.53380111 
47.85000000 	 0.49770416 	 -0.52078117 
47.90000000 	 0.48598621 	 -0.50906322 
47.95000000 	 0.47394276 	 -0.49669427 
48.00000000 	 0.46189930 	 -0.48432532 
48.05000000 	 0.44920486 	 -0.47228187 
48.10000000 	 0.43716141 	 -0.46023842 
48.15000000 	 0.42576895 	 -0.44721847 
48.20000000 	 0.41372550 	 -0.43550052 
48.25000000 	 0.40135655 	 -0.42345707 
48.30000000 	 0.38866210 	 -0.41043712 
48.35000000 	 0.37694415 	 -0.39904467 
48.40000000 	 0.36457520 	 -0.38635022 
48.45000000 	 0.35220625 	 -0.37365577 
48.50000000 	 0.33918631 	 -0.36226332 
48.55000000 	 0.32746836 	 -0.35021987 
48.60000000 	 0.31477391 	 -0.33687442 
48.65000000 	 0.30240496 	 -0.32548197 
48.70000000 	 0.29133800 	 -0.31246202 
48.75000000 	 0.27896905 	 -0.30074407 
48.80000000 	 0.26594911 	 -0.28772412 
48.85000000 	 0.25390566 	 -0.27568067 
48.90000000 	 0.24121121 	 -0.26298622 
48.95000000 	 0.22851676 	 -0.25094277 
49.00000000 	 0.21647331 	 -0.23792283 
49.05000000 	 0.20410436 	 -0.22522838 
49.10000000 	 0.19075892 	 -0.21285943 
49.15000000 	 0.17969196 	 -0.20016498 
49.20000000 	 0.16602102 	 -0.18844703 
49.25000000 	 0.15365207 	 -0.17510158 
49.30000000 	 0.14193412 	 -0.16338363 
49.35000000 	 0.12858867 	 -0.15101468 
49.40000000 	 0.11719622 	 -0.13734374 
49.45000000 	 0.10450177 	 -0.12562579 
49.50000000 	 0.09148182 	 -0.11293134 
49.55000000 	 0.07943837 	 -0.10056239 
49.60000000 	 0.06706942 	 -0.08819344 
49.65000000 	 0.05372398 	 -0.07614999 
49.70000000 	 0.04168053 	 -0.06313004 
49.75000000 	 0.02898608 	 -0.05043560 
49.80000000 	 0.01629163 	 -0.03741565 
49.85000000 	 0.00392268 	 -0.02472120 
49.90000000 	 -0.00942276 	 -0.01202675 
49.95000000 	 -0.02114072 	 0.00066769 
50.00000000 	 -0.03350967 	 0.01271115 
50.05000000 	 -0.04652961 	 0.02508009 
50.10000000 	 -0.05922406 	 0.03712355 
50.15000000 	 -0.07159301 	 0.05014349 
50.20000000 	 -0.08461296 	 0.06316344 
50.25000000 	 -0.09665641 	 0.07585789 
50.30000000 	 -0.10935085 	 0.08822684 
50.35000000 	 -0.12171980 	 0.09994479 
50.40000000 	 -0.13473975 	 0.11361573 
50.45000000 	 -0.14743420 	 0.12533368 
50.50000000 	 -0.15947765 	 0.13900463 
50.55000000 	 -0.17152110 	 0.15072258 
50.60000000 	 -0.18454105 	 0.16211503 
50.65000000 	 -0.19691000 	 0.17578598 
50.70000000 	 -0.20960444 	 0.18848043 
50.75000000 	 -0.22197339 	 0.20150037 
50.80000000 	 -0.23434234 	 0.21321832 
50.85000000 	 -0.24768779 	 0.22493628 
50.90000000 	 -0.25940574 	 0.23763072 
50.95000000 	 -0.27242569 	 0.25097617 
51.00000000 	 -0.28414364 	 0.26367062 
51.05000000 	 -0.29683809 	 0.27473757 
51.10000000 	 -0.30855604 	 0.28743202 
51.15000000 	 -0.32190148 	 0.29980097 
51.20000000 	 -0.33361943 	 0.31216992 
51.25000000 	 -0.34598838 	 0.32486437 
51.30000000 	 -0.35868283 	 0.33755881 
51.35000000 	 -0.37105178 	 0.34927677 
51.40000000 	 -0.38342073 	 0.36294771 
51.45000000 	 -0.39513868 	 0.37434016 
51.50000000 	 -0.40815863 	 0.38670911 
51.55000000 	 -0.42020208 	 0.39940356 
51.60000000 	 -0.43224553 	 0.41112151 
51.65000000 	 -0.44526548 	 0.42316496 
51.70000000 	 -0.45698343 	 0.43553391 
51.75000000 	 -0.46967788 	 0.44855386 
51.80000000 	 -0.48204683 	 0.46059731 
51.85000000 	 -0.49343928 	 0.47231526 
51.90000000 	 -0.50613373 	 0.48500971 
51.95000000 	 -0.51915367 	 0.49640216 
52.00000000 	 -0.53054613 	 0.50877111 
52.05000000 	 -0.54291508 	 0.52114006 
52.10000000 	 -0.55528403 	 0.53285801 
52.15000000 	 -0.56700198 	 0.54522696 
52.20000000 	 -0.57937093 	 0.55694491 
52.25000000 	 -0.59173988 	 0.56963936 
52.30000000 	 -0.60280683 	 0.58135731 
52.35000000 	 -0.61550128 	 0.59372626 
52.40000000 	 -0.62721923 	 0.60576971 
52.45000000 	 -0.63893718 	 0.61683667 
52.50000000 	 -0.65130613 	 0.62985662 
52.55000000 	 -0.66334958 	 0.64124907 
52.60000000 	 -0.67506754 	 0.65329252 
52.65000000 	 -0.68711099 	 0.66468497 
52.70000000 	 -0.69882894 	 0.67705392 
52.75000000 	 -0.71152339 	 0.68844638 
52.80000000 	 -0.72291584 	 0.70016433 
52.85000000 	 -0.73463379 	 0.71253328 
52.90000000 	 -0.74667724 	 0.72425123 
52.95000000 	 -0.75872069 	 0.73564368 
53.00000000 	 -0.77076414 	 0.74736163 
53.05000000 	 -0.78183110 	 0.75842859 
53.10000000 	 -0.79354905 	 0.76982104 
53.15000000 	 -0.80591800 	 0.78186449 
53.20000000 	 -0.81698495 	 0.79390794 
53.25000000 	 -0.82837741 	 0.80464940 
53.30000000 	 -0.84009536 	 0.81636735 
53.35000000 	 -0.85181331 	 0.82841080 
53.40000000 	 -0.86288027 	 0.83980326 
53.45000000 	 -0.87459822 	 0.85087021 
53.50000000 	 -0.88566517 	 0.86226266 
53.55000000 	 -0.89835962 	 0.87267862 
53.60000000 	 -0.90845008 	 0.88537307 
53.65000000 	 -0.92016803 	 0.89546353 
53.70000000 	 -0.93188598 	 0.90750698 
53.75000000 	 -0.94327844 	 0.91824843 
53.80000000 	 -0.95336889 	 0.92833889 
53.85000000 	 -0.96606334 	 0.94168434 
53.90000000 	 -0.97615380 	 0.95177480 
53.95000000 	 -0.98754625 	 0.96251625 
54.00000000 	 -0.99958971 	 0.97390871 
54.05000000 	 -1.00968016 	 0.98497566 
54.10000000 	 -1.02139812 	 0.99571712 
54.15000000 	 -1.03181407 	 1.00515658 
54.20000000 	 -1.04320653 	 1.01720003 
54.25000000 	 -1.05362248 	 1.02761599 
54.30000000 	 -1.06534044 	 1.03868294 
54.35000000 	 -1.07575639 	 1.04909890 
54.40000000 	 -1.08682335 	 1.05984035 
54.45000000 	 -1.09789030 	 1.07025631 
54.50000000 	 -1.10798076 	 1.08034677 
54.55000000 	 -1.11872222 	 1.09141372 
54.60000000 	 -1.12946367 	 1.10215518 
54.65000000 	 -1.13987963 	 1.11322213 
54.70000000 	 -1.15029559 	 1.12396359 
54.75000000 	 -1.16103704 	 1.13340305 
54.80000000 	 -1.17177850 	 1.14381901 
54.85000000 	 -1.18186896 	 1.15390947 
54.90000000 	 -1.19326141 	 1.16432543 
54.95000000 	 -1.20237537 	 1.17409039 
55.00000000 	 -1.21376783 	 1.18515734 
55.05000000 	 -1.22450928 	 1.19459680 
55.10000000 	 -1.23492524 	 1.20533826 
55.15000000 	 -1.24436470 	 1.21477772 
55.20000000 	 -1.25445516 	 1.22454268 
55.25000000 	 -1.26422012 	 1.23495864 
55.30000000 	 -1.27496158 	 1.24439810 
55.35000000 	 -1.28505204 	 1.25448856 
55.40000000 	 -1.29449150 	 1.26457901 
55.45000000 	 -1.30393096 	 1.27401848 
55.50000000 	 -1.31434692 	 1.28378344 
55.55000000 	 -1.32378638 	 1.29289740 
55.60000000 	 -1.33452783 	 1.30233686 
55.65000000 	 -1.34364180 	 1.31275282 
55.70000000 	 -1.35243026 	 1.32056479 
55.75000000 	 -1.36349721 	 1.33195724 
55.80000000 	 -1.37196018 	 1.34074570 
55.85000000 	 -1.38172514 	 1.35018516 
55.90000000 	 -1.39149010 	 1.35962463 
55.95000000 	 -1.40092956 	 1.36841309 
56.00000000 	 -1.41036902 	 1.37720155 
56.05000000 	 -1.41948298 	 1.38664101 
56.10000000 	 -1.42859695 	 1.39575498 
56.15000000 	 -1.43868741 	 1.40356694 
56.20000000 	 -1.44715037 	 1.41365740 
56.25000000 	 -1.45691533 	 1.42309686 
56.30000000 	 -1.46570380 	 1.43025784 
56.35000000 	 -1.47514326 	 1.43969730 
56.40000000 	 -1.48360622 	 1.44848576 
56.45000000 	 -1.49239469 	 1.45727422 
56.50000000 	 -1.50215965 	 1.46573719 
56.55000000 	 -1.50997161 	 1.47452565 
56.60000000 	 -1.51843458 	 1.48331412 
56.65000000 	 -1.52722304 	 1.49112609 
56.70000000 	 -1.53568601 	 1.49958905 
56.75000000 	 -1.54479997 	 1.50707552 
56.80000000 	 -1.55261194 	 1.51618948 
56.85000000 	 -1.56172590 	 1.52335045 
56.90000000 	 -1.56986337 	 1.53181342 
56.95000000 	 -1.57865183 	 1.54027638 
57.00000000 	 -1.58678930 	 1.54841385 
57.05000000 	 -1.59362477 	 1.55557482 
57.10000000 	 -1.60241323 	 1.56338679 
57.15000000 	 -1.61055070 	 1.57152426 
57.20000000 	 -1.61868817 	 1.57933622 
57.25000000 	 -1.62650014 	 1.58649720 
57.30000000 	 -1.63496310 	 1.59463466 
57.35000000 	 -1.64212407 	 1.60114464 
57.40000000 	 -1.65058704 	 1.60928210 
57.45000000 	 -1.65774801 	 1.61709407 
57.50000000 	 -1.66621097 	 1.62458054 
57.55000000 	 -1.67206995 	 1.63206701 
57.60000000 	 -1.68053291 	 1.63922798 
57.65000000 	 -1.68769389 	 1.64476146 
57.70000000 	 -1.69550585 	 1.65354992 
57.75000000 	 -1.70299232 	 1.66005989 
57.80000000 	 -1.71015329 	 1.66689537 
57.85000000 	 -1.71666327 	 1.67438184 
57.90000000 	 -1.72480073 	 1.68024081 
57.95000000 	 -1.73163621 	 1.68772728 
58.00000000 	 -1.73847168 	 1.69358626 
58.05000000 	 -1.74563265 	 1.70107273 
58.10000000 	 -1.75279362 	 1.70628070 
58.15000000 	 -1.75962909 	 1.71474367 
58.20000000 	 -1.76613906 	 1.72060265 
58.25000000 	 -1.77232354 	 1.72711262 
58.30000000 	 -1.77915901 	 1.73264610 
58.35000000 	 -1.78631998 	 1.73883057 
58.40000000 	 -1.79152796 	 1.74534054 
58.45000000 	 -1.79901443 	 1.75152502 
58.50000000 	 -1.80487340 	 1.75770949 
58.55000000 	 -1.81203438 	 1.76259197 
58.60000000 	 -1.81789335 	 1.76942745 
58.65000000 	 -1.82375233 	 1.77528642 
58.70000000 	 -1.82993680 	 1.78016890 
58.75000000 	 -1.83547028 	 1.78667887 
58.80000000 	 -1.84198025 	 1.79221235 
58.85000000 	 -1.84783923 	 1.79774583 
58.90000000 	 -1.85402370 	 1.80295381 
58.95000000 	 -1.85988268 	 1.80946378 
59.00000000 	 -1.86509066 	 1.81402076 
59.05000000 	 -1.87062414 	 1.81890324 
59.10000000 	 -1.87615761 	 1.82508772 
59.15000000 	 -1.88136559 	 1.82997020 
59.20000000 	 -1.88657357 	 1.83485268 
59.25000000 	 -1.89275804 	 1.83875866 
59.30000000 	 -1.89731503 	 1.84494314 
59.35000000 	 -1.90252300 	 1.84950012 
59.40000000 	 -1.90740548 	 1.85373160 
59.45000000 	 -1.91261346 	 1.85828858 
59.50000000 	 -1.91749594 	 1.86317106 
59.55000000 	 -1.92237842 	 1.86772804 
59.60000000 	 -1.92693540 	 1.87195953 
59.65000000 	 -1.93181788 	 1.87619101 
59.70000000 	 -1.93702586 	 1.88042249 
59.75000000 	 -1.94060635 	 1.88497947 
59.80000000 	 -1.94581433 	 1.88823446 
59.85000000 	 -1.95004581 	 1.89344244 
59.90000000 	 -1.95427729 	 1.89702292 
59.95000000 	 -1.95915977 	 1.89995241 
60.00000000 	 -1.96339126 	 1.90516039 
60.05000000 	 -1.96697174 	 1.90874087 
60.10000000 	 -1.97152872 	 1.91232136 
60.15000000 	 -1.97543471 	 1.91655284 
60.20000000 	 -1.97966619 	 1.91948233 
60.25000000 	 -1.98357217 	 1.92403931 
60.30000000 	 -1.98617616 	 1.92631780 
60.35000000 	 -1.99040764 	 1.92957279 
60.40000000 	 -1.99366263 	 1.93347877 
60.45000000 	 -1.99756862 	 1.93608276 
60.50000000 	 -2.00114910 	 1.93868675 
60.55000000 	 -2.00440409 	 1.94259274 
60.60000000 	 -2.00798457 	 1.94552222 
60.65000000 	 -2.01058856 	 1.94877721 
60.70000000 	 -2.01482004 	 1.95105570 
60.75000000 	 -2.01742403 	 1.95333419 
60.80000000 	 -2.02067902 	 1.95561268 
60.85000000 	 -2.02328301 	 1.95854217 
60.90000000 	 -2.02588700 	 1.96114616 
60.95000000 	 -2.02881649 	 1.96277365 
61.00000000 	 -2.03109498 	 1.96570314 
61.05000000 	 -2.03434996 	 1.96798163 
61.10000000 	 -2.03695395 	 1.97026012 
61.15000000 	 -2.03955794 	 1.97253861 
61.20000000 	 -2.04151094 	 1.97416611 
61.25000000 	 -2.04444042 	 1.97611910 
61.30000000 	 -2.04574242 	 1.97839759 
61.35000000 	 -2.04802091 	 1.97969958 
61.40000000 	 -2.05062490 	 1.98230357 
61.45000000 	 -2.05257789 	 1.98360557 
61.50000000 	 -2.05420538 	 1.98458206 
61.55000000 	 -2.05583288 	 1.98653506 
61.60000000 	 -2.05843687 	 1.98783705 
61.65000000 	 -2.06006436 	 1.98913904 
61.70000000 	 -2.06136635 	 1.99076654 
61.75000000 	 -2.06266835 	 1.99174303 
61.80000000 	 -2.06364484 	 1.99271953 
61.85000000 	 -2.06494684 	 1.99337053 
61.90000000 	 -2.06722533 	 1.99467252 
61.95000000 	 -2.06787633 	 1.99499802 
62.00000000 	 -2.06950382 	 1.99662551 
62.05000000 	 -2.06982932 	 1.99630002 
62.10000000 	 -2.07145681 	 1.99662551 
62.15000000 	 -2.07275881 	 1.99792751 
62.20000000 	 -2.07308431 	 1.99792751 
62.25000000 	 -2.07373530 	 1.99792751 
62.30000000 	 -2.07406080 	 1.99857851 
62.35000000 	 -2.07503730 	 1.99792751 
62.40000000 	 -2.07503730 	 1.99955500 
62.45000000 	 -2.07536280 	 1.99955500 
62.50000000 	 -2.07731579 	 1.99922950 
62.55000000 	 -2.07601379 	 1.99792751 
62.60000000 	 -2.07699029 	 1.99857851 
62.65000000 	 -2.07633929 	 1.99825301 
62.70000000 	 -2.07699029 	 1.99727651 
62.75000000 	 -2.07633929 	 1.99727651 
62.80000000 	 -2.07601379 	 1.99695101 
62.85000000 	 -2.07601379 	 1.99695101 
62.90000000 	 -2.07601379 	 1.99597452 
62.95000000 	 -2.07568829 	 1.99434702 
63.00000000 	 -2.07536280 	 1.99402152 
63.05000000 	 -2.07438630 	 1.99337053 
63.10000000 	 -2.07406080 	 1.99271953 
63.15000000 	 -2.07308431 	 1.99109204 
63.20000000 	 -2.07210781 	 1.98979004 
63.25000000 	 -2.07178231 	 1.98913904 
63.30000000 	 -2.07113131 	 1.98751155 
63.35000000 	 -2.06982932 	 1.98653506 
63.40000000 	 -2.06885282 	 1.98490756 
63.45000000 	 -2.06689983 	 1.98230357 
63.50000000 	 -2.06689983 	 1.98197807 
63.55000000 	 -2.06559784 	 1.98035058 
63.60000000 	 -2.06397034 	 1.97774659 
63.65000000 	 -2.06201735 	 1.97611910 
63.70000000 	 -2.06071536 	 1.97546810 
63.75000000 	 -2.05908786 	 1.97188762 
63.80000000 	 -2.05778587 	 1.96895813 
63.85000000 	 -2.05550738 	 1.96830713 
63.90000000 	 -2.05355439 	 1.96537764 
63.95000000 	 -2.05127590 	 1.96375015 
64.00000000 	 -2.04997390 	 1.96082066 
64.05000000 	 -2.04802091 	 1.95919317 
64.10000000 	 -2.04606792 	 1.95626368 
64.15000000 	 -2.04313843 	 1.95300869 
64.20000000 	 -2.04085994 	 1.95170670 
64.25000000 	 -2.03923244 	 1.94812621 
64.30000000 	 -2.03662846 	 1.94519673 
64.35000000 	 -2.03402447 	 1.94226724 
64.40000000 	 -2.03142048 	 1.93998875 
64.45000000 	 -2.02946748 	 1.93640826 
64.50000000 	 -2.02556150 	 1.93250228 
64.55000000 	 -2.02198102 	 1.92989829 
64.60000000 	 -2.02035352 	 1.92631780 
64.65000000 	 -2.01677304 	 1.92241182 
64.70000000 	 -2.01384355 	 1.91915683 
64.75000000 	 -2.01026306 	 1.91622734 
64.80000000 	 -2.00798457 	 1.91199586 
64.85000000 	 -2.00375309 	 1.90906637 
64.90000000 	 -2.00049810 	 1.90548589 
64.95000000 	 -1.99724312 	 1.90027791 
65.00000000 	 -1.99301163 	 1.89702292 
65.05000000 	 -1.99040764 	 1.89246594 
65.10000000 	 -1.98650166 	 1.88986195 
65.15000000 	 -1.98227018 	 1.88465397 
65.20000000 	 -1.97868969 	 1.88042249 
65.25000000 	 -1.97510921 	 1.87716750 
65.30000000 	 -1.97087772 	 1.87228502 
65.35000000 	 -1.96632074 	 1.86772804 
65.40000000 	 -1.96208926 	 1.86382206 
65.45000000 	 -1.95850878 	 1.85828858 
65.50000000 	 -1.95362630 	 1.85438260 
65.55000000 	 -1.94906931 	 1.84950012 
65.60000000 	 -1.94516333 	 1.84526863 
65.65000000 	 -1.94125735 	 1.83810766 
65.70000000 	 -1.93539837 	 1.83420168 
65.75000000 	 -1.93084139 	 1.82997020 
65.80000000 	 -1.92660991 	 1.82346022 
65.85000000 	 -1.92172743 	 1.81922874 
65.90000000 	 -1.91684495 	 1.81402076 
65.95000000 	 -1.91196247 	 1.80881278 
66.00000000 	 -1.90675449 	 1.80327931 
66.05000000 	 -1.90154651 	 1.79839683 
66.10000000 	 -1.89731503 	 1.79221235 
66.15000000 	 -1.89145605 	 1.78732987 
66.20000000 	 -1.88592257 	 1.78081990 
66.25000000 	 -1.88104009 	 1.77496092 
66.30000000 	 -1.87485562 	 1.76975294 
66.35000000 	 -1.87029864 	 1.76324297 
66.40000000 	 -1.86346316 	 1.75738399 
66.45000000 	 -1.85890618 	 1.75152502 
66.50000000 	 -1.85272171 	 1.74566604 
66.55000000 	 -1.84718823 	 1.73948157 
66.60000000 	 -1.84132926 	 1.73329709 
66.65000000 	 -1.83449378 	 1.72646162 
66.70000000 	 -1.82928580 	 1.72027715 
66.75000000 	 -1.82342683 	 1.71376717 
66.80000000 	 -1.81724235 	 1.70693170 
66.85000000 	 -1.80975588 	 1.70107273 
66.90000000 	 -1.80357141 	 1.69391175 
66.95000000 	 -1.79738694 	 1.68870378 
67.00000000 	 -1.79120246 	 1.68089181 
67.05000000 	 -1.78501799 	 1.67373084 
67.10000000 	 -1.77785702 	 1.66624437 
67.15000000 	 -1.77199804 	 1.65940890 
67.20000000 	 -1.76516257 	 1.65289892 
67.25000000 	 -1.75865259 	 1.64541245 
67.30000000 	 -1.75116613 	 1.63857698 
67.35000000 	 -1.74465615 	 1.63206701 
67.40000000 	 -1.73684418 	 1.62425504 
67.45000000 	 -1.73098521 	 1.61676857 
67.50000000 	 -1.72382424 	 1.60960760 
67.55000000 	 -1.71731426 	 1.60277213 
67.60000000 	 -1.70917680 	 1.59496016 
67.65000000 	 -1.70136483 	 1.58649720 
67.70000000 	 -1.69518035 	 1.57933622 
67.75000000 	 -1.68736839 	 1.57184976 
67.80000000 	 -1.67955642 	 1.56436329 
67.85000000 	 -1.67174445 	 1.55590032 
67.90000000 	 -1.66393248 	 1.54841385 
67.95000000 	 -1.65709701 	 1.53962539 
68.00000000 	 -1.64928504 	 1.53213892 
68.05000000 	 -1.64212407 	 1.52400145 
68.10000000 	 -1.63366111 	 1.51684048 
68.15000000 	 -1.62617464 	 1.50772652 
68.20000000 	 -1.61738617 	 1.49991455 
68.25000000 	 -1.60957421 	 1.49080059 
68.30000000 	 -1.60241323 	 1.48233762 
68.35000000 	 -1.59362477 	 1.47387466 
68.40000000 	 -1.58548730 	 1.46573719 
68.45000000 	 -1.57702434 	 1.45759972 
68.50000000 	 -1.56921237 	 1.44848576 
68.55000000 	 -1.56009841 	 1.44002280 
68.60000000 	 -1.55130994 	 1.43090883 
68.65000000 	 -1.54317248 	 1.42277137 
68.70000000 	 -1.53503501 	 1.41365740 
68.75000000 	 -1.52657205 	 1.40519444 
68.80000000 	 -1.51778358 	 1.39640597 
68.85000000 	 -1.50866962 	 1.38664101 
68.90000000 	 -1.50085765 	 1.37687605 
68.95000000 	 -1.49076719 	 1.36841309 
69.00000000 	 -1.48230423 	 1.35962463 
69.05000000 	 -1.47253927 	 1.35018516 
69.10000000 	 -1.46472730 	 1.34042020 
69.15000000 	 -1.45431134 	 1.33130624 
69.20000000 	 -1.44649937 	 1.32154128 
69.25000000 	 -1.43640892 	 1.31275282 
69.30000000 	 -1.42762045 	 1.30233686 
69.35000000 	 -1.41785549 	 1.29354840 
69.40000000 	 -1.40841603 	 1.28443443 
69.45000000 	 -1.39962757 	 1.27369298 
69.50000000 	 -1.38986261 	 1.26523001 
69.55000000 	 -1.38042314 	 1.25448856 
69.60000000 	 -1.37098368 	 1.24374710 
69.65000000 	 -1.36219522 	 1.23398214 
69.70000000 	 -1.35243026 	 1.22421718 
69.75000000 	 -1.34299080 	 1.21380122 
69.80000000 	 -1.33257484 	 1.20468726 
69.85000000 	 -1.32248438 	 1.19394580 
69.90000000 	 -1.31271942 	 1.18515734 
69.95000000 	 -1.30230346 	 1.17474138 
70.00000000 	 -1.29286400 	 1.16399993 
70.05000000 	 -1.28309904 	 1.15358397 
70.10000000 	 -1.27268309 	 1.14381901 
70.15000000 	 -1.26226713 	 1.13340305 
70.20000000 	 -1.25282767 	 1.12363809 
70.25000000 	 -1.24208621 	 1.11322213 
70.30000000 	 -1.23199575 	 1.10215518 
70.35000000 	 -1.22125430 	 1.09173922 
70.40000000 	 -1.21148934 	 1.08132327 
70.45000000 	 -1.20107338 	 1.07058181 
70.50000000 	 -1.19130842 	 1.05984035 
70.55000000 	 -1.18056696 	 1.04909890 
70.60000000 	 -1.17047651 	 1.03900844 
70.65000000 	 -1.15973505 	 1.02761599 
70.70000000 	 -1.14931909 	 1.01752553 
70.75000000 	 -1.13760114 	 1.00645857 
70.80000000 	 -1.12751068 	 0.99506612 
70.85000000 	 -1.11676923 	 0.98465016 
70.90000000 	 -1.10570227 	 0.97358321 
70.95000000 	 -1.09528631 	 0.96251625 
71.00000000 	 -1.08454486 	 0.95210030 
71.05000000 	 -1.07380340 	 0.94070784 
71.10000000 	 -1.06338744 	 0.92898989 
71.15000000 	 -1.05166949 	 0.91792294 
71.20000000 	 -1.04092804 	 0.90653048 
71.25000000 	 -1.02986108 	 0.89546353 
71.30000000 	 -1.01911963 	 0.88504757 
71.35000000 	 -1.00740167 	 0.87365512 
71.40000000 	 -0.99698572 	 0.86258816 
71.45000000 	 -0.98526776 	 0.85054471 
71.50000000 	 -0.97452631 	 0.83947776 
71.55000000 	 -0.96313385 	 0.82808530 
71.60000000 	 -0.95174140 	 0.81571635 
71.65000000 	 -0.94067445 	 0.80530040 
71.70000000 	 -0.92895649 	 0.79293145 
71.75000000 	 -0.91854054 	 0.78153899 
71.80000000 	 -0.90617159 	 0.77079754 
71.85000000 	 -0.89543013 	 0.75907959 
71.90000000 	 -0.88338668 	 0.74703614 
71.95000000 	 -0.87134323 	 0.73596918 
72.00000000 	 -0.86027628 	 0.72392573 
72.05000000 	 -0.84920932 	 0.71285878 
72.10000000 	 -0.83716587 	 0.70081533 
72.15000000 	 -0.82544792 	 0.68877187 
72.20000000 	 -0.81438096 	 0.67705392 
72.25000000 	 -0.80201202 	 0.66370848 
72.30000000 	 -0.79061956 	 0.65296702 
72.35000000 	 -0.77922711 	 0.64157457 
72.40000000 	 -0.76783466 	 0.62985662 
72.45000000 	 -0.75579120 	 0.61716217 
72.50000000 	 -0.74374775 	 0.60576971 
72.55000000 	 -0.73170430 	 0.59372626 
72.60000000 	 -0.71933535 	 0.58135731 
72.65000000 	 -0.70794290 	 0.56898837 
72.70000000 	 -0.69687595 	 0.55661942 
72.75000000 	 -0.68353050 	 0.54555246 
72.80000000 	 -0.67181255 	 0.53318351 
72.85000000 	 -0.66042010 	 0.52114006 
72.90000000 	 -0.64740015 	 0.50909661 
72.95000000 	 -0.63568220 	 0.49607666 
73.00000000 	 -0.62428974 	 0.48403321 
73.05000000 	 -0.61192079 	 0.47231526 
73.10000000 	 -0.59922635 	 0.46059731 
73.15000000 	 -0.58718290 	 0.44855386 
73.20000000 	 -0.57546494 	 0.43618491 
73.25000000 	 -0.56277050 	 0.42381596 
