time (s) 	 Output Voltage(v) 	 Input Voltage(v)
0.00000000 	 -0.07354600 	 0.07553239 
0.02000000 	 -0.08233446 	 0.10027029 
0.04000000 	 -0.09177393 	 0.12533368 
0.06000000 	 -0.10251538 	 0.15072258 
0.08000000 	 -0.11455883 	 0.17546048 
0.10000000 	 -0.12790428 	 0.20084937 
0.12000000 	 -0.14124972 	 0.22526177 
0.14000000 	 -0.15589716 	 0.25097617 
0.16000000 	 -0.17119560 	 0.27538857 
0.18000000 	 -0.18779603 	 0.30045197 
0.20000000 	 -0.20439646 	 0.32584086 
0.22000000 	 -0.22197339 	 0.34960226 
0.24000000 	 -0.24020132 	 0.37499116 
0.26000000 	 -0.25908024 	 0.39907806 
0.28000000 	 -0.27698267 	 0.42349046 
0.30000000 	 -0.29716358 	 0.44790286 
0.32000000 	 -0.31636801 	 0.47198976 
0.34000000 	 -0.33687442 	 0.49705316 
0.36000000 	 -0.35705534 	 0.52179106 
0.38000000 	 -0.37723626 	 0.54490146 
0.40000000 	 -0.39806817 	 0.56996486 
0.42000000 	 -0.41922558 	 0.59372626 
0.44000000 	 -0.44038300 	 0.61683667 
0.46000000 	 -0.46186591 	 0.64092357 
0.48000000 	 -0.48399982 	 0.66468497 
0.50000000 	 -0.50515723 	 0.68909737 
0.52000000 	 -0.52664014 	 0.71285878 
0.54000000 	 -0.54909955 	 0.73596918 
0.56000000 	 -0.57090796 	 0.75842859 
0.58000000 	 -0.59304187 	 0.78218999 
0.60000000 	 -0.61387379 	 0.80464940 
0.62000000 	 -0.63730969 	 0.82743431 
0.64000000 	 -0.65976910 	 0.85087021 
0.66000000 	 -0.68157751 	 0.87398062 
0.68000000 	 -0.70338592 	 0.89513803 
0.70000000 	 -0.72617083 	 0.91792294 
0.72000000 	 -0.74765374 	 0.94135884 
0.74000000 	 -0.76978765 	 0.96219075 
0.76000000 	 -0.79192156 	 0.98465016 
0.78000000 	 -0.81372997 	 1.00613307 
0.80000000 	 -0.83521288 	 1.02794148 
0.82000000 	 -0.85799779 	 1.04942440 
0.84000000 	 -0.87882970 	 1.07090731 
0.86000000 	 -0.90128911 	 1.09141372 
0.88000000 	 -0.92179552 	 1.11354763 
0.90000000 	 -0.94425493 	 1.13340305 
0.92000000 	 -0.96573784 	 1.15456047 
0.94000000 	 -0.98656976 	 1.17474138 
0.96000000 	 -1.00902917 	 1.19459680 
0.98000000 	 -1.02921008 	 1.21477772 
1.00000000 	 -1.05036750 	 1.23398214 
1.02000000 	 -1.07152491 	 1.25448856 
1.04000000 	 -1.09268232 	 1.27401848 
1.06000000 	 -1.11286324 	 1.29289740 
1.08000000 	 -1.13304416 	 1.31112532 
1.10000000 	 -1.15485257 	 1.33065524 
1.12000000 	 -1.17405699 	 1.35051066 
1.14000000 	 -1.19488891 	 1.36776209 
1.16000000 	 -1.21409333 	 1.38696651 
1.18000000 	 -1.23427424 	 1.40519444 
1.20000000 	 -1.25347866 	 1.42179487 
1.22000000 	 -1.27300858 	 1.44002280 
1.24000000 	 -1.29253850 	 1.45727422 
1.26000000 	 -1.31304492 	 1.47517665 
1.28000000 	 -1.33127285 	 1.49047509 
1.30000000 	 -1.35047727 	 1.50772652 
1.32000000 	 -1.36870519 	 1.52432695 
1.34000000 	 -1.38758412 	 1.54027638 
1.36000000 	 -1.40516104 	 1.55557482 
1.38000000 	 -1.42338897 	 1.57184976 
1.40000000 	 -1.44064040 	 1.58682269 
1.42000000 	 -1.45886832 	 1.60277213 
1.44000000 	 -1.47611975 	 1.61709407 
1.46000000 	 -1.49369668 	 1.63174151 
1.48000000 	 -1.51029711 	 1.64573795 
1.50000000 	 -1.52657205 	 1.66103639 
1.52000000 	 -1.54382347 	 1.67373084 
1.54000000 	 -1.56009841 	 1.68740178 
1.56000000 	 -1.57604784 	 1.70107273 
1.58000000 	 -1.59199728 	 1.71441817 
1.60000000 	 -1.60794671 	 1.72711262 
1.62000000 	 -1.62357065 	 1.73948157 
1.64000000 	 -1.63821809 	 1.75185052 
1.66000000 	 -1.65221453 	 1.76356847 
1.68000000 	 -1.66783847 	 1.77463542 
1.70000000 	 -1.68248591 	 1.78732987 
1.72000000 	 -1.69583135 	 1.79839683 
1.74000000 	 -1.71047879 	 1.80913828 
1.76000000 	 -1.72382424 	 1.82020524 
1.78000000 	 -1.73684418 	 1.82964470 
1.80000000 	 -1.75018963 	 1.83908416 
1.82000000 	 -1.76386057 	 1.84917462 
1.84000000 	 -1.77622952 	 1.85893958 
1.86000000 	 -1.78827297 	 1.86772804 
1.88000000 	 -1.80064192 	 1.87619101 
1.90000000 	 -1.81268537 	 1.88465397 
1.92000000 	 -1.82407783 	 1.89246594 
1.94000000 	 -1.83547028 	 1.90092891 
1.96000000 	 -1.84621174 	 1.90906637 
1.98000000 	 -1.85760419 	 1.91492535 
2.00000000 	 -1.86867114 	 1.92273732 
2.02000000 	 -1.87811060 	 1.92924729 
2.04000000 	 -1.88755007 	 1.93575726 
2.06000000 	 -1.89796602 	 1.94226724 
2.08000000 	 -1.90740548 	 1.94877721 
2.10000000 	 -1.91586845 	 1.95365969 
2.12000000 	 -1.92465691 	 1.95789117 
2.14000000 	 -1.93344538 	 1.96375015 
2.16000000 	 -1.94158284 	 1.96830713 
2.18000000 	 -1.94972031 	 1.97221311 
2.20000000 	 -1.95720678 	 1.97611910 
2.22000000 	 -1.96436775 	 1.98067608 
2.24000000 	 -1.97185422 	 1.98425656 
2.26000000 	 -1.97868969 	 1.98588406 
2.28000000 	 -1.98487417 	 1.98848805 
2.30000000 	 -1.99073314 	 1.99076654 
2.32000000 	 -1.99691762 	 1.99337053 
2.34000000 	 -2.00310209 	 1.99499802 
2.36000000 	 -2.00765907 	 1.99597452 
2.38000000 	 -2.01254155 	 1.99760201 
2.40000000 	 -2.01742403 	 1.99792751 
2.42000000 	 -2.02100452 	 1.99890400 
2.44000000 	 -2.02458500 	 1.99825301 
2.46000000 	 -2.02849099 	 1.99857851 
2.48000000 	 -2.03304797 	 1.99857851 
2.50000000 	 -2.03532646 	 1.99792751 
2.52000000 	 -2.03890695 	 1.99662551 
2.54000000 	 -2.04085994 	 1.99499802 
2.56000000 	 -2.04313843 	 1.99434702 
2.58000000 	 -2.04541692 	 1.99044104 
2.60000000 	 -2.04606792 	 1.98913904 
2.62000000 	 -2.04704441 	 1.98588406 
2.64000000 	 -2.04932290 	 1.98360557 
2.66000000 	 -2.04997390 	 1.97937409 
2.68000000 	 -2.04964840 	 1.97546810 
2.70000000 	 -2.04964840 	 1.97188762 
2.72000000 	 -2.04867191 	 1.96667964 
2.74000000 	 -2.04932290 	 1.96277365 
2.76000000 	 -2.04802091 	 1.95886767 
2.78000000 	 -2.04671891 	 1.95365969 
2.80000000 	 -2.04378943 	 1.94812621 
2.82000000 	 -2.04313843 	 1.94194174 
2.84000000 	 -2.04053444 	 1.93673376 
2.86000000 	 -2.03890695 	 1.93022379 
2.88000000 	 -2.03565196 	 1.92338831 
2.90000000 	 -2.03304797 	 1.91525085 
2.92000000 	 -2.02946748 	 1.90874087 
2.94000000 	 -2.02523600 	 1.90092891 
2.96000000 	 -2.02100452 	 1.89311694 
2.98000000 	 -2.01742403 	 1.88563047 
3.00000000 	 -2.01221606 	 1.87651651 
3.02000000 	 -2.00733358 	 1.86837904 
3.04000000 	 -2.00212560 	 1.85861408 
3.06000000 	 -1.99561562 	 1.84884912 
3.08000000 	 -1.98975665 	 1.83940966 
3.10000000 	 -1.98389767 	 1.82931920 
3.12000000 	 -1.97771320 	 1.81955424 
3.14000000 	 -1.96990123 	 1.80848729 
3.16000000 	 -1.96306576 	 1.79872233 
3.18000000 	 -1.95655578 	 1.78635338 
3.20000000 	 -1.94874382 	 1.77528642 
3.22000000 	 -1.94028085 	 1.76389397 
3.24000000 	 -1.93149239 	 1.75185052 
3.26000000 	 -1.92335492 	 1.73915607 
3.28000000 	 -1.91521745 	 1.72613612 
3.30000000 	 -1.90577799 	 1.71409267 
3.32000000 	 -1.89601303 	 1.70074723 
3.34000000 	 -1.88657357 	 1.68740178 
3.36000000 	 -1.87550662 	 1.67470733 
3.38000000 	 -1.86606715 	 1.66005989 
3.40000000 	 -1.85434920 	 1.64508696 
3.42000000 	 -1.84490974 	 1.63109051 
3.44000000 	 -1.83319179 	 1.61774507 
3.46000000 	 -1.82179934 	 1.60244663 
3.48000000 	 -1.81040688 	 1.58682269 
3.50000000 	 -1.79803793 	 1.57119876 
3.52000000 	 -1.78631998 	 1.55557482 
3.54000000 	 -1.77297454 	 1.54027638 
3.56000000 	 -1.76093109 	 1.52335045 
3.58000000 	 -1.74791114 	 1.50740102 
3.60000000 	 -1.73489119 	 1.49014959 
3.62000000 	 -1.72089475 	 1.47387466 
3.64000000 	 -1.70689831 	 1.45727422 
3.66000000 	 -1.69322736 	 1.43969730 
3.68000000 	 -1.67890542 	 1.42342236 
3.70000000 	 -1.66458348 	 1.40389244 
3.72000000 	 -1.64961054 	 1.38599002 
3.74000000 	 -1.63431210 	 1.36873859 
3.76000000 	 -1.61868817 	 1.34855767 
3.78000000 	 -1.60306423 	 1.33098074 
3.80000000 	 -1.58744030 	 1.31177632 
3.82000000 	 -1.57116536 	 1.29354840 
3.84000000 	 -1.55521593 	 1.27336748 
3.86000000 	 -1.53829000 	 1.25448856 
3.88000000 	 -1.52168957 	 1.23430764 
3.90000000 	 -1.50508913 	 1.21510322 
3.92000000 	 -1.48783770 	 1.19459680 
3.94000000 	 -1.47026078 	 1.17376489 
3.96000000 	 -1.45235835 	 1.15488596 
3.98000000 	 -1.43510692 	 1.13405405 
4.00000000 	 -1.41687900 	 1.11289664 
4.02000000 	 -1.39897657 	 1.09141372 
4.04000000 	 -1.37977215 	 1.07123281 
4.06000000 	 -1.36089322 	 1.04974990 
4.08000000 	 -1.34233980 	 1.02826698 
4.10000000 	 -1.32346088 	 1.00548208 
4.12000000 	 -1.30360546 	 0.98530116 
4.14000000 	 -1.28407554 	 0.96219075 
4.16000000 	 -1.26454562 	 0.94038234 
4.18000000 	 -1.24501570 	 0.91824843 
4.20000000 	 -1.22516028 	 0.89578903 
4.22000000 	 -1.20432837 	 0.87430611 
4.24000000 	 -1.18544944 	 0.85087021 
4.26000000 	 -1.16299004 	 0.82775980 
4.28000000 	 -1.14280912 	 0.80497490 
4.30000000 	 -1.12197720 	 0.78153899 
4.32000000 	 -1.10114529 	 0.75875409 
4.34000000 	 -1.07966238 	 0.73564368 
4.36000000 	 -1.05785397 	 0.71188228 
4.38000000 	 -1.03702205 	 0.68844638 
4.40000000 	 -1.01553914 	 0.66533597 
4.42000000 	 -0.99340523 	 0.64124907 
4.44000000 	 -0.97159682 	 0.61683667 
4.46000000 	 -0.94913741 	 0.59340077 
4.48000000 	 -0.92700350 	 0.56866287 
4.50000000 	 -0.90421860 	 0.54555246 
4.52000000 	 -0.88175919 	 0.52081456 
4.54000000 	 -0.85897428 	 0.49672766 
4.56000000 	 -0.83684037 	 0.47296626 
4.58000000 	 -0.81372997 	 0.44757736 
4.60000000 	 -0.79094506 	 0.42414146 
4.62000000 	 -0.76685816 	 0.39907806 
4.64000000 	 -0.74374775 	 0.37368917 
4.66000000 	 -0.72031185 	 0.34927677 
4.68000000 	 -0.69687595 	 0.32486437 
4.70000000 	 -0.67311454 	 0.30012647 
4.72000000 	 -0.64935314 	 0.27408657 
4.74000000 	 -0.62624274 	 0.25032517 
4.76000000 	 -0.60215583 	 0.22493628 
4.78000000 	 -0.57839443 	 0.20052388 
4.80000000 	 -0.55365653 	 0.17546048 
4.82000000 	 -0.52956963 	 0.15072258 
4.84000000 	 -0.50580823 	 0.12533368 
4.86000000 	 -0.48107033 	 0.10059579 
4.88000000 	 -0.45665793 	 0.07650888 
4.90000000 	 -0.43224553 	 0.04949249 
4.92000000 	 -0.40783313 	 0.02508009 
4.94000000 	 -0.38342073 	 0.00066769 
4.96000000 	 -0.35868283 	 -0.02472120 
4.98000000 	 -0.33329394 	 -0.04945910 
5.00000000 	 -0.30920704 	 -0.07484800 
5.02000000 	 -0.28479464 	 -0.09958589 
5.04000000 	 -0.25908024 	 -0.12530029 
5.06000000 	 -0.23499334 	 -0.15003819 
5.08000000 	 -0.20992994 	 -0.17477609 
5.10000000 	 -0.18616854 	 -0.20016498 
5.12000000 	 -0.16012865 	 -0.22490288 
5.14000000 	 -0.13473975 	 -0.24996628 
5.16000000 	 -0.11000185 	 -0.27535517 
5.18000000 	 -0.08591495 	 -0.29911658 
5.20000000 	 -0.05954956 	 -0.32483097 
5.22000000 	 -0.03481166 	 -0.34956887 
5.24000000 	 -0.01039926 	 -0.37333027 
5.26000000 	 0.01433864 	 -0.39871917 
5.28000000 	 0.04070403 	 -0.42313157 
5.30000000 	 0.06446543 	 -0.44721847 
5.32000000 	 0.09017983 	 -0.47228187 
5.34000000 	 0.11426673 	 -0.49734526 
5.36000000 	 0.13965563 	 -0.52045567 
5.38000000 	 0.16406803 	 -0.54519357 
5.40000000 	 0.18848043 	 -0.56895497 
5.42000000 	 0.21321832 	 -0.59401837 
5.44000000 	 0.23730523 	 -0.61712877 
5.46000000 	 0.26074113 	 -0.64121567 
5.48000000 	 0.28547903 	 -0.66465158 
5.50000000 	 0.30956593 	 -0.68841298 
5.52000000 	 0.33332733 	 -0.71217438 
5.54000000 	 0.35773973 	 -0.73593579 
5.56000000 	 0.38150113 	 -0.75872069 
5.58000000 	 0.40558804 	 -0.78150560 
5.60000000 	 0.42902394 	 -0.80559250 
5.62000000 	 0.45245984 	 -0.82772641 
5.64000000 	 0.47622125 	 -0.85018582 
5.66000000 	 0.50063365 	 -0.87264523 
5.68000000 	 0.52309305 	 -0.89673213 
5.70000000 	 0.54620346 	 -0.91886604 
5.72000000 	 0.56931386 	 -0.94002345 
5.74000000 	 0.59274977 	 -0.96183186 
5.76000000 	 0.61586017 	 -0.98396577 
5.78000000 	 0.63831958 	 -1.00707617 
5.80000000 	 0.66110449 	 -1.02790809 
5.82000000 	 0.68519139 	 -1.04939100 
5.84000000 	 0.70634880 	 -1.07152491 
5.86000000 	 0.72913371 	 -1.09203133 
5.88000000 	 0.75061662 	 -1.11318874 
5.90000000 	 0.77340153 	 -1.13336966 
5.92000000 	 0.79553544 	 -1.15387607 
5.94000000 	 0.81799485 	 -1.17438249 
5.96000000 	 0.83980326 	 -1.19586540 
5.98000000 	 0.86063517 	 -1.21474432 
6.00000000 	 0.88244358 	 -1.23427424 
6.02000000 	 0.90327550 	 -1.25445516 
6.04000000 	 0.92540940 	 -1.27431058 
6.06000000 	 0.94559032 	 -1.29416600 
6.08000000 	 0.96804973 	 -1.31206842 
6.10000000 	 0.98757965 	 -1.33127285 
6.12000000 	 1.00808607 	 -1.35015177 
6.14000000 	 1.02826698 	 -1.36837969 
6.16000000 	 1.04877340 	 -1.38725862 
6.18000000 	 1.06830332 	 -1.40483554 
6.20000000 	 1.08815874 	 -1.42241247 
6.22000000 	 1.10866515 	 -1.44031490 
6.24000000 	 1.12786957 	 -1.45789183 
6.26000000 	 1.14707400 	 -1.47481776 
6.28000000 	 1.16692941 	 -1.49141819 
6.30000000 	 1.18483184 	 -1.50736762 
6.32000000 	 1.20403626 	 -1.52396806 
6.34000000 	 1.22193869 	 -1.53991749 
6.36000000 	 1.24081761 	 -1.55586693 
6.38000000 	 1.25872004 	 -1.57214186 
6.40000000 	 1.27629697 	 -1.58841679 
6.42000000 	 1.29485039 	 -1.60306423 
6.44000000 	 1.31242732 	 -1.61771167 
6.46000000 	 1.32967875 	 -1.63203361 
6.48000000 	 1.34660468 	 -1.64635555 
6.50000000 	 1.36320511 	 -1.66100299 
6.52000000 	 1.38013104 	 -1.67337194 
6.54000000 	 1.39640597 	 -1.68867038 
6.56000000 	 1.41235541 	 -1.70169033 
6.58000000 	 1.42863034 	 -1.71471027 
6.60000000 	 1.44425428 	 -1.72773022 
6.62000000 	 1.45955272 	 -1.74009917 
6.64000000 	 1.47485115 	 -1.75246812 
6.66000000 	 1.49014959 	 -1.76386057 
6.68000000 	 1.50414603 	 -1.77590402 
6.70000000 	 1.51911897 	 -1.78729648 
6.72000000 	 1.53311541 	 -1.79803793 
6.74000000 	 1.54711186 	 -1.80845389 
6.76000000 	 1.56110830 	 -1.81952084 
6.78000000 	 1.57477924 	 -1.83058780 
6.80000000 	 1.58812469 	 -1.84002726 
6.82000000 	 1.60016814 	 -1.84979222 
6.84000000 	 1.61383908 	 -1.85890618 
6.86000000 	 1.62588253 	 -1.86769465 
6.88000000 	 1.63792598 	 -1.87745961 
6.90000000 	 1.64964394 	 -1.88559707 
6.92000000 	 1.66201289 	 -1.89340904 
6.94000000 	 1.67242884 	 -1.90122101 
6.96000000 	 1.68414680 	 -1.90968398 
6.98000000 	 1.69521375 	 -1.91684495 
7.00000000 	 1.70497871 	 -1.92368042 
7.02000000 	 1.71474367 	 -1.92953939 
7.04000000 	 1.72548513 	 -1.93670036 
7.06000000 	 1.73557558 	 -1.94255934 
7.08000000 	 1.74436405 	 -1.94809282 
7.10000000 	 1.75412901 	 -1.95362630 
7.12000000 	 1.76324297 	 -1.95915977 
7.14000000 	 1.77072944 	 -1.96404225 
7.16000000 	 1.77951790 	 -1.96827374 
7.18000000 	 1.78700437 	 -1.97250522 
7.20000000 	 1.79546734 	 -1.97706220 
7.22000000 	 1.80230281 	 -1.97999169 
7.24000000 	 1.80978928 	 -1.98357217 
7.26000000 	 1.81597375 	 -1.98650166 
7.28000000 	 1.82280923 	 -1.99008215 
7.30000000 	 1.82834270 	 -1.99170964 
7.32000000 	 1.83420168 	 -1.99431363 
7.34000000 	 1.83973516 	 -1.99594112 
7.36000000 	 1.84591963 	 -1.99691762 
7.38000000 	 1.85015111 	 -1.99724312 
7.40000000 	 1.85405710 	 -1.99854511 
7.42000000 	 1.85926508 	 -1.99887061 
7.44000000 	 1.86382206 	 -1.99984711 
7.46000000 	 1.86707705 	 -1.99821961 
7.48000000 	 1.87033203 	 -1.99952161 
7.50000000 	 1.87391252 	 -1.99756862 
7.52000000 	 1.87619101 	 -1.99724312 
7.54000000 	 1.87846950 	 -1.99496463 
7.56000000 	 1.88042249 	 -1.99366263 
7.58000000 	 1.88237548 	 -1.99268614 
7.60000000 	 1.88432847 	 -1.98878015 
7.62000000 	 1.88530497 	 -1.98650166 
7.64000000 	 1.88595597 	 -1.98422317 
7.66000000 	 1.88693246 	 -1.97999169 
7.68000000 	 1.88758346 	 -1.97738770 
7.70000000 	 1.88823446 	 -1.97283072 
7.72000000 	 1.88693246 	 -1.96827374 
7.74000000 	 1.88595597 	 -1.96274026 
7.76000000 	 1.88497947 	 -1.95883427 
7.78000000 	 1.88400298 	 -1.95427729 
7.80000000 	 1.88204998 	 -1.94809282 
7.82000000 	 1.88107349 	 -1.94223384 
7.84000000 	 1.87912050 	 -1.93572387 
7.86000000 	 1.87586551 	 -1.93051589 
7.88000000 	 1.87358702 	 -1.92400592 
7.90000000 	 1.86968103 	 -1.91586845 
7.92000000 	 1.86675155 	 -1.90935848 
7.94000000 	 1.86317106 	 -1.90187201 
7.96000000 	 1.85926508 	 -1.89275804 
7.98000000 	 1.85438260 	 -1.88494608 
8.00000000 	 1.85015111 	 -1.87713411 
8.02000000 	 1.84494314 	 -1.86704365 
8.04000000 	 1.84006066 	 -1.86020818 
8.06000000 	 1.83420168 	 -1.84914122 
8.08000000 	 1.82801721 	 -1.84002726 
8.10000000 	 1.82183273 	 -1.82961130 
8.12000000 	 1.81532276 	 -1.81919535 
8.14000000 	 1.80946378 	 -1.80910489 
8.16000000 	 1.80100082 	 -1.79803793 
8.18000000 	 1.79351435 	 -1.78664548 
8.20000000 	 1.78602788 	 -1.77525303 
8.22000000 	 1.77821591 	 -1.76418607 
8.24000000 	 1.76975294 	 -1.75246812 
8.26000000 	 1.76128998 	 -1.74009917 
8.28000000 	 1.75217602 	 -1.72577723 
8.30000000 	 1.74403855 	 -1.71405928 
8.32000000 	 1.73459909 	 -1.70103933 
8.34000000 	 1.72450863 	 -1.68834488 
8.36000000 	 1.71409267 	 -1.67434844 
8.38000000 	 1.70302572 	 -1.66067750 
8.40000000 	 1.69326076 	 -1.64668105 
8.42000000 	 1.68251930 	 -1.63203361 
8.44000000 	 1.67047585 	 -1.61640968 
8.46000000 	 1.66005989 	 -1.60273873 
8.48000000 	 1.64801644 	 -1.58711480 
8.50000000 	 1.63662399 	 -1.57149086 
8.52000000 	 1.62425504 	 -1.55651792 
8.54000000 	 1.61090960 	 -1.54089399 
8.56000000 	 1.59854065 	 -1.52527005 
8.58000000 	 1.58552070 	 -1.50769312 
8.60000000 	 1.57250075 	 -1.49141819 
8.62000000 	 1.55850431 	 -1.47384126 
8.64000000 	 1.54483337 	 -1.45691533 
8.66000000 	 1.53083692 	 -1.43933840 
8.68000000 	 1.51586398 	 -1.42176148 
8.70000000 	 1.50186754 	 -1.40451005 
8.72000000 	 1.48722010 	 -1.38628212 
8.74000000 	 1.47192166 	 -1.36903069 
8.76000000 	 1.45694873 	 -1.35015177 
8.78000000 	 1.44099929 	 -1.33062185 
8.80000000 	 1.42570085 	 -1.31304492 
8.82000000 	 1.40910042 	 -1.29384050 
8.84000000 	 1.39282549 	 -1.27431058 
8.86000000 	 1.37622506 	 -1.25412966 
8.88000000 	 1.35995012 	 -1.23459974 
8.90000000 	 1.34302419 	 -1.21409333 
8.92000000 	 1.32512177 	 -1.19488891 
8.94000000 	 1.30787034 	 -1.17470799 
8.96000000 	 1.28996791 	 -1.15387607 
8.98000000 	 1.27173999 	 -1.13336966 
9.00000000 	 1.25416306 	 -1.11351424 
9.02000000 	 1.23626063 	 -1.09138033 
9.04000000 	 1.21738171 	 -1.06989742 
9.06000000 	 1.19915378 	 -1.05004200 
9.08000000 	 1.17994936 	 -1.02790809 
9.10000000 	 1.16074494 	 -1.00675068 
9.12000000 	 1.14121502 	 -0.98461677 
9.14000000 	 1.12233610 	 -0.96280836 
9.16000000 	 1.10215518 	 -0.94132544 
9.18000000 	 1.08262526 	 -0.91788954 
9.20000000 	 1.06244434 	 -0.89543013 
9.22000000 	 1.04258892 	 -0.87362172 
9.24000000 	 1.02208251 	 -0.85083682 
9.26000000 	 1.00157609 	 -0.82772641 
9.28000000 	 0.98106968 	 -0.80494150 
9.30000000 	 0.95991226 	 -0.78150560 
9.32000000 	 0.93875485 	 -0.75937169 
9.34000000 	 0.91792294 	 -0.73495929 
9.36000000 	 0.89644002 	 -0.71217438 
9.38000000 	 0.87430611 	 -0.68873848 
9.40000000 	 0.85282320 	 -0.66497708 
9.42000000 	 0.83036379 	 -0.64154117 
9.44000000 	 0.80953188 	 -0.61647778 
9.46000000 	 0.78674697 	 -0.59304187 
9.48000000 	 0.76428757 	 -0.56928047 
9.50000000 	 0.74247915 	 -0.54519357 
9.52000000 	 0.71904325 	 -0.52078117 
9.54000000 	 0.69658384 	 -0.49604327 
9.56000000 	 0.67412443 	 -0.47260737 
9.58000000 	 0.65166503 	 -0.44786947 
9.60000000 	 0.62822912 	 -0.42248057 
9.62000000 	 0.60511872 	 -0.39871917 
9.64000000 	 0.58135731 	 -0.37463227 
9.66000000 	 0.55792141 	 -0.34956887 
9.68000000 	 0.53481101 	 -0.32450547 
9.70000000 	 0.51104960 	 -0.29879108 
9.72000000 	 0.48826470 	 -0.27535517 
9.74000000 	 0.46417780 	 -0.25061728 
9.76000000 	 0.43943990 	 -0.22522838 
9.78000000 	 0.41535300 	 -0.19951398 
9.80000000 	 0.39224259 	 -0.17510158 
9.82000000 	 0.36783019 	 -0.15003819 
9.84000000 	 0.34309229 	 -0.12497479 
9.86000000 	 0.31867989 	 -0.10056239 
9.88000000 	 0.29491849 	 -0.07549899 
9.90000000 	 0.27018059 	 -0.04945910 
9.92000000 	 0.24609369 	 -0.02472120 
9.94000000 	 0.22135579 	 0.00066769 
9.96000000 	 0.19661789 	 0.02605659 
9.98000000 	 0.17253099 	 0.04981799 
10.00000000 	 0.14746759 	 0.07585789 
10.02000000 	 0.12240420 	 0.10027029 
10.04000000 	 0.09766630 	 0.12500819 
10.06000000 	 0.07260290 	 0.15072258 
10.08000000 	 0.04786500 	 0.17578598 
10.10000000 	 0.02280160 	 0.20019838 
10.12000000 	 -0.00193629 	 0.22493628 
10.14000000 	 -0.02699969 	 0.25032517 
10.16000000 	 -0.05206309 	 0.27571407 
10.18000000 	 -0.07712649 	 0.30077746 
10.20000000 	 -0.10218988 	 0.32518986 
10.22000000 	 -0.12822978 	 0.34960226 
10.24000000 	 -0.15199118 	 0.37434016 
10.26000000 	 -0.17770557 	 0.39907806 
10.28000000 	 -0.20276897 	 0.42414146 
10.30000000 	 -0.22750687 	 0.44790286 
10.32000000 	 -0.25289577 	 0.47231526 
10.34000000 	 -0.27633167 	 0.49737866 
10.36000000 	 -0.30172057 	 0.52146556 
10.38000000 	 -0.32548197 	 0.54620346 
10.40000000 	 -0.35087086 	 0.56866287 
10.42000000 	 -0.37495777 	 0.59437726 
10.44000000 	 -0.39937017 	 0.61781317 
10.46000000 	 -0.42410806 	 0.64157457 
10.48000000 	 -0.44819497 	 0.66533597 
10.50000000 	 -0.47260737 	 0.68877187 
10.52000000 	 -0.49636877 	 0.71253328 
10.54000000 	 -0.52078117 	 0.73499269 
10.56000000 	 -0.54486807 	 0.75907959 
10.58000000 	 -0.56830397 	 0.78121350 
10.60000000 	 -0.59239087 	 0.80530040 
10.62000000 	 -0.61615228 	 0.82808530 
10.64000000 	 -0.63926268 	 0.84989371 
10.66000000 	 -0.66269859 	 0.87332962 
10.68000000 	 -0.68613449 	 0.89611452 
10.70000000 	 -0.71022139 	 0.91857393 
10.72000000 	 -0.73300630 	 0.94135884 
10.74000000 	 -0.75514021 	 0.96284175 
10.76000000 	 -0.77922711 	 0.98432466 
10.78000000 	 -0.80168652 	 1.00645857 
10.80000000 	 -0.82447142 	 1.02761599 
10.82000000 	 -0.84627983 	 1.04909890 
10.84000000 	 -0.86939024 	 1.07090731 
10.86000000 	 -0.89119865 	 1.09173922 
10.88000000 	 -0.91398356 	 1.11257114 
10.90000000 	 -0.93644296 	 1.13372855 
10.92000000 	 -0.95890237 	 1.15325847 
10.94000000 	 -0.98005979 	 1.17474138 
10.96000000 	 -1.00186820 	 1.19459680 
10.98000000 	 -1.02302561 	 1.21477772 
11.00000000 	 -1.04548502 	 1.23495864 
11.02000000 	 -1.06696793 	 1.25448856 
11.04000000 	 -1.08714885 	 1.27304198 
11.06000000 	 -1.10863176 	 1.29322290 
11.08000000 	 -1.12913817 	 1.31145082 
11.10000000 	 -1.14997009 	 1.33130624 
11.12000000 	 -1.17047651 	 1.34920867 
11.14000000 	 -1.19130842 	 1.36841309 
11.16000000 	 -1.21148934 	 1.38599002 
11.18000000 	 -1.23134476 	 1.40454344 
11.20000000 	 -1.25054918 	 1.42244587 
11.22000000 	 -1.27040460 	 1.43969730 
11.24000000 	 -1.28928352 	 1.45727422 
11.26000000 	 -1.30946444 	 1.47420016 
11.28000000 	 -1.32899436 	 1.49047509 
11.30000000 	 -1.34754778 	 1.50707552 
11.32000000 	 -1.36707770 	 1.52367595 
11.34000000 	 -1.38530562 	 1.54027638 
11.36000000 	 -1.40353355 	 1.55557482 
11.38000000 	 -1.42143598 	 1.57152426 
11.40000000 	 -1.43933840 	 1.58617170 
11.42000000 	 -1.45724083 	 1.60212113 
11.44000000 	 -1.47449226 	 1.61676857 
11.46000000 	 -1.49174369 	 1.63206701 
11.48000000 	 -1.50866962 	 1.64508696 
11.50000000 	 -1.52559555 	 1.66038539 
11.52000000 	 -1.54284698 	 1.67405634 
11.54000000 	 -1.55879641 	 1.68772728 
11.56000000 	 -1.57474585 	 1.70107273 
11.58000000 	 -1.59036978 	 1.71409267 
11.60000000 	 -1.60697022 	 1.72678712 
11.62000000 	 -1.62194315 	 1.73980707 
11.64000000 	 -1.63724159 	 1.75185052 
11.66000000 	 -1.65188903 	 1.76291747 
11.68000000 	 -1.66718747 	 1.77593742 
11.70000000 	 -1.68085841 	 1.78635338 
11.72000000 	 -1.69615685 	 1.79839683 
11.74000000 	 -1.70950230 	 1.80848729 
11.76000000 	 -1.72252224 	 1.81922874 
11.78000000 	 -1.73619319 	 1.82997020 
11.80000000 	 -1.75051513 	 1.83908416 
11.82000000 	 -1.76255858 	 1.84852362 
11.84000000 	 -1.77525303 	 1.85893958 
11.86000000 	 -1.78794747 	 1.86837904 
11.88000000 	 -1.80031642 	 1.87749300 
11.90000000 	 -1.81235987 	 1.88530497 
11.92000000 	 -1.82310133 	 1.89376794 
11.94000000 	 -1.83514478 	 1.90125441 
11.96000000 	 -1.84718823 	 1.90906637 
11.98000000 	 -1.85630219 	 1.91590185 
12.00000000 	 -1.86736915 	 1.92241182 
12.02000000 	 -1.87811060 	 1.93054929 
12.04000000 	 -1.88755007 	 1.93575726 
12.06000000 	 -1.89698953 	 1.94259274 
12.08000000 	 -1.90642899 	 1.94845171 
12.10000000 	 -1.91554295 	 1.95333419 
12.12000000 	 -1.92465691 	 1.95821667 
12.14000000 	 -1.93311988 	 1.96342465 
12.16000000 	 -1.94158284 	 1.96733063 
12.18000000 	 -1.94874382 	 1.97286411 
12.20000000 	 -1.95688128 	 1.97546810 
12.22000000 	 -1.96404225 	 1.98002508 
12.24000000 	 -1.97055223 	 1.98295457 
12.26000000 	 -1.97836419 	 1.98653506 
12.28000000 	 -1.98519967 	 1.98848805 
12.30000000 	 -1.99073314 	 1.99109204 
12.32000000 	 -1.99724312 	 1.99337053 
12.34000000 	 -2.00212560 	 1.99532352 
12.36000000 	 -2.00798457 	 1.99630002 
12.38000000 	 -2.01221606 	 1.99760201 
12.40000000 	 -2.01644754 	 1.99825301 
12.42000000 	 -2.02133002 	 1.99890400 
12.44000000 	 -2.02523600 	 1.99922950 
12.46000000 	 -2.02979298 	 1.99922950 
12.48000000 	 -2.03207147 	 1.99727651 
12.50000000 	 -2.03565196 	 1.99695101 
12.52000000 	 -2.03858145 	 1.99597452 
12.54000000 	 -2.04085994 	 1.99532352 
12.56000000 	 -2.04313843 	 1.99271953 
12.58000000 	 -2.04476592 	 1.99109204 
12.60000000 	 -2.04606792 	 1.98946454 
12.62000000 	 -2.04802091 	 1.98620956 
12.64000000 	 -2.04899740 	 1.98295457 
12.66000000 	 -2.04899740 	 1.98002508 
12.68000000 	 -2.04932290 	 1.97644460 
12.70000000 	 -2.04997390 	 1.97253861 
12.72000000 	 -2.04964840 	 1.96798163 
12.74000000 	 -2.04899740 	 1.96375015 
12.76000000 	 -2.04769541 	 1.95789117 
12.78000000 	 -2.04606792 	 1.95333419 
12.80000000 	 -2.04476592 	 1.94877721 
12.82000000 	 -2.04313843 	 1.94226724 
12.84000000 	 -2.04085994 	 1.93640826 
12.86000000 	 -2.03825595 	 1.92989829 
12.88000000 	 -2.03532646 	 1.92338831 
12.90000000 	 -2.03272247 	 1.91557635 
12.92000000 	 -2.02881649 	 1.90874087 
12.94000000 	 -2.02588700 	 1.90092891 
12.96000000 	 -2.02067902 	 1.89376794 
12.98000000 	 -2.01644754 	 1.88530497 
13.00000000 	 -2.01189056 	 1.87651651 
13.02000000 	 -2.00700808 	 1.86740254 
13.04000000 	 -2.00277659 	 1.85828858 
13.06000000 	 -1.99594112 	 1.84917462 
13.08000000 	 -1.99073314 	 1.83908416 
13.10000000 	 -1.98422317 	 1.82931920 
13.12000000 	 -1.97706220 	 1.81922874 
13.14000000 	 -1.97087772 	 1.80881278 
13.16000000 	 -1.96404225 	 1.79807133 
13.18000000 	 -1.95623028 	 1.78635338 
13.20000000 	 -1.94906931 	 1.77593742 
13.22000000 	 -1.94060635 	 1.76421947 
13.24000000 	 -1.93214338 	 1.75185052 
13.26000000 	 -1.92335492 	 1.73883057 
13.28000000 	 -1.91456646 	 1.72646162 
13.30000000 	 -1.90545249 	 1.71441817 
13.32000000 	 -1.89601303 	 1.70139822 
13.34000000 	 -1.88624807 	 1.68805278 
13.36000000 	 -1.87713411 	 1.67438184 
13.38000000 	 -1.86574166 	 1.65973440 
13.40000000 	 -1.85597670 	 1.64606345 
13.42000000 	 -1.84360775 	 1.63206701 
13.44000000 	 -1.83351729 	 1.61774507 
13.46000000 	 -1.82179934 	 1.60179563 
13.48000000 	 -1.81008138 	 1.58649720 
13.50000000 	 -1.79771243 	 1.57119876 
13.52000000 	 -1.78599448 	 1.55590032 
13.54000000 	 -1.77362553 	 1.53962539 
13.56000000 	 -1.76060559 	 1.52400145 
13.58000000 	 -1.74758564 	 1.50837752 
13.60000000 	 -1.73391470 	 1.49047509 
13.62000000 	 -1.72122025 	 1.47485115 
13.64000000 	 -1.70722381 	 1.45792522 
13.66000000 	 -1.69322736 	 1.43937180 
13.68000000 	 -1.67857992 	 1.42244587 
13.70000000 	 -1.66393248 	 1.40421794 
13.72000000 	 -1.64895954 	 1.38599002 
13.74000000 	 -1.63366111 	 1.36906409 
13.76000000 	 -1.61901367 	 1.35018516 
13.78000000 	 -1.60306423 	 1.33098074 
13.80000000 	 -1.58711480 	 1.31275282 
13.82000000 	 -1.57149086 	 1.29289740 
13.84000000 	 -1.55456493 	 1.27434397 
13.86000000 	 -1.53796450 	 1.25448856 
13.88000000 	 -1.52201506 	 1.23495864 
13.90000000 	 -1.50508913 	 1.21510322 
13.92000000 	 -1.48816320 	 1.19492230 
13.94000000 	 -1.46993528 	 1.17539238 
13.96000000 	 -1.45203285 	 1.15423497 
13.98000000 	 -1.43380493 	 1.13372855 
14.00000000 	 -1.41622800 	 1.11354763 
14.02000000 	 -1.39897657 	 1.09239022 
14.04000000 	 -1.38009765 	 1.07058181 
14.06000000 	 -1.36056773 	 1.05007539 
14.08000000 	 -1.34168880 	 1.02794148 
14.10000000 	 -1.32313538 	 1.00580758 
14.12000000 	 -1.30327996 	 0.98465016 
14.14000000 	 -1.28407554 	 0.96284175 
14.16000000 	 -1.26422012 	 0.94038234 
14.18000000 	 -1.24469020 	 0.91792294 
14.20000000 	 -1.22548578 	 0.89578903 
14.22000000 	 -1.20400287 	 0.87430611 
14.24000000 	 -1.18447295 	 0.85087021 
14.26000000 	 -1.16331553 	 0.82775980 
14.28000000 	 -1.14280912 	 0.80464940 
14.30000000 	 -1.12262820 	 0.78251549 
14.32000000 	 -1.10114529 	 0.75907959 
14.34000000 	 -1.08031337 	 0.73629468 
14.36000000 	 -1.05752847 	 0.71285878 
14.38000000 	 -1.03637105 	 0.68877187 
14.40000000 	 -1.01521364 	 0.66468497 
14.42000000 	 -0.99307973 	 0.64157457 
14.44000000 	 -0.97159682 	 0.61748767 
14.46000000 	 -0.94881191 	 0.59372626 
14.48000000 	 -0.92700350 	 0.56963936 
14.50000000 	 -0.90421860 	 0.54555246 
14.52000000 	 -0.88208469 	 0.52081456 
14.54000000 	 -0.85897428 	 0.49705316 
14.56000000 	 -0.83651487 	 0.47264076 
14.58000000 	 -0.81372997 	 0.44822836 
14.60000000 	 -0.79029406 	 0.42381596 
14.62000000 	 -0.76685816 	 0.39875256 
14.64000000 	 -0.74439875 	 0.37401466 
14.66000000 	 -0.71998635 	 0.34992776 
14.68000000 	 -0.69687595 	 0.32584086 
14.70000000 	 -0.67376554 	 0.29914997 
14.72000000 	 -0.65000414 	 0.27473757 
14.74000000 	 -0.62559174 	 0.25065067 
14.76000000 	 -0.60313233 	 0.22558727 
14.78000000 	 -0.57774343 	 0.20084937 
14.80000000 	 -0.55430753 	 0.17480948 
14.82000000 	 -0.53022063 	 0.15039708 
14.84000000 	 -0.50580823 	 0.12565918 
14.86000000 	 -0.48172133 	 0.10124678 
14.88000000 	 -0.45730893 	 0.07520689 
14.90000000 	 -0.43257103 	 0.04981799 
14.92000000 	 -0.40750763 	 0.02540559 
14.94000000 	 -0.38342073 	 0.00066769 
14.96000000 	 -0.35933383 	 -0.02504670 
14.98000000 	 -0.33427043 	 -0.04945910 
15.00000000 	 -0.30953253 	 -0.07517349 
15.02000000 	 -0.28349264 	 -0.10023689 
15.04000000 	 -0.25940574 	 -0.12595129 
15.06000000 	 -0.23466784 	 -0.15101468 
15.08000000 	 -0.21058094 	 -0.17510158 
15.10000000 	 -0.18486654 	 -0.19983948 
15.12000000 	 -0.16045414 	 -0.22522838 
15.14000000 	 -0.13506525 	 -0.24996628 
15.16000000 	 -0.11032735 	 -0.27470418 
15.18000000 	 -0.08591495 	 -0.29944208 
15.20000000 	 -0.06020056 	 -0.32515647 
15.22000000 	 -0.03546266 	 -0.34924337 
15.24000000 	 -0.00974826 	 -0.37398127 
15.26000000 	 0.01498964 	 -0.39871917 
15.28000000 	 0.03907654 	 -0.42313157 
15.30000000 	 0.06511643 	 -0.44689297 
15.32000000 	 0.08887783 	 -0.47130537 
15.34000000 	 0.11394123 	 -0.49604327 
15.36000000 	 0.13867913 	 -0.52110667 
15.38000000 	 0.16276603 	 -0.54389157 
15.40000000 	 0.18717843 	 -0.56928047 
15.42000000 	 0.21256733 	 -0.59369287 
15.44000000 	 0.23697973 	 -0.61777977 
15.46000000 	 0.26106663 	 -0.64121567 
15.48000000 	 0.28515353 	 -0.66400058 
15.50000000 	 0.30858943 	 -0.68873848 
15.52000000 	 0.33300183 	 -0.71249988 
15.54000000 	 0.35741423 	 -0.73528479 
15.56000000 	 0.38117564 	 -0.75872069 
15.58000000 	 0.40493704 	 -0.78183110 
15.60000000 	 0.42837294 	 -0.80494150 
15.62000000 	 0.45245984 	 -0.82740091 
15.64000000 	 0.47557025 	 -0.85051132 
15.66000000 	 0.49965715 	 -0.87329622 
15.68000000 	 0.52276756 	 -0.89575563 
15.70000000 	 0.54652896 	 -0.91854054 
15.72000000 	 0.56996486 	 -0.94067445 
15.74000000 	 0.59177327 	 -0.96248286 
15.76000000 	 0.61618567 	 -0.98396577 
15.78000000 	 0.63831958 	 -1.00707617 
15.80000000 	 0.66077899 	 -1.02888459 
15.82000000 	 0.68388939 	 -1.04971650 
15.84000000 	 0.70602330 	 -1.07054841 
15.86000000 	 0.72880821 	 -1.09203133 
15.88000000 	 0.75094212 	 -1.11318874 
15.90000000 	 0.77340153 	 -1.13402065 
15.92000000 	 0.79553544 	 -1.15420157 
15.94000000 	 0.81766935 	 -1.17438249 
15.96000000 	 0.83980326 	 -1.19553990 
15.98000000 	 0.86063517 	 -1.21539532 
16.00000000 	 0.88244358 	 -1.23525074 
16.02000000 	 0.90360099 	 -1.25510616 
16.04000000 	 0.92540940 	 -1.27463608 
16.06000000 	 0.94591582 	 -1.29384050 
16.08000000 	 0.96642224 	 -1.31206842 
16.10000000 	 0.98790515 	 -1.33224934 
16.12000000 	 1.00776057 	 -1.34982627 
16.14000000 	 1.02859248 	 -1.36903069 
16.16000000 	 1.04877340 	 -1.38693312 
16.18000000 	 1.06830332 	 -1.40483554 
16.20000000 	 1.08848424 	 -1.42273797 
16.22000000 	 1.10801416 	 -1.44064040 
16.24000000 	 1.12754408 	 -1.45821733 
16.26000000 	 1.14739949 	 -1.47481776 
16.28000000 	 1.16595292 	 -1.49109269 
16.30000000 	 1.18483184 	 -1.50801862 
16.32000000 	 1.20403626 	 -1.52494455 
16.34000000 	 1.22258969 	 -1.54089399 
16.36000000 	 1.24081761 	 -1.55651792 
16.38000000 	 1.25904554 	 -1.57181636 
16.40000000 	 1.27662247 	 -1.58744030 
16.42000000 	 1.29452489 	 -1.60273873 
16.44000000 	 1.31210182 	 -1.61738617 
16.46000000 	 1.32935325 	 -1.63235911 
16.48000000 	 1.34595368 	 -1.64668105 
16.50000000 	 1.36353061 	 -1.66002650 
16.52000000 	 1.38013104 	 -1.67402294 
16.54000000 	 1.39673147 	 -1.68769389 
16.56000000 	 1.41300641 	 -1.70136483 
16.58000000 	 1.42863034 	 -1.71405928 
16.60000000 	 1.44425428 	 -1.72805572 
16.62000000 	 1.46052921 	 -1.73944817 
16.64000000 	 1.47420016 	 -1.75214262 
16.66000000 	 1.48982409 	 -1.76386057 
16.68000000 	 1.50447153 	 -1.77557853 
16.70000000 	 1.51976997 	 -1.78631998 
16.72000000 	 1.53376641 	 -1.79771243 
16.74000000 	 1.54743736 	 -1.80910489 
16.76000000 	 1.56110830 	 -1.81952084 
16.78000000 	 1.57445374 	 -1.82928580 
16.80000000 	 1.58779919 	 -1.83937626 
16.82000000 	 1.60212113 	 -1.84946672 
16.84000000 	 1.61416458 	 -1.85890618 
16.86000000 	 1.62588253 	 -1.86802015 
16.88000000 	 1.63792598 	 -1.87648311 
16.90000000 	 1.64996944 	 -1.88559707 
16.92000000 	 1.66168739 	 -1.89373454 
16.94000000 	 1.67340534 	 -1.90122101 
16.96000000 	 1.68447229 	 -1.90903298 
16.98000000 	 1.69553925 	 -1.91749594 
17.00000000 	 1.70595521 	 -1.92368042 
17.02000000 	 1.71604566 	 -1.92921390 
17.04000000 	 1.72483413 	 -1.93637487 
17.06000000 	 1.73492459 	 -1.94223384 
17.08000000 	 1.74468955 	 -1.94809282 
17.10000000 	 1.75380351 	 -1.95395179 
17.12000000 	 1.76161548 	 -1.95883427 
17.14000000 	 1.77105494 	 -1.96469325 
17.16000000 	 1.77984340 	 -1.96762274 
17.18000000 	 1.78732987 	 -1.97315622 
17.20000000 	 1.79481634 	 -1.97673670 
17.22000000 	 1.80197731 	 -1.98064268 
17.24000000 	 1.80946378 	 -1.98292118 
17.26000000 	 1.81629925 	 -1.98747816 
17.28000000 	 1.82313473 	 -1.98910565 
17.30000000 	 1.82866820 	 -1.99203514 
17.32000000 	 1.83485268 	 -1.99366263 
17.34000000 	 1.84038615 	 -1.99529012 
17.36000000 	 1.84559413 	 -1.99691762 
17.38000000 	 1.85015111 	 -1.99789411 
17.40000000 	 1.85535909 	 -1.99887061 
17.42000000 	 1.85959058 	 -1.99854511 
17.44000000 	 1.86349656 	 -1.99952161 
17.46000000 	 1.86740254 	 -1.99821961 
17.48000000 	 1.87033203 	 -1.99887061 
17.50000000 	 1.87456351 	 -1.99821961 
17.52000000 	 1.87651651 	 -1.99724312 
17.54000000 	 1.87912050 	 -1.99594112 
17.56000000 	 1.88107349 	 -1.99398813 
17.58000000 	 1.88270098 	 -1.99138414 
17.60000000 	 1.88497947 	 -1.98910565 
17.62000000 	 1.88660697 	 -1.98650166 
17.64000000 	 1.88660697 	 -1.98357217 
17.66000000 	 1.88758346 	 -1.98031719 
17.68000000 	 1.88790896 	 -1.97673670 
17.70000000 	 1.88790896 	 -1.97283072 
17.72000000 	 1.88693246 	 -1.96794824 
17.74000000 	 1.88628147 	 -1.96371675 
17.76000000 	 1.88530497 	 -1.95948527 
17.78000000 	 1.88432847 	 -1.95395179 
17.80000000 	 1.88270098 	 -1.94874382 
17.82000000 	 1.88042249 	 -1.94190834 
17.84000000 	 1.87879500 	 -1.93670036 
17.86000000 	 1.87586551 	 -1.93019039 
17.88000000 	 1.87293602 	 -1.92270392 
17.90000000 	 1.87033203 	 -1.91651945 
17.92000000 	 1.86675155 	 -1.90805648 
17.94000000 	 1.86349656 	 -1.90154651 
17.96000000 	 1.85893958 	 -1.89308354 
17.98000000 	 1.85438260 	 -1.88527158 
18.00000000 	 1.85047661 	 -1.87615761 
18.02000000 	 1.84461764 	 -1.86802015 
18.04000000 	 1.83940966 	 -1.85825519 
18.06000000 	 1.83452718 	 -1.84979222 
18.08000000 	 1.82834270 	 -1.83937626 
18.10000000 	 1.82248373 	 -1.82961130 
18.12000000 	 1.81499726 	 -1.81886985 
18.14000000 	 1.80816179 	 -1.80812839 
18.16000000 	 1.80165181 	 -1.79836343 
18.18000000 	 1.79383985 	 -1.78664548 
18.20000000 	 1.78635338 	 -1.77590402 
18.22000000 	 1.77821591 	 -1.76386057 
18.24000000 	 1.76910195 	 -1.75214262 
18.26000000 	 1.76128998 	 -1.73912267 
18.28000000 	 1.75282701 	 -1.72740472 
18.30000000 	 1.74338755 	 -1.71373378 
18.32000000 	 1.73394809 	 -1.70103933 
18.34000000 	 1.72353213 	 -1.68801938 
18.36000000 	 1.71409267 	 -1.67402294 
18.38000000 	 1.70432771 	 -1.66035200 
18.40000000 	 1.69326076 	 -1.64700655 
18.42000000 	 1.68251930 	 -1.63268461 
18.44000000 	 1.67080135 	 -1.61803717 
18.46000000 	 1.65940890 	 -1.60306423 
18.48000000 	 1.64899294 	 -1.58678930 
18.50000000 	 1.63532200 	 -1.57246736 
18.52000000 	 1.62360404 	 -1.55684342 
18.54000000 	 1.61156059 	 -1.54154498 
18.56000000 	 1.59919164 	 -1.52429355 
18.58000000 	 1.58584620 	 -1.50801862 
18.60000000 	 1.57250075 	 -1.49174369 
18.62000000 	 1.55817881 	 -1.47514326 
18.64000000 	 1.54483337 	 -1.45821733 
18.66000000 	 1.53051142 	 -1.43901290 
18.68000000 	 1.51684048 	 -1.42176148 
18.70000000 	 1.50186754 	 -1.40548654 
18.72000000 	 1.48624361 	 -1.38628212 
18.74000000 	 1.47192166 	 -1.36837969 
18.76000000 	 1.45629773 	 -1.34950077 
18.78000000 	 1.44099929 	 -1.33257484 
18.80000000 	 1.42504986 	 -1.31304492 
18.82000000 	 1.40942592 	 -1.29384050 
18.84000000 	 1.39249999 	 -1.27333408 
18.86000000 	 1.37687605 	 -1.25445516 
18.88000000 	 1.35995012 	 -1.23557624 
18.90000000 	 1.34237320 	 -1.21506982 
18.92000000 	 1.32512177 	 -1.19488891 
18.94000000 	 1.30852133 	 -1.17438249 
18.96000000 	 1.28996791 	 -1.15452707 
18.98000000 	 1.27271648 	 -1.13336966 
19.00000000 	 1.25481405 	 -1.11351424 
19.02000000 	 1.23626063 	 -1.09235683 
19.04000000 	 1.21835820 	 -1.07054841 
19.06000000 	 1.19915378 	 -1.04906550 
19.08000000 	 1.18027486 	 -1.02725709 
19.10000000 	 1.16172144 	 -1.00642518 
19.12000000 	 1.14121502 	 -0.98461677 
19.14000000 	 1.12201060 	 -0.96183186 
19.16000000 	 1.10313168 	 -0.94067445 
19.18000000 	 1.08295076 	 -0.91756404 
19.20000000 	 1.06276984 	 -0.89640663 
19.22000000 	 1.04193793 	 -0.87297072 
19.24000000 	 1.02175701 	 -0.85051132 
19.26000000 	 1.00157609 	 -0.82805191 
19.28000000 	 0.98106968 	 -0.80429051 
19.30000000 	 0.95958676 	 -0.78215660 
19.32000000 	 0.93875485 	 -0.75904619 
19.34000000 	 0.91727194 	 -0.73593579 
19.36000000 	 0.89611452 	 -0.71217438 
19.38000000 	 0.87463161 	 -0.68938948 
19.40000000 	 0.85282320 	 -0.66465158 
19.42000000 	 0.83134029 	 -0.64089018 
19.44000000 	 0.80920638 	 -0.61777977 
19.46000000 	 0.78804897 	 -0.59271637 
19.48000000 	 0.76493856 	 -0.56895497 
19.50000000 	 0.74280465 	 -0.54454257 
19.52000000 	 0.72067074 	 -0.52110667 
19.54000000 	 0.69658384 	 -0.49636877 
19.56000000 	 0.67412443 	 -0.47163087 
19.58000000 	 0.65133953 	 -0.44754397 
19.60000000 	 0.62822912 	 -0.42280607 
19.62000000 	 0.60414222 	 -0.39904467 
19.64000000 	 0.58135731 	 -0.37398127 
19.66000000 	 0.55824691 	 -0.34956887 
19.68000000 	 0.53481101 	 -0.32352898 
19.70000000 	 0.51104960 	 -0.29976757 
19.72000000 	 0.48728820 	 -0.27535517 
19.74000000 	 0.46320130 	 -0.25029178 
19.76000000 	 0.44009089 	 -0.22522838 
19.78000000 	 0.41567849 	 -0.19951398 
19.80000000 	 0.39126609 	 -0.17542708 
19.82000000 	 0.36750469 	 -0.15003819 
19.84000000 	 0.34276679 	 -0.12562579 
19.86000000 	 0.31933089 	 -0.09991139 
19.88000000 	 0.29491849 	 -0.07582449 
19.90000000 	 0.27115709 	 -0.04978460 
19.92000000 	 0.24641919 	 -0.02472120 
19.94000000 	 0.22168129 	 0.00099319 
19.96000000 	 0.19661789 	 0.02540559 
19.98000000 	 0.17220549 	 0.05046899 
20.00000000 	 0.14714209 	 0.07553239 
20.02000000 	 0.12305519 	 0.10059579 
20.04000000 	 0.09766630 	 0.12565918 
20.06000000 	 0.07260290 	 0.15202457 
20.08000000 	 0.04819050 	 0.17513498 
20.10000000 	 0.02345260 	 0.20084937 
20.12000000 	 -0.00161080 	 0.22558727 
20.14000000 	 -0.02634869 	 0.25065067 
20.16000000 	 -0.05238859 	 0.27538857 
20.18000000 	 -0.07745198 	 0.30045197 
20.20000000 	 -0.10284088 	 0.32486437 
20.22000000 	 -0.12692778 	 0.35025326 
20.24000000 	 -0.15199118 	 0.37466566 
20.26000000 	 -0.17672908 	 0.39940356 
20.28000000 	 -0.20276897 	 0.42414146 
20.30000000 	 -0.22718137 	 0.44855386 
20.32000000 	 -0.25159377 	 0.47264076 
20.34000000 	 -0.27665717 	 0.49737866 
20.36000000 	 -0.30041857 	 0.52146556 
20.38000000 	 -0.32548197 	 0.54522696 
20.40000000 	 -0.35054537 	 0.56866287 
20.42000000 	 -0.37463227 	 0.59372626 
20.44000000 	 -0.39937017 	 0.61716217 
20.46000000 	 -0.42378257 	 0.64222557 
20.48000000 	 -0.44786947 	 0.66533597 
20.50000000 	 -0.47163087 	 0.68812088 
20.52000000 	 -0.49571777 	 0.71220778 
20.54000000 	 -0.51980467 	 0.73596918 
20.56000000 	 -0.54291508 	 0.75875409 
20.58000000 	 -0.56765298 	 0.78186449 
20.60000000 	 -0.59108888 	 0.80464940 
20.62000000 	 -0.61550128 	 0.82775980 
20.64000000 	 -0.63958818 	 0.85054471 
20.66000000 	 -0.66237309 	 0.87398062 
20.68000000 	 -0.68548349 	 0.89644002 
20.70000000 	 -0.70891940 	 0.91857393 
20.72000000 	 -0.73333180 	 0.94070784 
20.74000000 	 -0.75514021 	 0.96251625 
20.76000000 	 -0.77890161 	 0.98432466 
20.78000000 	 -0.80103552 	 1.00613307 
20.80000000 	 -0.82414592 	 1.02729049 
20.82000000 	 -0.84660533 	 1.05007539 
20.84000000 	 -0.86971574 	 1.07090731 
20.86000000 	 -0.89152415 	 1.09108823 
20.88000000 	 -0.91333256 	 1.11289664 
20.90000000 	 -0.93579197 	 1.13437955 
20.92000000 	 -0.95825137 	 1.15390947 
20.94000000 	 -0.97973429 	 1.17539238 
20.96000000 	 -1.00186820 	 1.19492230 
20.98000000 	 -1.02335111 	 1.21412672 
21.00000000 	 -1.04548502 	 1.23430764 
21.02000000 	 -1.06631693 	 1.25383756 
21.04000000 	 -1.08714885 	 1.27401848 
21.06000000 	 -1.10798076 	 1.29322290 
21.08000000 	 -1.12946367 	 1.31210182 
21.10000000 	 -1.14964459 	 1.33032975 
21.12000000 	 -1.17015101 	 1.34920867 
21.14000000 	 -1.19098292 	 1.36841309 
21.16000000 	 -1.21148934 	 1.38664101 
21.18000000 	 -1.23134476 	 1.40454344 
21.20000000 	 -1.25087468 	 1.42244587 
21.22000000 	 -1.27040460 	 1.43904630 
21.24000000 	 -1.28928352 	 1.45629773 
21.26000000 	 -1.30946444 	 1.47452565 
21.28000000 	 -1.32834336 	 1.49014959 
21.30000000 	 -1.34754778 	 1.50740102 
21.32000000 	 -1.36577570 	 1.52432695 
21.34000000 	 -1.38530562 	 1.53962539 
21.36000000 	 -1.40320805 	 1.55590032 
21.38000000 	 -1.42111048 	 1.57217525 
21.40000000 	 -1.43868741 	 1.58682269 
21.42000000 	 -1.45724083 	 1.60212113 
21.44000000 	 -1.47514326 	 1.61676857 
21.46000000 	 -1.49206919 	 1.63174151 
21.48000000 	 -1.50866962 	 1.64638895 
21.50000000 	 -1.52592105 	 1.66005989 
21.52000000 	 -1.54252148 	 1.67373084 
21.54000000 	 -1.55944741 	 1.68837828 
21.56000000 	 -1.57474585 	 1.70107273 
21.58000000 	 -1.59036978 	 1.71409267 
21.60000000 	 -1.60599372 	 1.72581062 
21.62000000 	 -1.62194315 	 1.73948157 
21.64000000 	 -1.63691609 	 1.75087402 
21.66000000 	 -1.65221453 	 1.76421947 
21.68000000 	 -1.66686197 	 1.77561192 
21.70000000 	 -1.68085841 	 1.78635338 
21.72000000 	 -1.69550585 	 1.79839683 
21.74000000 	 -1.70885130 	 1.80816179 
21.76000000 	 -1.72317324 	 1.82020524 
21.78000000 	 -1.73619319 	 1.82899370 
21.80000000 	 -1.74986413 	 1.83940966 
21.82000000 	 -1.76255858 	 1.84917462 
21.84000000 	 -1.77590402 	 1.85959058 
21.86000000 	 -1.78794747 	 1.86805354 
21.88000000 	 -1.79999092 	 1.87684201 
21.90000000 	 -1.81235987 	 1.88497947 
21.92000000 	 -1.82375233 	 1.89311694 
21.94000000 	 -1.83449378 	 1.90092891 
21.96000000 	 -1.84588624 	 1.90906637 
21.98000000 	 -1.85662769 	 1.91622734 
22.00000000 	 -1.86704365 	 1.92306282 
22.02000000 	 -1.87713411 	 1.92989829 
22.04000000 	 -1.88722457 	 1.93608276 
22.06000000 	 -1.89731503 	 1.94259274 
22.08000000 	 -1.90707999 	 1.94780071 
22.10000000 	 -1.91554295 	 1.95268319 
22.12000000 	 -1.92465691 	 1.95886767 
22.14000000 	 -1.93311988 	 1.96407565 
22.16000000 	 -1.94158284 	 1.96798163 
22.18000000 	 -1.94972031 	 1.97123662 
22.20000000 	 -1.95688128 	 1.97677010 
22.22000000 	 -1.96404225 	 1.98035058 
22.24000000 	 -1.97152872 	 1.98295457 
22.26000000 	 -1.97771320 	 1.98555856 
22.28000000 	 -1.98454867 	 1.98946454 
22.30000000 	 -1.99040764 	 1.99174303 
22.32000000 	 -1.99626662 	 1.99337053 
22.34000000 	 -2.00212560 	 1.99564902 
22.36000000 	 -2.00700808 	 1.99564902 
22.38000000 	 -2.01286705 	 1.99727651 
22.40000000 	 -2.01644754 	 1.99727651 
22.42000000 	 -2.02067902 	 1.99857851 
22.44000000 	 -2.02523600 	 1.99922950 
22.46000000 	 -2.02816549 	 1.99825301 
22.48000000 	 -2.03239697 	 1.99890400 
22.50000000 	 -2.03532646 	 1.99727651 
22.52000000 	 -2.03793045 	 1.99630002 
22.54000000 	 -2.04085994 	 1.99499802 
22.56000000 	 -2.04346393 	 1.99369603 
22.58000000 	 -2.04411492 	 1.99109204 
22.60000000 	 -2.04606792 	 1.98913904 
22.62000000 	 -2.04769541 	 1.98653506 
22.64000000 	 -2.04834641 	 1.98295457 
22.66000000 	 -2.04899740 	 1.98035058 
22.68000000 	 -2.04964840 	 1.97546810 
22.70000000 	 -2.04899740 	 1.97221311 
22.72000000 	 -2.04834641 	 1.96765613 
22.74000000 	 -2.04834641 	 1.96440115 
22.76000000 	 -2.04769541 	 1.95821667 
22.78000000 	 -2.04574242 	 1.95365969 
22.80000000 	 -2.04541692 	 1.94812621 
22.82000000 	 -2.04248743 	 1.94291823 
22.84000000 	 -2.04085994 	 1.93608276 
22.86000000 	 -2.03793045 	 1.92957279 
22.88000000 	 -2.03565196 	 1.92241182 
22.90000000 	 -2.03239697 	 1.91557635 
22.92000000 	 -2.02849099 	 1.90841538 
22.94000000 	 -2.02556150 	 1.90157990 
22.96000000 	 -2.02133002 	 1.89344244 
22.98000000 	 -2.01644754 	 1.88465397 
23.00000000 	 -2.01221606 	 1.87684201 
23.02000000 	 -2.00700808 	 1.86740254 
23.04000000 	 -2.00147460 	 1.85861408 
23.06000000 	 -1.99496463 	 1.84852362 
23.08000000 	 -1.99105864 	 1.83940966 
23.10000000 	 -1.98389767 	 1.82964470 
23.12000000 	 -1.97738770 	 1.81922874 
23.14000000 	 -1.97055223 	 1.80848729 
23.16000000 	 -1.96371675 	 1.79807133 
23.18000000 	 -1.95590479 	 1.78602788 
23.20000000 	 -1.94874382 	 1.77496092 
23.22000000 	 -1.94093185 	 1.76324297 
23.24000000 	 -1.93279438 	 1.75185052 
23.26000000 	 -1.92335492 	 1.73883057 
23.28000000 	 -1.91456646 	 1.72678712 
23.30000000 	 -1.90512699 	 1.71409267 
23.32000000 	 -1.89568753 	 1.70139822 
23.34000000 	 -1.88592257 	 1.68675078 
23.36000000 	 -1.87615761 	 1.67307984 
23.38000000 	 -1.86541616 	 1.66005989 
23.40000000 	 -1.85500020 	 1.64573795 
23.42000000 	 -1.84458424 	 1.63141601 
23.44000000 	 -1.83351729 	 1.61611757 
23.46000000 	 -1.82114834 	 1.60212113 
23.48000000 	 -1.81008138 	 1.58682269 
23.50000000 	 -1.79803793 	 1.57022226 
23.52000000 	 -1.78599448 	 1.55557482 
23.54000000 	 -1.77330003 	 1.54027638 
23.56000000 	 -1.76028009 	 1.52367595 
23.58000000 	 -1.74791114 	 1.50675002 
23.60000000 	 -1.73358920 	 1.48982409 
23.62000000 	 -1.72056925 	 1.47387466 
23.64000000 	 -1.70624731 	 1.45629773 
23.66000000 	 -1.69225087 	 1.43872080 
23.68000000 	 -1.67760343 	 1.42212037 
23.70000000 	 -1.66425798 	 1.40454344 
23.72000000 	 -1.64863405 	 1.38566452 
23.74000000 	 -1.63431210 	 1.36776209 
23.76000000 	 -1.61803717 	 1.34985967 
23.78000000 	 -1.60273873 	 1.33195724 
23.80000000 	 -1.58711480 	 1.31177632 
23.82000000 	 -1.57083986 	 1.29354840 
23.84000000 	 -1.55521593 	 1.27369298 
23.86000000 	 -1.53763900 	 1.25481405 
23.88000000 	 -1.52136407 	 1.23495864 
23.90000000 	 -1.50443814 	 1.21477772 
23.92000000 	 -1.48783770 	 1.19459680 
23.94000000 	 -1.47156277 	 1.17441588 
23.96000000 	 -1.45203285 	 1.15488596 
23.98000000 	 -1.43543242 	 1.13405405 
24.00000000 	 -1.41622800 	 1.11289664 
24.02000000 	 -1.39865107 	 1.09108823 
24.04000000 	 -1.38042314 	 1.07058181 
24.06000000 	 -1.36186972 	 1.04974990 
24.08000000 	 -1.34266530 	 1.02794148 
24.10000000 	 -1.32248438 	 1.00645857 
24.12000000 	 -1.30425646 	 0.98562666 
24.14000000 	 -1.28407554 	 0.96284175 
24.16000000 	 -1.26389462 	 0.94038234 
24.18000000 	 -1.24469020 	 0.91857393 
24.20000000 	 -1.22450928 	 0.89741652 
24.22000000 	 -1.20400287 	 0.87365512 
24.24000000 	 -1.18349645 	 0.85021921 
24.26000000 	 -1.16331553 	 0.82808530 
24.28000000 	 -1.14248362 	 0.80497490 
24.30000000 	 -1.12067521 	 0.78153899 
24.32000000 	 -1.10114529 	 0.75973058 
24.34000000 	 -1.07901138 	 0.73531818 
24.36000000 	 -1.05752847 	 0.71253328 
24.38000000 	 -1.03702205 	 0.68844638 
24.40000000 	 -1.01488814 	 0.66566147 
24.42000000 	 -0.99307973 	 0.64092357 
24.44000000 	 -0.97094582 	 0.61683667 
24.46000000 	 -0.94913741 	 0.59405176 
24.48000000 	 -0.92635251 	 0.56963936 
24.50000000 	 -0.90486959 	 0.54555246 
24.52000000 	 -0.88208469 	 0.52048906 
24.54000000 	 -0.85864878 	 0.49705316 
24.56000000 	 -0.83618938 	 0.47296626 
24.58000000 	 -0.81372997 	 0.44855386 
24.60000000 	 -0.79029406 	 0.42218847 
24.62000000 	 -0.76685816 	 0.39940356 
24.64000000 	 -0.74439875 	 0.37401466 
24.66000000 	 -0.72063735 	 0.34992776 
24.68000000 	 -0.69655045 	 0.32453887 
24.70000000 	 -0.67344004 	 0.30045197 
24.72000000 	 -0.64967864 	 0.27538857 
24.74000000 	 -0.62591724 	 0.25065067 
24.76000000 	 -0.60183034 	 0.22526177 
24.78000000 	 -0.57806893 	 0.20117487 
24.80000000 	 -0.55430753 	 0.17513498 
24.82000000 	 -0.52989513 	 0.15137358 
24.84000000 	 -0.50613373 	 0.12468269 
24.86000000 	 -0.48107033 	 0.09961929 
24.88000000 	 -0.45698343 	 0.07520689 
24.90000000 	 -0.43257103 	 0.04981799 
24.92000000 	 -0.40848413 	 0.02475460 
24.94000000 	 -0.38342073 	 -0.00063430 
24.96000000 	 -0.35868283 	 -0.02504670 
24.98000000 	 -0.33427043 	 -0.05011010 
25.00000000 	 -0.30953253 	 -0.07549899 
25.02000000 	 -0.28414364 	 -0.09958589 
25.04000000 	 -0.25973124 	 -0.12530029 
25.06000000 	 -0.23531884 	 -0.15003819 
25.08000000 	 -0.21090644 	 -0.17477609 
25.10000000 	 -0.18551754 	 -0.19983948 
25.12000000 	 -0.15980315 	 -0.22490288 
25.14000000 	 -0.13506525 	 -0.24931528 
25.16000000 	 -0.11065285 	 -0.27535517 
25.18000000 	 -0.08493845 	 -0.29976757 
25.20000000 	 -0.06117705 	 -0.32548197 
25.22000000 	 -0.03513716 	 -0.34989437 
25.24000000 	 -0.00974826 	 -0.37333027 
25.26000000 	 0.01401314 	 -0.39839367 
25.28000000 	 0.03940204 	 -0.42313157 
25.30000000 	 0.06413993 	 -0.44754397 
25.32000000 	 0.08920333 	 -0.47228187 
25.34000000 	 0.11329023 	 -0.49669427 
25.36000000 	 0.13802813 	 -0.52143217 
25.38000000 	 0.16244053 	 -0.54486807 
25.40000000 	 0.18782943 	 -0.56895497 
25.42000000 	 0.21159083 	 -0.59304187 
25.44000000 	 0.23567773 	 -0.61777977 
25.46000000 	 0.26106663 	 -0.64089018 
25.48000000 	 0.28450253 	 -0.66400058 
25.50000000 	 0.30858943 	 -0.68841298 
25.52000000 	 0.33332733 	 -0.71249988 
25.54000000 	 0.35708873 	 -0.73723778 
25.56000000 	 0.38052464 	 -0.75839519 
25.58000000 	 0.40461154 	 -0.78183110 
25.60000000 	 0.42837294 	 -0.80461600 
25.62000000 	 0.45213434 	 -0.82870291 
25.64000000 	 0.47654674 	 -0.85051132 
25.66000000 	 0.49965715 	 -0.87362172 
25.68000000 	 0.52309305 	 -0.89543013 
25.70000000 	 0.54620346 	 -0.91788954 
25.72000000 	 0.56898837 	 -0.94197644 
25.74000000 	 0.59242427 	 -0.96280836 
25.76000000 	 0.61520918 	 -0.98461677 
25.78000000 	 0.63864508 	 -1.00707617 
25.80000000 	 0.66110449 	 -1.02790809 
25.82000000 	 0.68356390 	 -1.04939100 
25.84000000 	 0.70699980 	 -1.07119941 
25.86000000 	 0.72815721 	 -1.09203133 
25.88000000 	 0.75159312 	 -1.11286324 
25.90000000 	 0.77372703 	 -1.13402065 
25.92000000 	 0.79553544 	 -1.15420157 
25.94000000 	 0.81701835 	 -1.17470799 
25.96000000 	 0.83915226 	 -1.19553990 
25.98000000 	 0.86030967 	 -1.21474432 
26.00000000 	 0.88211808 	 -1.23557624 
26.02000000 	 0.90229900 	 -1.25445516 
26.04000000 	 0.92475841 	 -1.27496158 
26.06000000 	 0.94526482 	 -1.29221301 
26.08000000 	 0.96707323 	 -1.31239392 
26.10000000 	 0.98725415 	 -1.33127285 
26.12000000 	 1.00841156 	 -1.34982627 
26.14000000 	 1.02859248 	 -1.36837969 
26.16000000 	 1.04877340 	 -1.38725862 
26.18000000 	 1.06862882 	 -1.40516104 
26.20000000 	 1.08783324 	 -1.42241247 
26.22000000 	 1.10801416 	 -1.44064040 
26.24000000 	 1.12754408 	 -1.45724083 
26.26000000 	 1.14805049 	 -1.47481776 
26.28000000 	 1.16562742 	 -1.49141819 
26.30000000 	 1.18613384 	 -1.50769312 
26.32000000 	 1.20403626 	 -1.52494455 
26.34000000 	 1.22226419 	 -1.54089399 
26.36000000 	 1.24049211 	 -1.55586693 
26.38000000 	 1.25904554 	 -1.57246736 
26.40000000 	 1.27727346 	 -1.58711480 
26.42000000 	 1.29452489 	 -1.60371523 
26.44000000 	 1.31145082 	 -1.61673518 
26.46000000 	 1.32902775 	 -1.63170811 
26.48000000 	 1.34660468 	 -1.64700655 
26.50000000 	 1.36287961 	 -1.66067750 
26.52000000 	 1.37980554 	 -1.67434844 
26.54000000 	 1.39640597 	 -1.68769389 
26.56000000 	 1.41300641 	 -1.70136483 
26.58000000 	 1.42830484 	 -1.71471027 
26.60000000 	 1.44457978 	 -1.72740472 
26.62000000 	 1.45987821 	 -1.73977367 
26.64000000 	 1.47550215 	 -1.75181712 
26.66000000 	 1.48949859 	 -1.76418607 
26.68000000 	 1.50382053 	 -1.77622952 
26.70000000 	 1.51944447 	 -1.78729648 
26.72000000 	 1.53376641 	 -1.79803793 
26.74000000 	 1.54678636 	 -1.80910489 
26.76000000 	 1.56110830 	 -1.81952084 
26.78000000 	 1.57412825 	 -1.82961130 
26.80000000 	 1.58779919 	 -1.84067826 
26.82000000 	 1.60081914 	 -1.84946672 
26.84000000 	 1.61383908 	 -1.85923168 
26.86000000 	 1.62588253 	 -1.86834564 
26.88000000 	 1.63857698 	 -1.87713411 
26.90000000 	 1.64996944 	 -1.88429508 
26.92000000 	 1.66201289 	 -1.89373454 
26.94000000 	 1.67307984 	 -1.90122101 
26.96000000 	 1.68479779 	 -1.90935848 
26.98000000 	 1.69488825 	 -1.91651945 
27.00000000 	 1.70562971 	 -1.92368042 
27.02000000 	 1.71572017 	 -1.93019039 
27.04000000 	 1.72548513 	 -1.93637487 
27.06000000 	 1.73492459 	 -1.94288484 
27.08000000 	 1.74468955 	 -1.94809282 
27.10000000 	 1.75347801 	 -1.95362630 
27.12000000 	 1.76226647 	 -1.95948527 
27.14000000 	 1.77040394 	 -1.96371675 
27.16000000 	 1.77919241 	 -1.96794824 
27.18000000 	 1.78732987 	 -1.97315622 
27.20000000 	 1.79481634 	 -1.97641120 
27.22000000 	 1.80230281 	 -1.98031719 
27.24000000 	 1.81011478 	 -1.98389767 
27.26000000 	 1.81597375 	 -1.98682716 
27.28000000 	 1.82313473 	 -1.98943115 
27.30000000 	 1.82866820 	 -1.99138414 
27.32000000 	 1.83485268 	 -1.99366263 
27.34000000 	 1.84038615 	 -1.99594112 
27.36000000 	 1.84624513 	 -1.99659212 
27.38000000 	 1.85112761 	 -1.99724312 
27.40000000 	 1.85438260 	 -1.99919611 
27.42000000 	 1.85959058 	 -1.99887061 
27.44000000 	 1.86317106 	 -1.99919611 
27.46000000 	 1.86740254 	 -2.00049810 
27.48000000 	 1.87098303 	 -1.99887061 
27.50000000 	 1.87358702 	 -1.99821961 
27.52000000 	 1.87684201 	 -1.99626662 
27.54000000 	 1.87912050 	 -1.99561562 
27.56000000 	 1.88074799 	 -1.99366263 
27.58000000 	 1.88302648 	 -1.99138414 
27.60000000 	 1.88432847 	 -1.98910565 
27.62000000 	 1.88628147 	 -1.98682716 
27.64000000 	 1.88725796 	 -1.98259568 
27.66000000 	 1.88693246 	 -1.98064268 
27.68000000 	 1.88790896 	 -1.97706220 
27.70000000 	 1.88758346 	 -1.97315622 
27.72000000 	 1.88758346 	 -1.96794824 
27.74000000 	 1.88660697 	 -1.96469325 
27.76000000 	 1.88563047 	 -1.95948527 
27.78000000 	 1.88465397 	 -1.95427729 
27.80000000 	 1.88302648 	 -1.94874382 
27.82000000 	 1.88009699 	 -1.94288484 
27.84000000 	 1.87912050 	 -1.93702586 
27.86000000 	 1.87651651 	 -1.92986489 
27.88000000 	 1.87358702 	 -1.92335492 
27.90000000 	 1.87033203 	 -1.91651945 
27.92000000 	 1.86707705 	 -1.90838198 
27.94000000 	 1.86414756 	 -1.90154651 
27.96000000 	 1.85926508 	 -1.89308354 
27.98000000 	 1.85503359 	 -1.88494608 
28.00000000 	 1.85015111 	 -1.87713411 
28.02000000 	 1.84461764 	 -1.86769465 
28.04000000 	 1.84038615 	 -1.85858068 
28.06000000 	 1.83420168 	 -1.85044322 
28.08000000 	 1.82736621 	 -1.83937626 
28.10000000 	 1.82183273 	 -1.82961130 
28.12000000 	 1.81467176 	 -1.81984634 
28.14000000 	 1.80881278 	 -1.80910489 
28.16000000 	 1.80100082 	 -1.79803793 
28.18000000 	 1.79481634 	 -1.78697098 
28.20000000 	 1.78602788 	 -1.77460203 
28.22000000 	 1.77756491 	 -1.76451157 
28.24000000 	 1.77040394 	 -1.75246812 
28.26000000 	 1.76063898 	 -1.73912267 
28.28000000 	 1.75217602 	 -1.72642823 
28.30000000 	 1.74403855 	 -1.71438478 
28.32000000 	 1.73459909 	 -1.70234133 
28.34000000 	 1.72385763 	 -1.68704289 
28.36000000 	 1.71409267 	 -1.67467394 
28.38000000 	 1.70367671 	 -1.66035200 
28.40000000 	 1.69260976 	 -1.64733205 
28.42000000 	 1.68251930 	 -1.63073162 
28.44000000 	 1.67047585 	 -1.61738617 
28.46000000 	 1.65973440 	 -1.60273873 
28.48000000 	 1.64834194 	 -1.58646380 
28.50000000 	 1.63597299 	 -1.57149086 
28.52000000 	 1.62392954 	 -1.55684342 
28.54000000 	 1.61188609 	 -1.53991749 
28.56000000 	 1.59886614 	 -1.52364256 
28.58000000 	 1.58486970 	 -1.50866962 
28.60000000 	 1.57217525 	 -1.49076719 
28.62000000 	 1.55850431 	 -1.47481776 
28.64000000 	 1.54515886 	 -1.45821733 
28.66000000 	 1.53083692 	 -1.43998940 
28.68000000 	 1.51716598 	 -1.42111048 
28.70000000 	 1.50154204 	 -1.40548654 
28.72000000 	 1.48722010 	 -1.38693312 
28.74000000 	 1.47192166 	 -1.36870519 
28.76000000 	 1.45662323 	 -1.35080277 
28.78000000 	 1.44034829 	 -1.33192384 
28.80000000 	 1.42504986 	 -1.31239392 
28.82000000 	 1.40910042 	 -1.29351500 
28.84000000 	 1.39347649 	 -1.27463608 
28.86000000 	 1.37752705 	 -1.25445516 
28.88000000 	 1.35995012 	 -1.23557624 
28.90000000 	 1.34204770 	 -1.21474432 
28.92000000 	 1.32544727 	 -1.19456341 
28.94000000 	 1.30819584 	 -1.17470799 
28.96000000 	 1.29029341 	 -1.15420157 
28.98000000 	 1.27239098 	 -1.13434615 
29.00000000 	 1.25383756 	 -1.11383974 
29.02000000 	 1.23560963 	 -1.09203133 
29.04000000 	 1.21705621 	 -1.07119941 
29.06000000 	 1.19850279 	 -1.05004200 
29.08000000 	 1.17994936 	 -1.02855909 
29.10000000 	 1.16139594 	 -1.00609968 
29.12000000 	 1.14186602 	 -0.98461677 
29.14000000 	 1.12201060 	 -0.96280836 
29.16000000 	 1.10313168 	 -0.94099995 
29.18000000 	 1.08262526 	 -0.91886604 
29.20000000 	 1.06244434 	 -0.89543013 
29.22000000 	 1.04291442 	 -0.87329622 
29.24000000 	 1.02208251 	 -0.85181331 
29.26000000 	 1.00190159 	 -0.82740091 
29.28000000 	 0.98074418 	 -0.80494150 
29.30000000 	 0.95926127 	 -0.78248210 
29.32000000 	 0.93875485 	 -0.75904619 
29.34000000 	 0.91694644 	 -0.73626128 
29.36000000 	 0.89578903 	 -0.71184888 
29.38000000 	 0.87430611 	 -0.68841298 
29.40000000 	 0.85282320 	 -0.66530258 
29.42000000 	 0.83134029 	 -0.64186667 
29.44000000 	 0.80855538 	 -0.61680327 
29.46000000 	 0.78739797 	 -0.59369287 
29.48000000 	 0.76428757 	 -0.56928047 
29.50000000 	 0.74247915 	 -0.54454257 
29.52000000 	 0.71969425 	 -0.52143217 
29.54000000 	 0.69723484 	 -0.49767076 
29.56000000 	 0.67444993 	 -0.47195637 
29.58000000 	 0.65068853 	 -0.44754397 
29.60000000 	 0.62855462 	 -0.42378257 
29.62000000 	 0.60544422 	 -0.39839367 
29.64000000 	 0.58103182 	 -0.37398127 
29.66000000 	 0.55857241 	 -0.34989437 
29.68000000 	 0.53513650 	 -0.32450547 
29.70000000 	 0.51104960 	 -0.30041857 
29.72000000 	 0.48761370 	 -0.27470418 
29.74000000 	 0.46385230 	 -0.25029178 
29.76000000 	 0.43976540 	 -0.22522838 
29.78000000 	 0.41665499 	 -0.20016498 
29.80000000 	 0.39224259 	 -0.17575258 
29.82000000 	 0.36783019 	 -0.15101468 
29.84000000 	 0.34309229 	 -0.12530029 
29.86000000 	 0.31933089 	 -0.10023689 
29.88000000 	 0.29459299 	 -0.07517349 
29.90000000 	 0.27018059 	 -0.05011010 
29.92000000 	 0.24576819 	 -0.02537220 
29.94000000 	 0.22103029 	 0.00001670 
29.96000000 	 0.19661789 	 0.02508009 
29.98000000 	 0.17220549 	 0.05144549 
30.00000000 	 0.14779309 	 0.07553239 
30.02000000 	 0.12305519 	 0.09994479 
30.04000000 	 0.09799180 	 0.12565918 
30.06000000 	 0.07357940 	 0.15039708 
30.08000000 	 0.04884150 	 0.17546048 
30.10000000 	 0.02377810 	 0.20084937 
30.12000000 	 -0.00161080 	 0.22493628 
30.14000000 	 -0.02634869 	 0.24967417 
30.16000000 	 -0.05206309 	 0.27473757 
30.18000000 	 -0.07680099 	 0.30077746 
30.20000000 	 -0.10186438 	 0.32518986 
30.22000000 	 -0.12660228 	 0.35057876 
30.24000000 	 -0.15296768 	 0.37368917 
30.26000000 	 -0.17640358 	 0.39907806 
30.28000000 	 -0.20211797 	 0.42316496 
30.30000000 	 -0.22685587 	 0.44757736 
30.32000000 	 -0.25159377 	 0.47264076 
30.34000000 	 -0.27665717 	 0.49672766 
30.36000000 	 -0.30074407 	 0.52081456 
30.38000000 	 -0.32613297 	 0.54555246 
30.40000000 	 -0.34989437 	 0.56931386 
30.42000000 	 -0.37495777 	 0.59372626 
30.44000000 	 -0.39937017 	 0.61781317 
30.46000000 	 -0.42410806 	 0.64059807 
30.48000000 	 -0.44852046 	 0.66468497 
30.50000000 	 -0.47163087 	 0.68909737 
30.52000000 	 -0.49636877 	 0.71220778 
30.54000000 	 -0.52013017 	 0.73596918 
30.56000000 	 -0.54389157 	 0.75973058 
30.58000000 	 -0.56732748 	 0.78218999 
30.60000000 	 -0.59173988 	 0.80497490 
30.62000000 	 -0.61452478 	 0.82743431 
30.64000000 	 -0.63926268 	 0.85087021 
30.66000000 	 -0.66237309 	 0.87365512 
30.68000000 	 -0.68613449 	 0.89676552 
30.70000000 	 -0.70859390 	 0.91727194 
30.72000000 	 -0.73268080 	 0.94168434 
30.74000000 	 -0.75579120 	 0.96284175 
30.76000000 	 -0.77857611 	 0.98465016 
30.78000000 	 -0.80168652 	 1.00548208 
30.80000000 	 -0.82479692 	 1.02826698 
30.82000000 	 -0.84725633 	 1.04974990 
30.84000000 	 -0.86971574 	 1.07090731 
30.86000000 	 -0.89217515 	 1.09239022 
30.88000000 	 -0.91430905 	 1.11322213 
30.90000000 	 -0.93676846 	 1.13372855 
30.92000000 	 -0.95792588 	 1.15358397 
30.94000000 	 -0.97973429 	 1.17506688 
30.96000000 	 -1.00219369 	 1.19524780 
30.98000000 	 -1.02270011 	 1.21477772 
31.00000000 	 -1.04418302 	 1.23528413 
31.02000000 	 -1.06631693 	 1.25416306 
31.04000000 	 -1.08714885 	 1.27369298 
31.06000000 	 -1.10830626 	 1.29322290 
31.08000000 	 -1.12913817 	 1.31210182 
31.10000000 	 -1.14899359 	 1.33130624 
31.12000000 	 -1.16982551 	 1.35018516 
31.14000000 	 -1.19098292 	 1.36808759 
31.16000000 	 -1.21051284 	 1.38631552 
31.18000000 	 -1.23134476 	 1.40356694 
31.20000000 	 -1.25087468 	 1.42212037 
31.22000000 	 -1.27073009 	 1.43969730 
31.24000000 	 -1.29026001 	 1.45727422 
31.26000000 	 -1.30978993 	 1.47387466 
31.28000000 	 -1.32834336 	 1.49047509 
31.30000000 	 -1.34754778 	 1.50805202 
31.32000000 	 -1.36610120 	 1.52400145 
31.34000000 	 -1.38498013 	 1.54027638 
31.36000000 	 -1.40320805 	 1.55590032 
31.38000000 	 -1.42111048 	 1.57119876 
31.40000000 	 -1.43933840 	 1.58649720 
31.42000000 	 -1.45691533 	 1.60309763 
31.44000000 	 -1.47416676 	 1.61676857 
31.46000000 	 -1.49174369 	 1.63174151 
31.48000000 	 -1.50866962 	 1.64606345 
31.50000000 	 -1.52559555 	 1.65973440 
31.52000000 	 -1.54252148 	 1.67373084 
31.54000000 	 -1.55847091 	 1.68837828 
31.56000000 	 -1.57474585 	 1.70139822 
31.58000000 	 -1.59036978 	 1.71474367 
31.60000000 	 -1.60599372 	 1.72743812 
31.62000000 	 -1.62226865 	 1.73948157 
31.64000000 	 -1.63659059 	 1.75152502 
31.66000000 	 -1.65221453 	 1.76421947 
31.68000000 	 -1.66621097 	 1.77496092 
31.70000000 	 -1.68118391 	 1.78700437 
31.72000000 	 -1.69615685 	 1.79807133 
31.74000000 	 -1.71015329 	 1.80881278 
31.76000000 	 -1.72317324 	 1.81922874 
31.78000000 	 -1.73716968 	 1.82931920 
31.80000000 	 -1.74986413 	 1.83973516 
31.82000000 	 -1.76320958 	 1.84982562 
31.84000000 	 -1.77655502 	 1.85926508 
31.86000000 	 -1.78794747 	 1.86837904 
31.88000000 	 -1.80031642 	 1.87651651 
31.90000000 	 -1.81203438 	 1.88530497 
31.92000000 	 -1.82375233 	 1.89311694 
31.94000000 	 -1.83481928 	 1.90157990 
31.96000000 	 -1.84621174 	 1.90906637 
31.98000000 	 -1.85792969 	 1.91590185 
32.00000000 	 -1.86802015 	 1.92338831 
32.02000000 	 -1.87745961 	 1.92957279 
32.04000000 	 -1.88755007 	 1.93640826 
32.06000000 	 -1.89698953 	 1.94291823 
32.08000000 	 -1.90707999 	 1.94780071 
32.10000000 	 -1.91586845 	 1.95268319 
32.12000000 	 -1.92498241 	 1.95854217 
32.14000000 	 -1.93279438 	 1.96277365 
32.16000000 	 -1.94125735 	 1.96830713 
32.18000000 	 -1.94972031 	 1.97188762 
32.20000000 	 -1.95720678 	 1.97579360 
32.22000000 	 -1.96339126 	 1.97969958 
32.24000000 	 -1.97152872 	 1.98295457 
32.26000000 	 -1.97836419 	 1.98653506 
32.28000000 	 -1.98487417 	 1.98913904 
32.30000000 	 -1.99105864 	 1.99011554 
32.32000000 	 -1.99659212 	 1.99369603 
32.34000000 	 -2.00180010 	 1.99499802 
32.36000000 	 -2.00765907 	 1.99662551 
32.38000000 	 -2.01254155 	 1.99727651 
32.40000000 	 -2.01709854 	 1.99857851 
32.42000000 	 -2.02165552 	 1.99857851 
32.44000000 	 -2.02588700 	 1.99857851 
32.46000000 	 -2.02914199 	 1.99792751 
32.48000000 	 -2.03272247 	 1.99825301 
32.50000000 	 -2.03565196 	 1.99760201 
32.52000000 	 -2.03858145 	 1.99662551 
32.54000000 	 -2.04118544 	 1.99532352 
32.56000000 	 -2.04248743 	 1.99337053 
32.58000000 	 -2.04509142 	 1.99141754 
32.60000000 	 -2.04606792 	 1.98913904 
32.62000000 	 -2.04802091 	 1.98588406 
32.64000000 	 -2.04769541 	 1.98328007 
32.66000000 	 -2.04997390 	 1.97969958 
32.68000000 	 -2.04964840 	 1.97546810 
32.70000000 	 -2.04899740 	 1.97156212 
32.72000000 	 -2.04964840 	 1.96798163 
32.74000000 	 -2.04899740 	 1.96309915 
32.76000000 	 -2.04704441 	 1.95854217 
32.78000000 	 -2.04606792 	 1.95365969 
32.80000000 	 -2.04509142 	 1.94780071 
32.82000000 	 -2.04313843 	 1.94194174 
32.84000000 	 -2.04118544 	 1.93640826 
32.86000000 	 -2.03858145 	 1.92989829 
32.88000000 	 -2.03532646 	 1.92273732 
32.90000000 	 -2.03272247 	 1.91525085 
32.92000000 	 -2.02881649 	 1.90874087 
32.94000000 	 -2.02588700 	 1.90092891 
32.96000000 	 -2.02165552 	 1.89311694 
32.98000000 	 -2.01677304 	 1.88432847 
33.00000000 	 -2.01221606 	 1.87716750 
33.02000000 	 -2.00635708 	 1.86772804 
33.04000000 	 -2.00180010 	 1.85828858 
33.06000000 	 -1.99594112 	 1.84982562 
33.08000000 	 -1.98975665 	 1.83908416 
33.10000000 	 -1.98389767 	 1.82964470 
33.12000000 	 -1.97771320 	 1.81922874 
33.14000000 	 -1.97152872 	 1.80881278 
33.16000000 	 -1.96306576 	 1.79807133 
33.18000000 	 -1.95590479 	 1.78667887 
33.20000000 	 -1.94809282 	 1.77561192 
33.22000000 	 -1.94125735 	 1.76421947 
33.24000000 	 -1.93181788 	 1.75022302 
33.26000000 	 -1.92302942 	 1.73980707 
33.28000000 	 -1.91456646 	 1.72646162 
33.30000000 	 -1.90545249 	 1.71539467 
33.32000000 	 -1.89633853 	 1.70042173 
33.34000000 	 -1.88657357 	 1.68805278 
33.36000000 	 -1.87680861 	 1.67438184 
33.38000000 	 -1.86606715 	 1.66071089 
33.40000000 	 -1.85467470 	 1.64638895 
33.42000000 	 -1.84425874 	 1.63174151 
33.44000000 	 -1.83254079 	 1.61709407 
33.46000000 	 -1.82179934 	 1.60179563 
33.48000000 	 -1.81008138 	 1.58617170 
33.50000000 	 -1.79803793 	 1.57119876 
33.52000000 	 -1.78599448 	 1.55590032 
33.54000000 	 -1.77297454 	 1.54060188 
33.56000000 	 -1.76093109 	 1.52432695 
33.58000000 	 -1.74693464 	 1.50740102 
33.60000000 	 -1.73391470 	 1.49080059 
33.62000000 	 -1.72024375 	 1.47452565 
33.64000000 	 -1.70657281 	 1.45694873 
33.66000000 	 -1.69322736 	 1.43937180 
33.68000000 	 -1.67825442 	 1.42244587 
33.70000000 	 -1.66393248 	 1.40551994 
33.72000000 	 -1.64961054 	 1.38599002 
33.74000000 	 -1.63398661 	 1.36841309 
33.76000000 	 -1.61901367 	 1.34953417 
33.78000000 	 -1.60306423 	 1.33032975 
33.80000000 	 -1.58744030 	 1.31177632 
33.82000000 	 -1.57083986 	 1.29419939 
33.84000000 	 -1.55456493 	 1.27336748 
33.86000000 	 -1.53894099 	 1.25416306 
33.88000000 	 -1.52136407 	 1.23528413 
33.90000000 	 -1.50443814 	 1.21412672 
33.92000000 	 -1.48751221 	 1.19492230 
33.94000000 	 -1.47058628 	 1.17474138 
33.96000000 	 -1.45300935 	 1.15423497 
33.98000000 	 -1.43478142 	 1.13372855 
34.00000000 	 -1.41622800 	 1.11224564 
34.02000000 	 -1.39832557 	 1.09173922 
34.04000000 	 -1.38009765 	 1.07123281 
34.06000000 	 -1.36089322 	 1.04909890 
34.08000000 	 -1.34201430 	 1.02761599 
34.10000000 	 -1.32280988 	 1.00580758 
34.12000000 	 -1.30327996 	 0.98432466 
34.14000000 	 -1.28505204 	 0.96251625 
34.16000000 	 -1.26454562 	 0.94135884 
34.18000000 	 -1.24469020 	 0.91824843 
34.20000000 	 -1.22450928 	 0.89611452 
34.22000000 	 -1.20497936 	 0.87332962 
34.24000000 	 -1.18382195 	 0.85054471 
34.26000000 	 -1.16266454 	 0.82841080 
34.28000000 	 -1.14248362 	 0.80497490 
34.30000000 	 -1.12165171 	 0.78218999 
34.32000000 	 -1.10049429 	 0.75907959 
34.34000000 	 -1.07966238 	 0.73596918 
34.36000000 	 -1.05817947 	 0.71188228 
34.38000000 	 -1.03637105 	 0.68746988 
34.40000000 	 -1.01521364 	 0.66501047 
34.42000000 	 -0.99242873 	 0.64124907 
34.44000000 	 -0.97094582 	 0.61683667 
34.46000000 	 -0.94946291 	 0.59372626 
34.48000000 	 -0.92700350 	 0.57029036 
34.50000000 	 -0.90454410 	 0.54425047 
34.52000000 	 -0.88143369 	 0.52114006 
34.54000000 	 -0.85864878 	 0.49770416 
34.56000000 	 -0.83651487 	 0.47133877 
34.58000000 	 -0.81405547 	 0.44725186 
34.60000000 	 -0.79029406 	 0.42349046 
34.62000000 	 -0.76718366 	 0.39907806 
34.64000000 	 -0.74374775 	 0.37466566 
34.66000000 	 -0.72031185 	 0.34960226 
34.68000000 	 -0.69687595 	 0.32421337 
34.70000000 	 -0.67376554 	 0.29980097 
34.72000000 	 -0.65000414 	 0.27603957 
34.74000000 	 -0.62591724 	 0.25065067 
34.76000000 	 -0.60215583 	 0.22558727 
34.78000000 	 -0.57806893 	 0.20117487 
34.80000000 	 -0.55365653 	 0.17611148 
34.82000000 	 -0.52989513 	 0.15039708 
34.84000000 	 -0.50548273 	 0.12631018 
34.86000000 	 -0.48107033 	 0.10027029 
34.88000000 	 -0.45698343 	 0.07585789 
34.90000000 	 -0.43257103 	 0.05079449 
34.92000000 	 -0.40815863 	 0.02508009 
34.94000000 	 -0.38374623 	 0.00034220 
34.96000000 	 -0.35933383 	 -0.02439570 
34.98000000 	 -0.33394493 	 -0.04913360 
35.00000000 	 -0.30985803 	 -0.07549899 
35.02000000 	 -0.28479464 	 -0.10023689 
35.04000000 	 -0.25940574 	 -0.12530029 
35.06000000 	 -0.23531884 	 -0.15068918 
35.08000000 	 -0.21025544 	 -0.17510158 
35.10000000 	 -0.18486654 	 -0.20016498 
35.12000000 	 -0.16012865 	 -0.22425188 
35.14000000 	 -0.13571625 	 -0.25029178 
35.16000000 	 -0.11032735 	 -0.27535517 
35.18000000 	 -0.08558945 	 -0.29911658 
35.20000000 	 -0.06052605 	 -0.32417997 
35.22000000 	 -0.03546266 	 -0.35021987 
35.24000000 	 -0.01072476 	 -0.37300477 
35.26000000 	 0.01466414 	 -0.39937017 
35.28000000 	 0.03972753 	 -0.42313157 
35.30000000 	 0.06413993 	 -0.44754397 
35.32000000 	 0.08887783 	 -0.47195637 
35.34000000 	 0.11361573 	 -0.49636877 
35.36000000 	 0.13835363 	 -0.52175766 
35.38000000 	 0.16276603 	 -0.54584457 
35.40000000 	 0.18620193 	 -0.56830397 
35.42000000 	 0.21191633 	 -0.59336737 
35.44000000 	 0.23567773 	 -0.61680327 
35.46000000 	 0.26074113 	 -0.64056468 
35.48000000 	 0.28450253 	 -0.66465158 
35.50000000 	 0.30891493 	 -0.68938948 
35.52000000 	 0.33365283 	 -0.71217438 
35.54000000 	 0.35578674 	 -0.73528479 
35.56000000 	 0.38150113 	 -0.75839519 
35.58000000 	 0.40428604 	 -0.78183110 
35.60000000 	 0.42902394 	 -0.80559250 
35.62000000 	 0.45180885 	 -0.82772641 
35.64000000 	 0.47589575 	 -0.85116231 
35.66000000 	 0.49900615 	 -0.87329622 
35.68000000 	 0.52244206 	 -0.89608113 
35.70000000 	 0.54652896 	 -0.91854054 
35.72000000 	 0.56898837 	 -0.94034895 
35.74000000 	 0.59144777 	 -0.96248286 
35.76000000 	 0.61520918 	 -0.98494227 
35.78000000 	 0.63799408 	 -1.00707617 
35.80000000 	 0.66077899 	 -1.02790809 
35.82000000 	 0.68356390 	 -1.04906550 
35.84000000 	 0.70602330 	 -1.07185041 
35.86000000 	 0.72848271 	 -1.09138033 
35.88000000 	 0.75061662 	 -1.11416524 
35.90000000 	 0.77340153 	 -1.13304416 
35.92000000 	 0.79553544 	 -1.15550357 
35.94000000 	 0.81766935 	 -1.17470799 
35.96000000 	 0.83882676 	 -1.19423791 
35.98000000 	 0.86063517 	 -1.21506982 
36.00000000 	 0.88146708 	 -1.23525074 
36.02000000 	 0.90295000 	 -1.25543166 
36.04000000 	 0.92475841 	 -1.27398508 
36.06000000 	 0.94526482 	 -1.29351500 
36.08000000 	 0.96642224 	 -1.31271942 
36.10000000 	 0.98757965 	 -1.33159834 
36.12000000 	 1.00873706 	 -1.34982627 
36.14000000 	 1.02826698 	 -1.36903069 
36.16000000 	 1.04844790 	 -1.38725862 
36.18000000 	 1.06732682 	 -1.40548654 
36.20000000 	 1.08848424 	 -1.42273797 
36.22000000 	 1.10833966 	 -1.44031490 
36.24000000 	 1.12786957 	 -1.45756633 
36.26000000 	 1.14707400 	 -1.47384126 
36.28000000 	 1.16595292 	 -1.49141819 
36.30000000 	 1.18483184 	 -1.50834412 
36.32000000 	 1.20371076 	 -1.52396806 
36.34000000 	 1.22324068 	 -1.54056849 
36.36000000 	 1.24049211 	 -1.55781992 
36.38000000 	 1.25904554 	 -1.57214186 
36.40000000 	 1.27727346 	 -1.58613830 
36.42000000 	 1.29419939 	 -1.60208774 
36.44000000 	 1.31210182 	 -1.61706067 
36.46000000 	 1.32967875 	 -1.63235911 
36.48000000 	 1.34627918 	 -1.64635555 
36.50000000 	 1.36320511 	 -1.66100299 
36.52000000 	 1.37948004 	 -1.67434844 
36.54000000 	 1.39608048 	 -1.68769389 
36.56000000 	 1.41300641 	 -1.70136483 
36.58000000 	 1.42928134 	 -1.71405928 
36.60000000 	 1.44425428 	 -1.72740472 
36.62000000 	 1.46020371 	 -1.73912267 
36.64000000 	 1.47517665 	 -1.75246812 
36.66000000 	 1.48949859 	 -1.76418607 
36.68000000 	 1.50447153 	 -1.77525303 
36.70000000 	 1.51944447 	 -1.78697098 
36.72000000 	 1.53409191 	 -1.79771243 
36.74000000 	 1.54776285 	 -1.80910489 
36.76000000 	 1.56175930 	 -1.81952084 
36.78000000 	 1.57477924 	 -1.82993680 
36.80000000 	 1.58812469 	 -1.83905076 
36.82000000 	 1.60114464 	 -1.84946672 
36.84000000 	 1.61449008 	 -1.85890618 
36.86000000 	 1.62588253 	 -1.86736915 
36.88000000 	 1.63760049 	 -1.87713411 
36.90000000 	 1.64931844 	 -1.88592257 
36.92000000 	 1.66233838 	 -1.89308354 
36.94000000 	 1.67242884 	 -1.90089551 
36.96000000 	 1.68479779 	 -1.90935848 
36.98000000 	 1.69521375 	 -1.91619395 
37.00000000 	 1.70530421 	 -1.92368042 
37.02000000 	 1.71572017 	 -1.93019039 
37.04000000 	 1.72548513 	 -1.93572387 
37.06000000 	 1.73492459 	 -1.94255934 
37.08000000 	 1.74468955 	 -1.94744182 
37.10000000 	 1.75445451 	 -1.95330080 
37.12000000 	 1.76291747 	 -1.95883427 
37.14000000 	 1.77072944 	 -1.96436775 
37.16000000 	 1.77951790 	 -1.96827374 
37.18000000 	 1.78700437 	 -1.97250522 
37.20000000 	 1.79546734 	 -1.97738770 
37.22000000 	 1.80295381 	 -1.98031719 
37.24000000 	 1.80946378 	 -1.98292118 
37.26000000 	 1.81695025 	 -1.98715266 
37.28000000 	 1.82280923 	 -1.98943115 
37.30000000 	 1.82899370 	 -1.99138414 
37.32000000 	 1.83485268 	 -1.99398813 
37.34000000 	 1.84006066 	 -1.99594112 
37.36000000 	 1.84559413 	 -1.99724312 
37.38000000 	 1.85047661 	 -1.99756862 
37.40000000 	 1.85503359 	 -1.99887061 
37.42000000 	 1.85991607 	 -1.99952161 
37.44000000 	 1.86317106 	 -1.99919611 
37.46000000 	 1.86707705 	 -1.99984711 
37.48000000 	 1.87098303 	 -1.99854511 
37.50000000 	 1.87358702 	 -1.99756862 
37.52000000 	 1.87651651 	 -1.99659212 
37.54000000 	 1.87879500 	 -1.99529012 
37.56000000 	 1.88042249 	 -1.99333713 
37.58000000 	 1.88335198 	 -1.99236064 
37.60000000 	 1.88465397 	 -1.98943115 
37.62000000 	 1.88530497 	 -1.98650166 
37.64000000 	 1.88693246 	 -1.98324667 
37.66000000 	 1.88725796 	 -1.98031719 
37.68000000 	 1.88790896 	 -1.97706220 
37.70000000 	 1.88758346 	 -1.97217972 
37.72000000 	 1.88758346 	 -1.96859923 
37.74000000 	 1.88660697 	 -1.96404225 
37.76000000 	 1.88530497 	 -1.95915977 
37.78000000 	 1.88465397 	 -1.95330080 
37.80000000 	 1.88302648 	 -1.94841832 
37.82000000 	 1.88139899 	 -1.94255934 
37.84000000 	 1.87814400 	 -1.93572387 
37.86000000 	 1.87684201 	 -1.93019039 
37.88000000 	 1.87391252 	 -1.92335492 
37.90000000 	 1.86968103 	 -1.91651945 
37.92000000 	 1.86707705 	 -1.90870748 
37.94000000 	 1.86317106 	 -1.90154651 
37.96000000 	 1.85893958 	 -1.89308354 
37.98000000 	 1.85503359 	 -1.88559707 
38.00000000 	 1.85015111 	 -1.87583211 
38.02000000 	 1.84494314 	 -1.86769465 
38.04000000 	 1.84006066 	 -1.85825519 
38.06000000 	 1.83387618 	 -1.84946672 
38.08000000 	 1.82769171 	 -1.83970176 
38.10000000 	 1.82150723 	 -1.83026230 
38.12000000 	 1.81564826 	 -1.81952084 
38.14000000 	 1.80816179 	 -1.80845389 
38.16000000 	 1.80100082 	 -1.79836343 
38.18000000 	 1.79449084 	 -1.78664548 
38.20000000 	 1.78635338 	 -1.77590402 
38.22000000 	 1.77886691 	 -1.76451157 
38.24000000 	 1.77040394 	 -1.75279362 
38.26000000 	 1.76194098 	 -1.73977367 
38.28000000 	 1.75315251 	 -1.72773022 
38.30000000 	 1.74371305 	 -1.71405928 
38.32000000 	 1.73394809 	 -1.70006283 
38.34000000 	 1.72515963 	 -1.68801938 
38.36000000 	 1.71441817 	 -1.67467394 
38.38000000 	 1.70400221 	 -1.66067750 
38.40000000 	 1.69293526 	 -1.64570456 
38.42000000 	 1.68154281 	 -1.63203361 
38.44000000 	 1.67177785 	 -1.61673518 
38.46000000 	 1.65908340 	 -1.60273873 
38.48000000 	 1.64769094 	 -1.58711480 
38.50000000 	 1.63662399 	 -1.57181636 
38.52000000 	 1.62392954 	 -1.55684342 
38.54000000 	 1.61123509 	 -1.54024299 
38.56000000 	 1.59821515 	 -1.52429355 
38.58000000 	 1.58584620 	 -1.50866962 
38.60000000 	 1.57250075 	 -1.49076719 
38.62000000 	 1.55785331 	 -1.47481776 
38.64000000 	 1.54515886 	 -1.45724083 
38.66000000 	 1.53083692 	 -1.44031490 
38.68000000 	 1.51651498 	 -1.42306347 
38.70000000 	 1.50186754 	 -1.40548654 
38.72000000 	 1.48689460 	 -1.38660762 
38.74000000 	 1.47127067 	 -1.36805420 
38.76000000 	 1.45694873 	 -1.34950077 
38.78000000 	 1.44067379 	 -1.33192384 
38.80000000 	 1.42472436 	 -1.31271942 
38.82000000 	 1.40942592 	 -1.29318950 
38.84000000 	 1.39249999 	 -1.27463608 
38.86000000 	 1.37622506 	 -1.25478066 
38.88000000 	 1.35962463 	 -1.23459974 
38.90000000 	 1.34237320 	 -1.21539532 
38.92000000 	 1.32544727 	 -1.19488891 
38.94000000 	 1.30852133 	 -1.17438249 
38.96000000 	 1.28931691 	 -1.15485257 
38.98000000 	 1.27239098 	 -1.13304416 
39.00000000 	 1.25383756 	 -1.11383974 
39.02000000 	 1.23626063 	 -1.09105483 
39.04000000 	 1.21738171 	 -1.07054841 
39.06000000 	 1.19882828 	 -1.05004200 
39.08000000 	 1.17994936 	 -1.02790809 
39.10000000 	 1.16107044 	 -1.00642518 
39.12000000 	 1.14121502 	 -0.98461677 
39.14000000 	 1.12233610 	 -0.96248286 
39.16000000 	 1.10248068 	 -0.94099995 
39.18000000 	 1.08262526 	 -0.91788954 
39.20000000 	 1.06244434 	 -0.89575563 
39.22000000 	 1.04193793 	 -0.87231973 
39.24000000 	 1.02208251 	 -0.85018582 
39.26000000 	 1.00157609 	 -0.82674991 
39.28000000 	 0.98041868 	 -0.80559250 
39.30000000 	 0.95926127 	 -0.78248210 
39.32000000 	 0.93908035 	 -0.75904619 
39.34000000 	 0.91759744 	 -0.73561029 
39.36000000 	 0.89546353 	 -0.71152339 
39.38000000 	 0.87463161 	 -0.68841298 
39.40000000 	 0.85314870 	 -0.66562807 
39.42000000 	 0.83134029 	 -0.64089018 
39.44000000 	 0.80888088 	 -0.61680327 
39.46000000 	 0.78707247 	 -0.59304187 
39.48000000 	 0.76428757 	 -0.56895497 
39.50000000 	 0.74215366 	 -0.54551907 
39.52000000 	 0.72034525 	 -0.52110667 
39.54000000 	 0.69658384 	 -0.49669427 
39.56000000 	 0.67412443 	 -0.47195637 
39.58000000 	 0.65036303 	 -0.44721847 
39.60000000 	 0.62725263 	 -0.42345707 
39.62000000 	 0.60479322 	 -0.39806817 
39.64000000 	 0.58135731 	 -0.37365577 
39.66000000 	 0.55792141 	 -0.34891787 
39.68000000 	 0.53416001 	 -0.32417997 
39.70000000 	 0.51137510 	 -0.29911658 
39.72000000 	 0.48728820 	 -0.27502968 
39.74000000 	 0.46320130 	 -0.24964078 
39.76000000 	 0.44041639 	 -0.22522838 
39.78000000 	 0.41535300 	 -0.19951398 
39.80000000 	 0.39126609 	 -0.17412509 
39.82000000 	 0.36750469 	 -0.15101468 
39.84000000 	 0.34439429 	 -0.12497479 
39.86000000 	 0.31900539 	 -0.10023689 
39.88000000 	 0.29459299 	 -0.07517349 
39.90000000 	 0.27083159 	 -0.05011010 
39.92000000 	 0.24544269 	 -0.02472120 
39.94000000 	 0.22103029 	 0.00066769 
39.96000000 	 0.19694339 	 0.02605659 
39.98000000 	 0.17220549 	 0.05046899 
40.00000000 	 0.14779309 	 0.07683438 
40.02000000 	 0.12207870 	 0.09961929 
40.04000000 	 0.09831729 	 0.12598468 
40.06000000 	 0.07325390 	 0.15007158 
40.08000000 	 0.04851600 	 0.17546048 
40.10000000 	 0.02312710 	 0.20150037 
40.12000000 	 -0.00193629 	 0.22591277 
40.14000000 	 -0.02667419 	 0.25065067 
40.16000000 	 -0.05173759 	 0.27506307 
40.18000000 	 -0.07647549 	 0.30077746 
40.20000000 	 -0.10153889 	 0.32518986 
40.22000000 	 -0.12692778 	 0.34992776 
40.24000000 	 -0.15134018 	 0.37499116 
40.26000000 	 -0.17672908 	 0.39810157 
40.28000000 	 -0.20211797 	 0.42316496 
40.30000000 	 -0.22750687 	 0.44790286 
40.32000000 	 -0.25126827 	 0.47264076 
40.34000000 	 -0.27633167 	 0.49607666 
40.36000000 	 -0.30139507 	 0.52211656 
40.38000000 	 -0.32580747 	 0.54555246 
40.40000000 	 -0.34989437 	 0.56996486 
40.42000000 	 -0.37463227 	 0.59307527 
40.44000000 	 -0.39937017 	 0.61683667 
40.46000000 	 -0.42345707 	 0.64059807 
40.48000000 	 -0.44786947 	 0.66435947 
40.50000000 	 -0.47130537 	 0.68812088 
40.52000000 	 -0.49539227 	 0.71253328 
40.54000000 	 -0.51915367 	 0.73564368 
40.56000000 	 -0.54389157 	 0.75973058 
40.58000000 	 -0.56830397 	 0.78186449 
40.60000000 	 -0.59173988 	 0.80595139 
40.62000000 	 -0.61550128 	 0.82841080 
40.64000000 	 -0.63893718 	 0.85119571 
40.66000000 	 -0.66237309 	 0.87365512 
40.68000000 	 -0.68483250 	 0.89676552 
40.70000000 	 -0.70891940 	 0.91857393 
40.72000000 	 -0.73202980 	 0.94103334 
40.74000000 	 -0.75579120 	 0.96251625 
40.76000000 	 -0.77759962 	 0.98497566 
40.78000000 	 -0.80071002 	 1.00645857 
40.80000000 	 -0.82382043 	 1.02794148 
40.82000000 	 -0.84660533 	 1.04909890 
40.84000000 	 -0.86939024 	 1.07155831 
40.86000000 	 -0.89119865 	 1.09108823 
40.88000000 	 -0.91398356 	 1.11224564 
40.90000000 	 -0.93644296 	 1.13372855 
40.92000000 	 -0.95857687 	 1.15488596 
40.94000000 	 -0.97973429 	 1.17604338 
40.96000000 	 -1.00219369 	 1.19459680 
40.98000000 	 -1.02335111 	 1.21510322 
41.00000000 	 -1.04483402 	 1.23463314 
41.02000000 	 -1.06599143 	 1.25448856 
41.04000000 	 -1.08747435 	 1.27369298 
41.06000000 	 -1.10863176 	 1.29322290 
41.08000000 	 -1.12913817 	 1.31112532 
41.10000000 	 -1.14964459 	 1.33195724 
41.12000000 	 -1.17047651 	 1.35018516 
41.14000000 	 -1.19130842 	 1.36873859 
41.16000000 	 -1.21116384 	 1.38566452 
41.18000000 	 -1.23101926 	 1.40454344 
41.20000000 	 -1.25087468 	 1.42277137 
41.22000000 	 -1.27040460 	 1.43937180 
41.24000000 	 -1.29058551 	 1.45694873 
41.26000000 	 -1.30913894 	 1.47354916 
41.28000000 	 -1.32834336 	 1.48982409 
41.30000000 	 -1.34852428 	 1.50740102 
41.32000000 	 -1.36610120 	 1.52465245 
41.34000000 	 -1.38432913 	 1.54027638 
41.36000000 	 -1.40288255 	 1.55590032 
41.38000000 	 -1.42078498 	 1.57184976 
41.40000000 	 -1.43933840 	 1.58714819 
41.42000000 	 -1.45691533 	 1.60277213 
41.44000000 	 -1.47416676 	 1.61676857 
41.46000000 	 -1.49141819 	 1.63206701 
41.48000000 	 -1.50834412 	 1.64606345 
41.50000000 	 -1.52559555 	 1.66038539 
41.52000000 	 -1.54219598 	 1.67470733 
41.54000000 	 -1.55814542 	 1.68772728 
41.56000000 	 -1.57442035 	 1.70042173 
41.58000000 	 -1.59102078 	 1.71474367 
41.60000000 	 -1.60599372 	 1.72646162 
41.62000000 	 -1.62226865 	 1.73980707 
41.64000000 	 -1.63593960 	 1.75152502 
41.66000000 	 -1.65123803 	 1.76356847 
41.68000000 	 -1.66621097 	 1.77528642 
41.70000000 	 -1.68085841 	 1.78602788 
41.72000000 	 -1.69518035 	 1.79839683 
41.74000000 	 -1.70950230 	 1.80946378 
41.76000000 	 -1.72284774 	 1.81955424 
41.78000000 	 -1.73684418 	 1.82997020 
41.80000000 	 -1.75051513 	 1.83908416 
41.82000000 	 -1.76288408 	 1.84852362 
41.84000000 	 -1.77557853 	 1.85828858 
41.86000000 	 -1.78794747 	 1.86837904 
41.88000000 	 -1.79999092 	 1.87619101 
41.90000000 	 -1.81235987 	 1.88530497 
41.92000000 	 -1.82440332 	 1.89246594 
41.94000000 	 -1.83449378 	 1.90027791 
41.96000000 	 -1.84653723 	 1.90906637 
41.98000000 	 -1.85695319 	 1.91525085 
42.00000000 	 -1.86736915 	 1.92338831 
42.02000000 	 -1.87745961 	 1.93022379 
42.04000000 	 -1.88755007 	 1.93673376 
42.06000000 	 -1.89764052 	 1.94194174 
42.08000000 	 -1.90740548 	 1.94780071 
42.10000000 	 -1.91521745 	 1.95365969 
42.12000000 	 -1.92433142 	 1.95821667 
42.14000000 	 -1.93409638 	 1.96375015 
42.16000000 	 -1.94093185 	 1.96798163 
42.18000000 	 -1.94972031 	 1.97188762 
42.20000000 	 -1.95688128 	 1.97644460 
42.22000000 	 -1.96436775 	 1.98067608 
42.24000000 	 -1.97055223 	 1.98328007 
42.26000000 	 -1.97771320 	 1.98653506 
42.28000000 	 -1.98454867 	 1.98848805 
42.30000000 	 -1.99105864 	 1.99174303 
42.32000000 	 -1.99626662 	 1.99271953 
42.34000000 	 -2.00147460 	 1.99499802 
42.36000000 	 -2.00700808 	 1.99597452 
42.38000000 	 -2.01286705 	 1.99727651 
42.40000000 	 -2.01677304 	 1.99857851 
42.42000000 	 -2.02133002 	 1.99792751 
42.44000000 	 -2.02523600 	 1.99890400 
42.46000000 	 -2.02914199 	 1.99792751 
42.48000000 	 -2.03272247 	 1.99857851 
42.50000000 	 -2.03532646 	 1.99760201 
42.52000000 	 -2.03858145 	 1.99630002 
42.54000000 	 -2.04183643 	 1.99499802 
42.56000000 	 -2.04281293 	 1.99369603 
42.58000000 	 -2.04476592 	 1.99174303 
42.60000000 	 -2.04671891 	 1.98913904 
42.62000000 	 -2.04736991 	 1.98653506 
42.64000000 	 -2.04899740 	 1.98295457 
42.66000000 	 -2.04997390 	 1.98002508 
42.68000000 	 -2.04932290 	 1.97677010 
42.70000000 	 -2.04964840 	 1.97188762 
42.72000000 	 -2.04932290 	 1.96895813 
42.74000000 	 -2.04932290 	 1.96342465 
42.76000000 	 -2.04769541 	 1.95919317 
42.78000000 	 -2.04639342 	 1.95300869 
42.80000000 	 -2.04541692 	 1.94747522 
42.82000000 	 -2.04313843 	 1.94259274 
42.84000000 	 -2.04085994 	 1.93608276 
42.86000000 	 -2.03825595 	 1.92892179 
42.88000000 	 -2.03565196 	 1.92241182 
42.90000000 	 -2.03239697 	 1.91590185 
42.92000000 	 -2.02849099 	 1.90874087 
42.94000000 	 -2.02523600 	 1.90092891 
42.96000000 	 -2.02067902 	 1.89344244 
42.98000000 	 -2.01677304 	 1.88432847 
43.00000000 	 -2.01254155 	 1.87684201 
43.02000000 	 -2.00700808 	 1.86707705 
43.04000000 	 -2.00277659 	 1.85893958 
43.06000000 	 -1.99594112 	 1.84950012 
43.08000000 	 -1.99073314 	 1.83875866 
43.10000000 	 -1.98454867 	 1.82964470 
43.12000000 	 -1.97836419 	 1.82020524 
43.14000000 	 -1.97120322 	 1.80946378 
43.16000000 	 -1.96404225 	 1.79807133 
43.18000000 	 -1.95623028 	 1.78570238 
43.20000000 	 -1.94906931 	 1.77496092 
43.22000000 	 -1.94028085 	 1.76324297 
43.24000000 	 -1.93149239 	 1.75217602 
43.26000000 	 -1.92368042 	 1.73915607 
43.28000000 	 -1.91424096 	 1.72646162 
43.30000000 	 -1.90480150 	 1.71506917 
43.32000000 	 -1.89503654 	 1.70009623 
43.34000000 	 -1.88624807 	 1.68740178 
43.36000000 	 -1.87550662 	 1.67405634 
43.38000000 	 -1.86574166 	 1.66038539 
43.40000000 	 -1.85500020 	 1.64573795 
43.42000000 	 -1.84490974 	 1.63206701 
43.44000000 	 -1.83319179 	 1.61709407 
43.46000000 	 -1.82179934 	 1.60342313 
43.48000000 	 -1.81073238 	 1.58714819 
43.50000000 	 -1.79803793 	 1.57152426 
43.52000000 	 -1.78534348 	 1.55655132 
43.54000000 	 -1.77264904 	 1.54092738 
43.56000000 	 -1.76060559 	 1.52432695 
43.58000000 	 -1.74758564 	 1.50805202 
43.60000000 	 -1.73424019 	 1.49080059 
43.62000000 	 -1.72089475 	 1.47452565 
43.64000000 	 -1.70754930 	 1.45694873 
43.66000000 	 -1.69290186 	 1.43904630 
43.68000000 	 -1.67857992 	 1.42309686 
43.70000000 	 -1.66393248 	 1.40486894 
43.72000000 	 -1.64863405 	 1.38533902 
43.74000000 	 -1.63366111 	 1.36808759 
43.76000000 	 -1.61901367 	 1.34953417 
43.78000000 	 -1.60273873 	 1.33130624 
43.80000000 	 -1.58678930 	 1.31112532 
43.82000000 	 -1.57116536 	 1.29257190 
43.84000000 	 -1.55489043 	 1.27401848 
43.86000000 	 -1.53861550 	 1.25448856 
43.88000000 	 -1.52168957 	 1.23495864 
43.90000000 	 -1.50476363 	 1.21445222 
43.92000000 	 -1.48751221 	 1.19492230 
43.94000000 	 -1.46993528 	 1.17474138 
43.96000000 	 -1.45268385 	 1.15358397 
43.98000000 	 -1.43445592 	 1.13405405 
44.00000000 	 -1.41622800 	 1.11289664 
44.02000000 	 -1.39897657 	 1.09239022 
44.04000000 	 -1.37977215 	 1.07025631 
44.06000000 	 -1.36056773 	 1.04974990 
44.08000000 	 -1.34168880 	 1.02761599 
44.10000000 	 -1.32313538 	 1.00645857 
44.12000000 	 -1.30360546 	 0.98432466 
44.14000000 	 -1.28440104 	 0.96251625 
44.16000000 	 -1.26487112 	 0.94135884 
44.18000000 	 -1.24469020 	 0.91889943 
44.20000000 	 -1.22418378 	 0.89578903 
44.22000000 	 -1.20432837 	 0.87398062 
44.24000000 	 -1.18349645 	 0.85087021 
44.26000000 	 -1.16364103 	 0.82808530 
44.28000000 	 -1.14313462 	 0.80464940 
44.30000000 	 -1.12230270 	 0.78251549 
44.32000000 	 -1.10049429 	 0.75940509 
44.34000000 	 -1.07868588 	 0.73564368 
44.36000000 	 -1.05817947 	 0.71253328 
44.38000000 	 -1.03702205 	 0.68812088 
44.40000000 	 -1.01521364 	 0.66533597 
44.42000000 	 -0.99275423 	 0.64124907 
44.44000000 	 -0.97127132 	 0.61683667 
44.46000000 	 -0.94881191 	 0.59372626 
44.48000000 	 -0.92602701 	 0.56996486 
44.50000000 	 -0.90421860 	 0.54555246 
44.52000000 	 -0.88143369 	 0.52081456 
44.54000000 	 -0.85995078 	 0.49640216 
44.56000000 	 -0.83553838 	 0.47296626 
44.58000000 	 -0.81340447 	 0.44692637 
44.60000000 	 -0.79061956 	 0.42381596 
44.62000000 	 -0.76718366 	 0.39940356 
44.64000000 	 -0.74439875 	 0.37401466 
44.66000000 	 -0.71998635 	 0.35025326 
44.68000000 	 -0.69655045 	 0.32518986 
44.70000000 	 -0.67311454 	 0.30045197 
44.72000000 	 -0.65000414 	 0.27441207 
44.74000000 	 -0.62591724 	 0.24934868 
44.76000000 	 -0.60117934 	 0.22526177 
44.78000000 	 -0.57774343 	 0.19987288 
44.80000000 	 -0.55333103 	 0.17513498 
44.82000000 	 -0.52956963 	 0.15104808 
44.84000000 	 -0.50580823 	 0.12565918 
44.86000000 	 -0.48172133 	 0.10124678 
44.88000000 	 -0.45698343 	 0.07618339 
44.90000000 	 -0.43289653 	 0.05014349 
44.92000000 	 -0.40815863 	 0.02605659 
44.94000000 	 -0.38342073 	 0.00034220 
44.96000000 	 -0.35900833 	 -0.02407020 
44.98000000 	 -0.33361943 	 -0.05011010 
45.00000000 	 -0.31018353 	 -0.07549899 
45.02000000 	 -0.28479464 	 -0.09991139 
45.04000000 	 -0.25940574 	 -0.12627678 
45.06000000 	 -0.23531884 	 -0.14971269 
45.08000000 	 -0.20960444 	 -0.17445059 
45.10000000 	 -0.18519204 	 -0.19918849 
45.12000000 	 -0.16012865 	 -0.22555388 
45.14000000 	 -0.13604174 	 -0.25126827 
45.16000000 	 -0.11065285 	 -0.27535517 
45.18000000 	 -0.08558945 	 -0.30009307 
45.20000000 	 -0.06020056 	 -0.32548197 
45.22000000 	 -0.03611365 	 -0.34924337 
45.24000000 	 -0.01039926 	 -0.37430677 
45.26000000 	 0.01466414 	 -0.39806817 
45.28000000 	 0.03972753 	 -0.42345707 
45.30000000 	 0.06381444 	 -0.44852046 
45.32000000 	 0.08887783 	 -0.47228187 
45.34000000 	 0.11329023 	 -0.49636877 
45.36000000 	 0.13802813 	 -0.52143217 
45.38000000 	 0.16276603 	 -0.54584457 
45.40000000 	 0.18717843 	 -0.56928047 
45.42000000 	 0.21159083 	 -0.59434387 
45.44000000 	 0.23600323 	 -0.61680327 
45.46000000 	 0.25976463 	 -0.64121567 
45.48000000 	 0.28450253 	 -0.66497708 
45.50000000 	 0.30858943 	 -0.68873848 
45.52000000 	 0.33235084 	 -0.71184888 
45.54000000 	 0.35643774 	 -0.73561029 
45.56000000 	 0.38019914 	 -0.75872069 
45.58000000 	 0.40526254 	 -0.78215660 
45.60000000 	 0.42804744 	 -0.80559250 
45.62000000 	 0.45213434 	 -0.82740091 
45.64000000 	 0.47589575 	 -0.85148781 
45.66000000 	 0.49900615 	 -0.87394722 
45.68000000 	 0.52179106 	 -0.89640663 
45.70000000 	 0.54620346 	 -0.91821504 
45.72000000 	 0.56898837 	 -0.94099995 
45.74000000 	 0.59242427 	 -0.96313385 
45.76000000 	 0.61586017 	 -0.98396577 
45.78000000 	 0.63766858 	 -1.00707617 
45.80000000 	 0.66077899 	 -1.02790809 
45.82000000 	 0.68388939 	 -1.04971650 
45.84000000 	 0.70667430 	 -1.07054841 
45.86000000 	 0.72815721 	 -1.09203133 
45.88000000 	 0.75061662 	 -1.11416524 
45.90000000 	 0.77307603 	 -1.13271866 
45.92000000 	 0.79586094 	 -1.15550357 
45.94000000 	 0.81766935 	 -1.17405699 
45.96000000 	 0.83915226 	 -1.19553990 
45.98000000 	 0.85998417 	 -1.21474432 
46.00000000 	 0.88211808 	 -1.23459974 
46.02000000 	 0.90327550 	 -1.25478066 
46.04000000 	 0.92475841 	 -1.27333408 
46.06000000 	 0.94624132 	 -1.29318950 
46.08000000 	 0.96707323 	 -1.31239392 
46.10000000 	 0.98757965 	 -1.33159834 
46.12000000 	 1.00776057 	 -1.35145376 
46.14000000 	 1.02859248 	 -1.36870519 
46.16000000 	 1.04812240 	 -1.38660762 
46.18000000 	 1.06830332 	 -1.40451005 
46.20000000 	 1.08815874 	 -1.42241247 
46.22000000 	 1.10768866 	 -1.44031490 
46.24000000 	 1.12754408 	 -1.45724083 
46.26000000 	 1.14674850 	 -1.47416676 
46.28000000 	 1.16595292 	 -1.49206919 
46.30000000 	 1.18548284 	 -1.50769312 
46.32000000 	 1.20338527 	 -1.52429355 
46.34000000 	 1.22258969 	 -1.54056849 
46.36000000 	 1.24049211 	 -1.55619242 
46.38000000 	 1.25937104 	 -1.57279286 
46.40000000 	 1.27629697 	 -1.58744030 
46.42000000 	 1.29485039 	 -1.60208774 
46.44000000 	 1.31275282 	 -1.61803717 
46.46000000 	 1.32902775 	 -1.63170811 
46.48000000 	 1.34595368 	 -1.64635555 
46.50000000 	 1.36287961 	 -1.65970100 
46.52000000 	 1.37948004 	 -1.67467394 
46.54000000 	 1.39673147 	 -1.68769389 
46.56000000 	 1.41235541 	 -1.70169033 
46.58000000 	 1.42765385 	 -1.71471027 
46.60000000 	 1.44457978 	 -1.72707922 
46.62000000 	 1.46052921 	 -1.73977367 
46.64000000 	 1.47550215 	 -1.75279362 
46.66000000 	 1.49014959 	 -1.76288408 
46.68000000 	 1.50479703 	 -1.77622952 
46.70000000 	 1.52009547 	 -1.78697098 
46.72000000 	 1.53311541 	 -1.79901443 
46.74000000 	 1.54776285 	 -1.80975588 
46.76000000 	 1.56208480 	 -1.81952084 
46.78000000 	 1.57477924 	 -1.82928580 
46.80000000 	 1.58779919 	 -1.83872527 
46.82000000 	 1.60114464 	 -1.84946672 
46.84000000 	 1.61351358 	 -1.85890618 
46.86000000 	 1.62588253 	 -1.86769465 
46.88000000 	 1.63857698 	 -1.87713411 
46.90000000 	 1.65029493 	 -1.88527158 
46.92000000 	 1.66233838 	 -1.89340904 
46.94000000 	 1.67307984 	 -1.90154651 
46.96000000 	 1.68414680 	 -1.90968398 
46.98000000 	 1.69521375 	 -1.91717044 
47.00000000 	 1.70562971 	 -1.92433142 
47.02000000 	 1.71572017 	 -1.93051589 
47.04000000 	 1.72548513 	 -1.93637487 
47.06000000 	 1.73590108 	 -1.94190834 
47.08000000 	 1.74468955 	 -1.94776732 
47.10000000 	 1.75412901 	 -1.95427729 
47.12000000 	 1.76356847 	 -1.95915977 
47.14000000 	 1.77138044 	 -1.96436775 
47.16000000 	 1.78016890 	 -1.96859923 
47.18000000 	 1.78700437 	 -1.97315622 
47.20000000 	 1.79449084 	 -1.97706220 
47.22000000 	 1.80197731 	 -1.98031719 
47.24000000 	 1.80978928 	 -1.98389767 
47.26000000 	 1.81629925 	 -1.98715266 
47.28000000 	 1.82280923 	 -1.98975665 
47.30000000 	 1.82899370 	 -1.99170964 
47.32000000 	 1.83420168 	 -1.99366263 
47.34000000 	 1.84006066 	 -1.99561562 
