time (s) 	 Output Voltage(v) 	 Input Voltage(v)
0.00000000 	 -0.07875398 	 0.05046899 
0.01666666 	 -0.08233446 	 0.06283794 
0.03333332 	 -0.08689145 	 0.07488139 
0.04999998 	 -0.09242492 	 0.08822684 
0.06666664 	 -0.09795840 	 0.09994479 
0.08333330 	 -0.10446837 	 0.11231374 
0.09999996 	 -0.11065285 	 0.12533368 
0.11666662 	 -0.11748832 	 0.13770263 
0.13333328 	 -0.12464929 	 0.15104808 
0.14999994 	 -0.13181026 	 0.16309153 
0.16666660 	 -0.14027323 	 0.17676247 
0.18333326 	 -0.14906169 	 0.18848043 
0.19999992 	 -0.15719916 	 0.20084937 
0.21666658 	 -0.16598762 	 0.21321832 
0.23333324 	 -0.17542708 	 0.22558727 
0.24999990 	 -0.18454105 	 0.23697973 
0.26666656 	 -0.19332951 	 0.25065067 
0.28333322 	 -0.20309447 	 0.26301962 
0.29999988 	 -0.21351043 	 0.27506307 
0.31666654 	 -0.22262439 	 0.28743202 
0.33333320 	 -0.23271485 	 0.29980097 
0.34999986 	 -0.24410730 	 0.31216992 
0.36666652 	 -0.25419776 	 0.32518986 
0.38333318 	 -0.26526472 	 0.33658232 
0.39999984 	 -0.27437868 	 0.34927677 
0.41666650 	 -0.28512013 	 0.36197121 
0.43333316 	 -0.29716358 	 0.37368917 
0.44999982 	 -0.30725404 	 0.38638361 
0.46666648 	 -0.31864650 	 0.39972906 
0.48333314 	 -0.32938795 	 0.41112151 
0.49999980 	 -0.34078041 	 0.42349046 
0.51666646 	 -0.35217286 	 0.43585941 
0.53333312 	 -0.36258882 	 0.44790286 
0.54999978 	 -0.37398127 	 0.46027181 
0.56666644 	 -0.38569922 	 0.47198976 
0.58333310 	 -0.39676618 	 0.48598621 
0.59999976 	 -0.40815863 	 0.49705316 
0.61666642 	 -0.41987658 	 0.50909661 
0.63333308 	 -0.43126903 	 0.52081456 
0.64999974 	 -0.44266149 	 0.53318351 
0.66666640 	 -0.45437944 	 0.54555246 
0.68333306 	 -0.46642289 	 0.55727041 
0.69999972 	 -0.47781534 	 0.56963936 
0.71666638 	 -0.48953330 	 0.58135731 
0.73333304 	 -0.50125125 	 0.59274977 
0.74999970 	 -0.51199270 	 0.60511872 
0.76666636 	 -0.52403615 	 0.61781317 
0.78333302 	 -0.53575411 	 0.63018211 
0.79999968 	 -0.54714656 	 0.64190007 
0.81666634 	 -0.55919001 	 0.65361802 
0.83333300 	 -0.56993147 	 0.66435947 
0.84999966 	 -0.58230042 	 0.67640293 
0.86666632 	 -0.59369287 	 0.68877187 
0.88333298 	 -0.60573632 	 0.70146632 
0.89999964 	 -0.61680327 	 0.71188228 
0.91666630 	 -0.62949772 	 0.72392573 
0.93333296 	 -0.64089018 	 0.73629468 
0.94999962 	 -0.65195713 	 0.74671064 
0.96666628 	 -0.66432608 	 0.75875409 
0.98333294 	 -0.67539303 	 0.77047204 
0.99999960 	 -0.68678549 	 0.78251549 
1.01666626 	 -0.69915444 	 0.79423344 
1.03333292 	 -0.70957039 	 0.80497490 
1.04999958 	 -0.72161384 	 0.81604185 
1.06666624 	 -0.73235530 	 0.82808530 
1.08333290 	 -0.74439875 	 0.83915226 
1.09999956 	 -0.75579120 	 0.85021921 
1.11666622 	 -0.76685816 	 0.86226266 
1.13333288 	 -0.77955261 	 0.87332962 
1.14999954 	 -0.79127056 	 0.88439657 
1.16666620 	 -0.80168652 	 0.89578903 
1.18333286 	 -0.81372997 	 0.90685598 
1.19999952 	 -0.82544792 	 0.91792294 
1.21666618 	 -0.83618938 	 0.92964089 
1.23333284 	 -0.84758183 	 0.94103334 
1.24999950 	 -0.85929978 	 0.95242579 
1.26666616 	 -0.86971574 	 0.96284175 
1.28333282 	 -0.88175919 	 0.97455970 
1.29999948 	 -0.89315164 	 0.98432466 
1.31666614 	 -0.90486959 	 0.99539162 
1.33333280 	 -0.91561105 	 1.00645857 
1.34999946 	 -0.92667800 	 1.01687453 
1.36666612 	 -0.93807046 	 1.02761599 
1.38333278 	 -0.94881191 	 1.03835744 
1.39999944 	 -0.95955337 	 1.04942440 
1.41666610 	 -0.97029483 	 1.06049135 
1.43333276 	 -0.98136178 	 1.07090731 
1.44999942 	 -0.99307973 	 1.08197426 
1.46666608 	 -1.00349569 	 1.09173922 
1.48333274 	 -1.01553914 	 1.10215518 
1.49999940 	 -1.02562960 	 1.11289664 
1.51666606 	 -1.03669655 	 1.12331259 
1.53333272 	 -1.04678701 	 1.13340305 
1.54999938 	 -1.05817947 	 1.14414451 
1.56666604 	 -1.06859542 	 1.15423497 
1.58333270 	 -1.07901138 	 1.16465092 
1.59999936 	 -1.08975284 	 1.17506688 
1.61666602 	 -1.10049429 	 1.18352985 
1.63333268 	 -1.11091025 	 1.19492230 
1.64999934 	 -1.12230270 	 1.20501276 
1.66666600 	 -1.13271866 	 1.21477772 
1.68333266 	 -1.14280912 	 1.22519368 
1.69999932 	 -1.15322508 	 1.23560963 
1.71666598 	 -1.16364103 	 1.24407260 
1.73333264 	 -1.17405699 	 1.25481405 
1.74999930 	 -1.18382195 	 1.26425352 
1.76666596 	 -1.19488891 	 1.27499497 
1.78333262 	 -1.20497936 	 1.28378344 
1.79999928 	 -1.21539532 	 1.29322290 
1.81666594 	 -1.22613678 	 1.30201136 
1.83333260 	 -1.23492524 	 1.31275282 
1.84999926 	 -1.24599220 	 1.32219228 
1.86666592 	 -1.25543166 	 1.33130624 
1.88333258 	 -1.26519662 	 1.34042020 
1.89999924 	 -1.27561257 	 1.34920867 
1.91666590 	 -1.28570303 	 1.35929913 
1.93333256 	 -1.29579349 	 1.36873859 
1.94999922 	 -1.30490745 	 1.37720155 
1.96666588 	 -1.31434692 	 1.38696651 
1.98333254 	 -1.32443737 	 1.39542948 
1.99999920 	 -1.33452783 	 1.40486894 
2.01666586 	 -1.34364180 	 1.41268091 
2.03333252 	 -1.35340676 	 1.42244587 
2.04999918 	 -1.36284622 	 1.43090883 
2.06666584 	 -1.37261118 	 1.43937180 
2.08333250 	 -1.38237614 	 1.44848576 
2.09999916 	 -1.39181560 	 1.45662323 
2.11666582 	 -1.40092956 	 1.46606269 
2.13333248 	 -1.41036902 	 1.47387466 
2.14999914 	 -1.41915749 	 1.48233762 
2.16666580 	 -1.42729495 	 1.49145158 
2.18333246 	 -1.43738541 	 1.49926355 
2.19999912 	 -1.44584838 	 1.50740102 
2.21666578 	 -1.45593884 	 1.51553849 
2.23333244 	 -1.46407630 	 1.52400145 
2.24999910 	 -1.47253927 	 1.53246442 
2.26666576 	 -1.48197873 	 1.53929989 
2.28333242 	 -1.49044169 	 1.54808835 
2.29999908 	 -1.49988115 	 1.55557482 
2.31666574 	 -1.50866962 	 1.56306129 
2.33333240 	 -1.51680709 	 1.57152426 
2.34999906 	 -1.52657205 	 1.57933622 
2.36666572 	 -1.53438401 	 1.58617170 
2.38333238 	 -1.54154498 	 1.59528566 
2.39999904 	 -1.55098445 	 1.60244663 
2.41666570 	 -1.55912191 	 1.61025860 
2.43333236 	 -1.56758488 	 1.61676857 
2.44999902 	 -1.57604784 	 1.62360404 
2.46666568 	 -1.58483631 	 1.63239251 
2.48333234 	 -1.59232278 	 1.63922798 
2.49999900 	 -1.59980925 	 1.64573795 
2.51666566 	 -1.60762121 	 1.65289892 
2.53333232 	 -1.61575868 	 1.66038539 
2.54999898 	 -1.62422165 	 1.66722086 
2.56666564 	 -1.63105712 	 1.67503283 
2.58333230 	 -1.63952008 	 1.67991531 
2.59999896 	 -1.64668105 	 1.68772728 
2.61666562 	 -1.65449302 	 1.69423725 
2.63333228 	 -1.66230499 	 1.70139822 
2.64999894 	 -1.67011696 	 1.70725720 
2.66666560 	 -1.67695243 	 1.71279068 
2.68333226 	 -1.68411340 	 1.72092814 
2.69999892 	 -1.69192537 	 1.72711262 
2.71666558 	 -1.69973734 	 1.73329709 
2.73333224 	 -1.70592181 	 1.73850507 
2.74999890 	 -1.71340828 	 1.74534054 
2.76666556 	 -1.72024375 	 1.75152502 
2.78333222 	 -1.72740472 	 1.75705850 
2.79999888 	 -1.73456569 	 1.76389397 
2.81666554 	 -1.74107567 	 1.76910195 
2.83333220 	 -1.74726014 	 1.77496092 
2.84999886 	 -1.75474661 	 1.78016890 
2.86666552 	 -1.76223308 	 1.78700437 
2.88333218 	 -1.76841755 	 1.79188685 
2.89999884 	 -1.77427653 	 1.79774583 
2.91666550 	 -1.78111200 	 1.80360481 
2.93333216 	 -1.78729648 	 1.80848729 
2.94999882 	 -1.79413195 	 1.81434626 
2.96666548 	 -1.80031642 	 1.82053074 
2.98333214 	 -1.80584990 	 1.82476222 
2.99999880 	 -1.81235987 	 1.82964470 
3.01666546 	 -1.81789335 	 1.83420168 
3.03333212 	 -1.82505432 	 1.83875866 
3.04999878 	 -1.83026230 	 1.84494314 
3.06666544 	 -1.83612128 	 1.84884912 
3.08333210 	 -1.84230575 	 1.85405710 
3.09999876 	 -1.84783923 	 1.85828858 
3.11666542 	 -1.85337271 	 1.86349656 
3.13333208 	 -1.85890618 	 1.86837904 
3.14999874 	 -1.86443966 	 1.87195953 
3.16666540 	 -1.87062414 	 1.87684201 
3.18333206 	 -1.87583211 	 1.88074799 
3.19999872 	 -1.88104009 	 1.88530497 
3.21666538 	 -1.88592257 	 1.88921095 
3.23333204 	 -1.89113055 	 1.89474443 
3.24999870 	 -1.89698953 	 1.89669742 
3.26666536 	 -1.90187201 	 1.90125441 
3.28333202 	 -1.90675449 	 1.90450939 
3.29999868 	 -1.91131147 	 1.90906637 
3.31666534 	 -1.91651945 	 1.91232136 
3.33333200 	 -1.92107643 	 1.91655284 
3.34999866 	 -1.92530791 	 1.92045883 
3.36666532 	 -1.93051589 	 1.92306282 
3.38333198 	 -1.93474737 	 1.92664330 
3.39999864 	 -1.93865336 	 1.92957279 
3.41666530 	 -1.94386134 	 1.93282778 
3.43333196 	 -1.94776732 	 1.93510627 
3.44999862 	 -1.95199880 	 1.93868675 
3.46666528 	 -1.95557929 	 1.94259274 
3.48333194 	 -1.96013627 	 1.94454573 
3.49999860 	 -1.96371675 	 1.94812621 
3.51666526 	 -1.96827374 	 1.95170670 
3.53333192 	 -1.97152872 	 1.95333419 
3.54999858 	 -1.97608570 	 1.95626368 
3.56666524 	 -1.97934069 	 1.95789117 
3.58333190 	 -1.98292118 	 1.96082066 
3.59999856 	 -1.98650166 	 1.96342465 
3.61666522 	 -1.99040764 	 1.96602864 
3.63333188 	 -1.99301163 	 1.96765613 
3.64999854 	 -1.99659212 	 1.97058562 
3.66666520 	 -2.00017260 	 1.97221311 
3.68333186 	 -2.00310209 	 1.97416611 
3.69999852 	 -2.00505508 	 1.97644460 
3.71666518 	 -2.00928657 	 1.97872309 
3.73333184 	 -2.01221606 	 1.98035058 
3.74999850 	 -2.01482004 	 1.98165258 
3.76666516 	 -2.01807503 	 1.98328007 
3.78333182 	 -2.02100452 	 1.98490756 
3.79999848 	 -2.02393401 	 1.98588406 
3.81666514 	 -2.02621250 	 1.98783705 
3.83333180 	 -2.02783999 	 1.98848805 
3.84999846 	 -2.03109498 	 1.99076654 
3.86666512 	 -2.03337347 	 1.99109204 
3.88333178 	 -2.03565196 	 1.99174303 
3.89999844 	 -2.03760495 	 1.99304503 
3.91666510 	 -2.03988344 	 1.99499802 
3.93333176 	 -2.04118544 	 1.99499802 
3.94999842 	 -2.04313843 	 1.99597452 
3.96666508 	 -2.04574242 	 1.99695101 
3.98333174 	 -2.04736991 	 1.99727651 
3.99999840 	 -2.04997390 	 1.99727651 
4.01666506 	 -2.05127590 	 1.99792751 
4.03333172 	 -2.05225239 	 1.99857851 
4.04999838 	 -2.05420538 	 1.99857851 
4.06666504 	 -2.05453088 	 1.99857851 
4.08333170 	 -2.05648387 	 1.99857851 
4.09999836 	 -2.05746037 	 1.99857851 
4.11666502 	 -2.06006436 	 1.99922950 
4.13333168 	 -2.06006436 	 1.99857851 
4.14999834 	 -2.06104086 	 1.99825301 
4.16666500 	 -2.06136635 	 1.99825301 
4.18333166 	 -2.06331935 	 1.99662551 
4.19999832 	 -2.06364484 	 1.99727651 
4.21666498 	 -2.06429584 	 1.99662551 
4.23333164 	 -2.06494684 	 1.99630002 
4.24999830 	 -2.06624883 	 1.99499802 
4.26666496 	 -2.06592334 	 1.99467252 
4.28333162 	 -2.06624883 	 1.99369603 
4.29999828 	 -2.06689983 	 1.99337053 
4.31666494 	 -2.06722533 	 1.99304503 
4.33333160 	 -2.06722533 	 1.99141754 
4.34999826 	 -2.06689983 	 1.99011554 
4.36666492 	 -2.06722533 	 1.98881355 
4.38333158 	 -2.06689983 	 1.98718605 
4.39999824 	 -2.06689983 	 1.98686055 
4.41666490 	 -2.06592334 	 1.98425656 
4.43333156 	 -2.06689983 	 1.98295457 
4.44999822 	 -2.06559784 	 1.98165258 
4.46666488 	 -2.06527234 	 1.98035058 
4.48333154 	 -2.06527234 	 1.97742109 
4.49999820 	 -2.06462134 	 1.97611910 
4.51666486 	 -2.06364484 	 1.97416611 
4.53333152 	 -2.06266835 	 1.97221311 
4.54999818 	 -2.06201735 	 1.96928363 
4.56666484 	 -2.06104086 	 1.96830713 
4.58333150 	 -2.06006436 	 1.96537764 
4.59999816 	 -2.05876236 	 1.96342465 
4.61666482 	 -2.05778587 	 1.96082066 
4.63333148 	 -2.05680937 	 1.95789117 
4.64999814 	 -2.05485638 	 1.95593818 
4.66666480 	 -2.05355439 	 1.95300869 
4.68333146 	 -2.05192689 	 1.95138120 
4.69999812 	 -2.05095040 	 1.94845171 
4.71666478 	 -2.04834641 	 1.94584772 
4.73333144 	 -2.04704441 	 1.94161624 
4.74999810 	 -2.04574242 	 1.93966325 
4.76666476 	 -2.04378943 	 1.93575726 
4.78333142 	 -2.04118544 	 1.93282778 
4.79999808 	 -2.03988344 	 1.92924729 
4.81666474 	 -2.03695395 	 1.92566681 
4.83333140 	 -2.03532646 	 1.92306282 
4.84999806 	 -2.03337347 	 1.91948233 
4.86666472 	 -2.03011848 	 1.91492535 
4.88333138 	 -2.02783999 	 1.91232136 
4.89999804 	 -2.02491050 	 1.90874087 
4.91666470 	 -2.02263201 	 1.90516039 
4.93333136 	 -2.02002802 	 1.90060341 
4.94999802 	 -2.01774953 	 1.89702292 
4.96666468 	 -2.01449455 	 1.89344244 
4.98333134 	 -2.01221606 	 1.88921095 
4.99999800 	 -2.00896107 	 1.88530497 
5.01666466 	 -2.00603158 	 1.88074799 
5.03333132 	 -2.00342759 	 1.87651651 
5.04999798 	 -1.99984711 	 1.87163403 
5.06666464 	 -1.99529012 	 1.86707705 
5.08333130 	 -1.99268614 	 1.86349656 
5.09999796 	 -1.98878015 	 1.85861408 
5.11666462 	 -1.98617616 	 1.85405710 
5.13333128 	 -1.98227018 	 1.84917462 
5.14999794 	 -1.97868969 	 1.84429214 
5.16666460 	 -1.97413271 	 1.83875866 
5.18333126 	 -1.97087772 	 1.83517818 
5.19999792 	 -1.96729724 	 1.82931920 
5.21666458 	 -1.96339126 	 1.82443672 
5.23333124 	 -1.95948527 	 1.81890324 
5.24999790 	 -1.95525379 	 1.81369526 
5.26666456 	 -1.95102231 	 1.80913828 
5.28333122 	 -1.94646532 	 1.80425580 
5.29999788 	 -1.94158284 	 1.79839683 
5.31666454 	 -1.93767686 	 1.79221235 
5.33333120 	 -1.93377088 	 1.78732987 
5.34999786 	 -1.92921390 	 1.78081990 
5.36666452 	 -1.92465691 	 1.77528642 
5.38333118 	 -1.91944894 	 1.76910195 
5.39999784 	 -1.91489195 	 1.76324297 
5.41666450 	 -1.90968398 	 1.75705850 
5.43333116 	 -1.90447600 	 1.75152502 
5.44999782 	 -1.89926802 	 1.74534054 
5.46666448 	 -1.89503654 	 1.73850507 
5.48333114 	 -1.89015406 	 1.73297159 
5.49999780 	 -1.88429508 	 1.72743812 
5.51666446 	 -1.87941260 	 1.72060265 
5.53333112 	 -1.87387912 	 1.71409267 
5.54999778 	 -1.86802015 	 1.70758270 
5.56666444 	 -1.86281217 	 1.69977073 
5.58333110 	 -1.85760419 	 1.69488825 
5.59999776 	 -1.85174521 	 1.68772728 
5.61666442 	 -1.84653723 	 1.68056631 
5.63333108 	 -1.84100376 	 1.67438184 
5.64999774 	 -1.83449378 	 1.66624437 
5.66666440 	 -1.82863481 	 1.66038539 
5.68333106 	 -1.82310133 	 1.65322442 
5.69999772 	 -1.81626586 	 1.64541245 
5.71666438 	 -1.81105788 	 1.63955348 
5.73333104 	 -1.80487340 	 1.63109051 
5.74999770 	 -1.79803793 	 1.62425504 
5.76666436 	 -1.79152796 	 1.61611757 
5.78333102 	 -1.78436699 	 1.60993310 
5.79999768 	 -1.77948451 	 1.60147013 
5.81666434 	 -1.77199804 	 1.59398366 
5.83333100 	 -1.76581357 	 1.58682269 
5.84999766 	 -1.75930359 	 1.57868523 
5.86666432 	 -1.75311912 	 1.57087326 
5.88333098 	 -1.74595815 	 1.56371229 
5.89999764 	 -1.73912267 	 1.55622582 
5.91666430 	 -1.73163621 	 1.54776285 
5.93333096 	 -1.72480073 	 1.54027638 
5.94999762 	 -1.71829076 	 1.53311541 
5.96666428 	 -1.71178079 	 1.52335045 
5.98333094 	 -1.70396882 	 1.51586398 
5.99999760 	 -1.69648235 	 1.50740102 
6.01666426 	 -1.68899588 	 1.49991455 
6.03333092 	 -1.68248591 	 1.49080059 
6.04999758 	 -1.67402294 	 1.48266312 
6.06666424 	 -1.66751297 	 1.47387466 
6.08333090 	 -1.65937550 	 1.46541169 
6.09999756 	 -1.65221453 	 1.45629773 
6.11666422 	 -1.64440256 	 1.44816026 
6.13333088 	 -1.63626510 	 1.43969730 
6.14999754 	 -1.62910413 	 1.43058333 
6.16666420 	 -1.62096666 	 1.42309686 
6.18333086 	 -1.61315469 	 1.41300641 
6.19999752 	 -1.60534272 	 1.40519444 
6.21666418 	 -1.59720526 	 1.39477848 
6.23333084 	 -1.58939329 	 1.38664101 
6.24999750 	 -1.58060482 	 1.37655056 
6.26666416 	 -1.57311835 	 1.36841309 
6.28333082 	 -1.56400439 	 1.35929913 
6.29999748 	 -1.55554143 	 1.34985967 
6.31666414 	 -1.54740396 	 1.34009471 
6.33333080 	 -1.53829000 	 1.33130624 
6.34999746 	 -1.53112903 	 1.32089028 
6.36666412 	 -1.52201506 	 1.31242732 
6.38333078 	 -1.51355210 	 1.30233686 
6.39999744 	 -1.50411264 	 1.29289740 
6.41666410 	 -1.49662617 	 1.28410893 
6.43333076 	 -1.48816320 	 1.27369298 
6.44999742 	 -1.47904924 	 1.26295152 
6.46666408 	 -1.46993528 	 1.25448856 
6.48333074 	 -1.46017032 	 1.24472360 
6.49999740 	 -1.45203285 	 1.23463314 
6.51666406 	 -1.44324439 	 1.22454268 
6.53333072 	 -1.43315393 	 1.21412672 
6.54999738 	 -1.42436546 	 1.20501276 
6.56666404 	 -1.41525150 	 1.19492230 
6.58333070 	 -1.40613754 	 1.18548284 
6.59999736 	 -1.39669808 	 1.17409039 
6.61666402 	 -1.38725862 	 1.16432543 
6.63333068 	 -1.37847015 	 1.15325847 
6.64999734 	 -1.36837969 	 1.14447001 
6.66666400 	 -1.35861473 	 1.13372855 
6.68333066 	 -1.34852428 	 1.12331259 
6.69999732 	 -1.33941031 	 1.11257114 
6.71666398 	 -1.32964535 	 1.10215518 
6.73333064 	 -1.32020589 	 1.09076273 
6.74999730 	 -1.31044093 	 1.08067227 
6.76666396 	 -1.30002497 	 1.07090731 
6.78333062 	 -1.29091101 	 1.05951486 
6.79999728 	 -1.28049505 	 1.04942440 
6.81666394 	 -1.27073009 	 1.03835744 
6.83333060 	 -1.26096513 	 1.02761599 
6.84999726 	 -1.24957268 	 1.01752553 
6.86666392 	 -1.24045872 	 1.00678407 
6.88333058 	 -1.23036826 	 0.99571712 
6.89999724 	 -1.22092880 	 0.98367367 
6.91666390 	 -1.21051284 	 0.97293221 
6.93333056 	 -1.20009688 	 0.96219075 
6.94999722 	 -1.18902993 	 0.95242579 
6.96666388 	 -1.17861397 	 0.94103334 
6.98333054 	 -1.16787252 	 0.92964089 
6.99999720 	 -1.15810756 	 0.91857393 
7.01666386 	 -1.14736610 	 0.90750698 
7.03333052 	 -1.13760114 	 0.89546353 
7.04999718 	 -1.12620869 	 0.88407107 
7.06666384 	 -1.11611823 	 0.87300412 
7.08333050 	 -1.10505127 	 0.86258816 
7.09999716 	 -1.09496081 	 0.85054471 
7.11666382 	 -1.08356836 	 0.83980326 
7.13333048 	 -1.07282691 	 0.82775980 
7.14999714 	 -1.06208545 	 0.81669285 
7.16666380 	 -1.05134399 	 0.80530040 
7.18333046 	 -1.04060254 	 0.79390794 
7.19999712 	 -1.02888459 	 0.78251549 
7.21666378 	 -1.01781763 	 0.77047204 
7.23333044 	 -1.00707617 	 0.75875409 
7.24999710 	 -0.99600922 	 0.74671064 
7.26666376 	 -0.98559326 	 0.73596918 
7.28333042 	 -0.97485181 	 0.72360023 
7.29999708 	 -0.96313385 	 0.71220778 
7.31666374 	 -0.95206690 	 0.70016433 
7.33333040 	 -0.94067445 	 0.68844638 
7.34999706 	 -0.92960749 	 0.67672842 
7.36666372 	 -0.91788954 	 0.66435947 
7.38333038 	 -0.90714808 	 0.65264152 
7.39999704 	 -0.89543013 	 0.64059807 
7.41666370 	 -0.88371218 	 0.62985662 
7.43333036 	 -0.87231973 	 0.61651117 
7.44999702 	 -0.86125277 	 0.60544422 
7.46666368 	 -0.84920932 	 0.59340077 
7.48333034 	 -0.83814237 	 0.58168281 
7.49999700 	 -0.82642442 	 0.56931386 
7.51666366 	 -0.81470646 	 0.55694491 
7.53333032 	 -0.80396501 	 0.54490146 
7.54999698 	 -0.79159606 	 0.53253252 
7.56666364 	 -0.77987811 	 0.52048906 
7.58333030 	 -0.76816015 	 0.50877111 
7.59999696 	 -0.75579120 	 0.49705316 
7.61666362 	 -0.74504975 	 0.48500971 
7.63333028 	 -0.73235530 	 0.47264076 
7.64999694 	 -0.72063735 	 0.46027181 
7.66666360 	 -0.70891940 	 0.44855386 
7.68333026 	 -0.69752694 	 0.43553391 
7.69999692 	 -0.68548349 	 0.42349046 
7.71666358 	 -0.67344004 	 0.41079601 
7.73333024 	 -0.66139659 	 0.39940356 
7.74999690 	 -0.64935314 	 0.38670911 
7.76666356 	 -0.63730969 	 0.37368917 
7.78333022 	 -0.62494074 	 0.36229671 
7.79999688 	 -0.61354829 	 0.35025326 
7.81666354 	 -0.60183034 	 0.33723332 
7.83333020 	 -0.58978689 	 0.32518986 
7.84999686 	 -0.57774343 	 0.31216992 
7.86666352 	 -0.56407249 	 0.30110296 
7.88333018 	 -0.55300554 	 0.28710652 
7.89999684 	 -0.54063659 	 0.27441207 
7.91666350 	 -0.52826764 	 0.26334512 
7.93333016 	 -0.51622419 	 0.25097617 
7.94999682 	 -0.50385524 	 0.23730523 
7.96666348 	 -0.49181179 	 0.22526177 
7.98333014 	 -0.47911734 	 0.21321832 
7.99999680 	 -0.46739939 	 0.20019838 
8.01666346 	 -0.45503044 	 0.18782943 
8.03333012 	 -0.44201049 	 0.17513498 
8.04999678 	 -0.43029254 	 0.16309153 
8.06666344 	 -0.41824909 	 0.15039708 
8.08333010 	 -0.40555464 	 0.13802813 
8.09999676 	 -0.39286019 	 0.12565918 
8.11666342 	 -0.38081674 	 0.11263924 
8.13333008 	 -0.36812229 	 0.10092128 
8.14999674 	 -0.35542785 	 0.08692484 
8.16666340 	 -0.34240790 	 0.07585789 
8.18333006 	 -0.33134094 	 0.06218694 
8.19999672 	 -0.31864650 	 0.04981799 
8.21666338 	 -0.30627755 	 0.03777454 
8.23333004 	 -0.29358310 	 0.02540559 
8.24999670 	 -0.28056315 	 0.01271115 
8.26666336 	 -0.26884520 	 0.00001670 
8.28333002 	 -0.25647625 	 -0.01267775 
8.29999668 	 -0.24345630 	 -0.02504670 
8.31666334 	 -0.23141285 	 -0.03709015 
8.33333000 	 -0.21774191 	 -0.04913360 
8.34999666 	 -0.20700045 	 -0.06280454 
8.36666332 	 -0.19267851 	 -0.07517349 
8.38332998 	 -0.18063506 	 -0.08786794 
8.39999664 	 -0.16859161 	 -0.10056239 
8.41666330 	 -0.15654816 	 -0.11260584 
8.43332996 	 -0.14352821 	 -0.12595129 
8.44999662 	 -0.13050827 	 -0.13832024 
8.46666328 	 -0.11879032 	 -0.15068918 
8.48332994 	 -0.10544487 	 -0.16338363 
8.49999660 	 -0.09307592 	 -0.17477609 
8.51666326 	 -0.08103247 	 -0.18747053 
8.53332992 	 -0.06768702 	 -0.20081598 
8.54999658 	 -0.05531808 	 -0.21285943 
8.56666324 	 -0.04294913 	 -0.22522838 
8.58332990 	 -0.02927818 	 -0.23727183 
8.59999656 	 -0.01788573 	 -0.25029178 
8.61666322 	 -0.00519128 	 -0.26233523 
8.63332988 	 0.00717767 	 -0.27502968 
8.64999654 	 0.01954662 	 -0.28739862 
8.66666320 	 0.03289206 	 -0.30009307 
8.68332986 	 0.04461001 	 -0.31181102 
8.69999652 	 0.05730446 	 -0.32417997 
8.71666318 	 0.07032441 	 -0.33687442 
8.73332984 	 0.08236786 	 -0.35021987 
8.74999650 	 0.09473681 	 -0.36161232 
8.76666316 	 0.10775676 	 -0.37365577 
8.78332982 	 0.11980021 	 -0.38635022 
8.79999648 	 0.13249465 	 -0.39871917 
8.81666314 	 0.14356161 	 -0.41076262 
8.83332980 	 0.15690705 	 -0.42410806 
8.84999646 	 0.16862501 	 -0.43550052 
8.86666312 	 0.18164495 	 -0.44721847 
8.88332978 	 0.19303741 	 -0.45958742 
8.89999644 	 0.20508086 	 -0.47260737 
8.91666310 	 0.21875180 	 -0.48367432 
8.93332976 	 0.23079525 	 -0.49701977 
8.94999642 	 0.24218771 	 -0.50873772 
8.96666308 	 0.25520765 	 -0.52045567 
8.98332974 	 0.26790210 	 -0.53315012 
8.99999640 	 0.27929455 	 -0.54454257 
9.01666306 	 0.29133800 	 -0.55723702 
9.03332972 	 0.30338145 	 -0.56928047 
9.04999638 	 0.31607590 	 -0.58132392 
9.06666304 	 0.32779385 	 -0.59336737 
9.08332970 	 0.33983730 	 -0.60541082 
9.09999636 	 0.35253175 	 -0.61745427 
9.11666302 	 0.36392421 	 -0.62982322 
9.13332968 	 0.37629316 	 -0.64056468 
9.14999634 	 0.38801111 	 -0.65260813 
9.16666300 	 0.40070556 	 -0.66562807 
9.18332966 	 0.41340000 	 -0.67702053 
9.19999632 	 0.42446696 	 -0.68808748 
9.21666298 	 0.43618491 	 -0.70110743 
9.23332964 	 0.44790286 	 -0.71184888 
9.24999630 	 0.46027181 	 -0.72389234 
9.26666296 	 0.47198976 	 -0.73658678 
9.28332962 	 0.48435871 	 -0.74667724 
9.29999628 	 0.49607666 	 -0.75904619 
9.31666294 	 0.50779462 	 -0.77043864 
9.33332960 	 0.51983807 	 -0.78248210 
9.34999626 	 0.53155602 	 -0.79387455 
9.36666292 	 0.54294847 	 -0.80559250 
9.38332958 	 0.55531742 	 -0.81665946 
9.39999624 	 0.56736087 	 -0.82837741 
9.41666290 	 0.57842783 	 -0.83976986 
9.43332956 	 0.58982028 	 -0.85083682 
9.44999622 	 0.60218923 	 -0.86255477 
9.46666288 	 0.61358168 	 -0.87329622 
9.48332954 	 0.62497414 	 -0.88501418 
9.49999620 	 0.63571559 	 -0.89640663 
9.51666286 	 0.64873554 	 -0.90812458 
9.53332952 	 0.65947699 	 -0.91854054 
9.54999618 	 0.67119495 	 -0.92960749 
9.56666284 	 0.68226190 	 -0.94099995 
9.58332950 	 0.69397985 	 -0.95206690 
9.59999616 	 0.70537231 	 -0.96313385 
9.61666282 	 0.71676476 	 -0.97289881 
9.63332948 	 0.72880821 	 -0.98494227 
9.64999614 	 0.73987517 	 -0.99600922 
9.66666280 	 0.75029112 	 -1.00642518 
9.68332946 	 0.76233457 	 -1.01814313 
9.69999612 	 0.77307603 	 -1.02790809 
9.71666278 	 0.78446848 	 -1.03962604 
9.73332944 	 0.79586094 	 -1.04906550 
9.74999610 	 0.80692789 	 -1.05948146 
9.76666276 	 0.81832034 	 -1.07152491 
9.78332942 	 0.82873630 	 -1.08161537 
9.79999608 	 0.83980326 	 -1.09138033 
9.81666274 	 0.85087021 	 -1.10277278 
9.83332940 	 0.86161167 	 -1.11286324 
9.84999606 	 0.87202762 	 -1.12393020 
9.86666272 	 0.88342008 	 -1.13336966 
9.88332938 	 0.89481253 	 -1.14443661 
9.89999604 	 0.90555399 	 -1.15452707 
9.91666270 	 0.91629544 	 -1.16494303 
9.93332936 	 0.92703690 	 -1.17470799 
9.94999602 	 0.93745286 	 -1.18512395 
9.96666268 	 0.94786881 	 -1.19423791 
9.98332934 	 0.95861027 	 -1.20497936 
9.99999600 	 0.96967722 	 -1.21572082 
10.01666266 	 0.97976768 	 -1.22516028 
10.03332932 	 0.98985814 	 -1.23492524 
10.04999598 	 1.00125059 	 -1.24534120 
10.06666264 	 1.01199205 	 -1.25510616 
10.08332930 	 1.02175701 	 -1.26487112 
10.09999596 	 1.03152197 	 -1.27398508 
10.11666262 	 1.04226343 	 -1.28309904 
10.13332928 	 1.05235388 	 -1.29416600 
10.14999594 	 1.06244434 	 -1.30327996 
10.16666260 	 1.07318580 	 -1.31239392 
10.18332926 	 1.08327626 	 -1.32248438 
10.19999592 	 1.09304122 	 -1.33192384 
10.21666258 	 1.10280618 	 -1.34168880 
10.23332924 	 1.11289664 	 -1.35015177 
10.24999590 	 1.12298709 	 -1.35894023 
10.26666256 	 1.13210106 	 -1.36837969 
10.28332922 	 1.14251701 	 -1.37847015 
10.29999588 	 1.15195648 	 -1.38693312 
10.31666254 	 1.16237243 	 -1.39572158 
10.33332920 	 1.17181189 	 -1.40418455 
10.34999586 	 1.18092586 	 -1.41460050 
10.36666252 	 1.19166731 	 -1.42241247 
10.38332918 	 1.20143227 	 -1.43185193 
10.39999584 	 1.21022074 	 -1.43998940 
10.41666250 	 1.21900920 	 -1.44910336 
10.43332916 	 1.22779767 	 -1.45789183 
10.44999582 	 1.23756263 	 -1.46635479 
10.46666248 	 1.24732759 	 -1.47481776 
10.48332914 	 1.25644155 	 -1.48262973 
10.49999580 	 1.26588101 	 -1.49076719 
10.51666246 	 1.27499497 	 -1.49988115 
10.53332912 	 1.28378344 	 -1.50801862 
10.54999578 	 1.29257190 	 -1.51648159 
10.56666244 	 1.30201136 	 -1.52396806 
10.58332910 	 1.31079983 	 -1.53243102 
10.59999576 	 1.31958829 	 -1.54024299 
10.61666242 	 1.32772576 	 -1.54838046 
10.63332908 	 1.33749072 	 -1.55684342 
10.64999574 	 1.34627918 	 -1.56367889 
10.66666240 	 1.35539314 	 -1.57246736 
10.68332906 	 1.36255411 	 -1.58027933 
10.69999572 	 1.37166808 	 -1.58744030 
10.71666238 	 1.38013104 	 -1.59460127 
10.73332904 	 1.38891951 	 -1.60273873 
10.74999570 	 1.39673147 	 -1.61055070 
10.76666236 	 1.40486894 	 -1.61640968 
10.78332902 	 1.41333190 	 -1.62422165 
10.79999568 	 1.42146937 	 -1.63105712 
10.81666234 	 1.42993234 	 -1.63984558 
10.83332900 	 1.43774430 	 -1.64635555 
10.84999566 	 1.44588177 	 -1.65416752 
10.86666232 	 1.45401924 	 -1.66035200 
10.88332898 	 1.46118021 	 -1.66783847 
10.89999564 	 1.46931768 	 -1.67499944 
10.91666230 	 1.47745514 	 -1.68118391 
10.93332896 	 1.48494161 	 -1.68736839 
10.94999562 	 1.49275358 	 -1.69485486 
10.96666228 	 1.50056555 	 -1.70169033 
10.98332894 	 1.50772652 	 -1.70820030 
10.99999560 	 1.51553849 	 -1.71503577 
11.01666226 	 1.52269946 	 -1.72089475 
11.03332892 	 1.52986043 	 -1.72740472 
11.04999558 	 1.53669590 	 -1.73424019 
11.06666224 	 1.54353137 	 -1.73944817 
11.08332890 	 1.55101784 	 -1.74660914 
11.09999556 	 1.55850431 	 -1.75246812 
11.11666222 	 1.56533978 	 -1.75832710 
11.13332888 	 1.57217525 	 -1.76451157 
11.14999554 	 1.57901073 	 -1.77069605 
11.16666220 	 1.58649720 	 -1.77622952 
11.18332886 	 1.59235617 	 -1.78111200 
11.19999552 	 1.59919164 	 -1.78697098 
11.21666218 	 1.60602712 	 -1.79217896 
11.23332884 	 1.61286259 	 -1.79803793 
11.24999550 	 1.61904706 	 -1.80487340 
11.26666216 	 1.62490604 	 -1.80943039 
11.28332882 	 1.63206701 	 -1.81463836 
11.29999548 	 1.63760049 	 -1.81952084 
11.31666214 	 1.64443596 	 -1.82537982 
11.33332880 	 1.64964394 	 -1.83026230 
11.34999546 	 1.65615391 	 -1.83579578 
11.36666212 	 1.66168739 	 -1.83937626 
11.38332878 	 1.66852286 	 -1.84490974 
11.39999544 	 1.67438184 	 -1.84979222 
11.41666210 	 1.68089181 	 -1.85467470 
11.43332876 	 1.68577429 	 -1.85825519 
11.44999542 	 1.69130777 	 -1.86281217 
11.46666208 	 1.69716674 	 -1.86834564 
11.48332874 	 1.70302572 	 -1.87257713 
11.49999540 	 1.70888469 	 -1.87680861 
11.51666206 	 1.71344167 	 -1.88201659 
11.53332872 	 1.71897515 	 -1.88527158 
11.54999538 	 1.72418313 	 -1.88917756 
11.56666204 	 1.72971661 	 -1.89275804 
11.58332870 	 1.73492459 	 -1.89731503 
11.59999536 	 1.73883057 	 -1.90122101 
11.61666202 	 1.74436405 	 -1.90577799 
11.63332868 	 1.74957203 	 -1.91000947 
11.64999534 	 1.75380351 	 -1.91261346 
11.66666200 	 1.75901149 	 -1.91586845 
11.68332866 	 1.76291747 	 -1.91944894 
11.69999532 	 1.76779995 	 -1.92302942 
11.71666198 	 1.77235693 	 -1.92693540 
11.73332864 	 1.77658842 	 -1.92953939 
11.74999530 	 1.78179639 	 -1.93377088 
11.76666196 	 1.78602788 	 -1.93637487 
11.78332862 	 1.79025936 	 -1.93832786 
11.79999528 	 1.79449084 	 -1.94255934 
11.81666194 	 1.79742033 	 -1.94548883 
11.83332860 	 1.80262831 	 -1.94809282 
11.84999526 	 1.80620879 	 -1.95134780 
11.86666192 	 1.80978928 	 -1.95362630 
11.88332858 	 1.81369526 	 -1.95655578 
11.89999524 	 1.81727575 	 -1.95915977 
11.91666190 	 1.82118173 	 -1.96143826 
11.93332856 	 1.82476222 	 -1.96371675 
11.94999522 	 1.82834270 	 -1.96632074 
11.96666188 	 1.83159769 	 -1.96859923 
11.98332854 	 1.83452718 	 -1.97055223 
11.99999520 	 1.83843316 	 -1.97315622 
12.01666186 	 1.84136265 	 -1.97510921 
12.03332852 	 1.84364114 	 -1.97641120 
12.04999518 	 1.84819812 	 -1.97868969 
12.06666184 	 1.85047661 	 -1.97999169 
12.08332850 	 1.85308060 	 -1.98259568 
12.09999516 	 1.85601009 	 -1.98324667 
12.11666182 	 1.85893958 	 -1.98519967 
12.13332848 	 1.86121807 	 -1.98682716 
12.14999514 	 1.86349656 	 -1.98845465 
12.16666180 	 1.86675155 	 -1.99040764 
12.18332846 	 1.86935554 	 -1.99073314 
12.19999512 	 1.87065753 	 -1.99203514 
12.21666178 	 1.87326152 	 -1.99268614 
12.23332844 	 1.87619101 	 -1.99366263 
12.24999510 	 1.87814400 	 -1.99496463 
12.26666176 	 1.87944599 	 -1.99561562 
12.28332842 	 1.88237548 	 -1.99594112 
12.29999508 	 1.88367748 	 -1.99691762 
12.31666174 	 1.88563047 	 -1.99724312 
12.33332840 	 1.88790896 	 -1.99854511 
12.34999506 	 1.88855996 	 -1.99789411 
12.36666172 	 1.89051295 	 -1.99887061 
12.38332838 	 1.89214044 	 -1.99887061 
12.39999504 	 1.89409343 	 -2.00049810 
12.41666170 	 1.89506993 	 -1.99984711 
12.43332836 	 1.89572093 	 -1.99952161 
12.44999502 	 1.89767392 	 -1.99756862 
12.46666168 	 1.89799942 	 -1.99919611 
12.48332834 	 1.89897591 	 -1.99952161 
12.49999500 	 1.90027791 	 -1.99854511 
12.51666166 	 1.90027791 	 -1.99887061 
12.53332832 	 1.90255640 	 -1.99789411 
12.54999498 	 1.90320740 	 -1.99756862 
12.56666164 	 1.90320740 	 -1.99756862 
12.58332830 	 1.90353290 	 -1.99691762 
12.59999496 	 1.90418389 	 -1.99594112 
12.61666162 	 1.90483489 	 -1.99431363 
12.63332828 	 1.90548589 	 -1.99431363 
12.64999494 	 1.90483489 	 -1.99236064 
12.66666160 	 1.90548589 	 -1.99203514 
12.68332826 	 1.90450939 	 -1.99073314 
12.69999492 	 1.90450939 	 -1.98910565 
12.71666158 	 1.90581139 	 -1.98878015 
12.73332824 	 1.90548589 	 -1.98650166 
12.74999490 	 1.90483489 	 -1.98617616 
12.76666156 	 1.90483489 	 -1.98357217 
12.78332822 	 1.90581139 	 -1.98259568 
12.79999488 	 1.90385839 	 -1.97966619 
12.81666154 	 1.90353290 	 -1.97836419 
12.83332820 	 1.90223090 	 -1.97738770 
12.84999486 	 1.90223090 	 -1.97445821 
12.86666152 	 1.90092891 	 -1.97283072 
12.88332818 	 1.89995241 	 -1.97087772 
12.89999484 	 1.89865042 	 -1.96859923 
12.91666150 	 1.89767392 	 -1.96632074 
12.93332816 	 1.89669742 	 -1.96339126 
12.94999482 	 1.89572093 	 -1.96111276 
12.96666148 	 1.89409343 	 -1.95948527 
12.98332814 	 1.89311694 	 -1.95688128 
12.99999480 	 1.89116395 	 -1.95330080 
13.01666146 	 1.89051295 	 -1.95069681 
13.03332812 	 1.88921095 	 -1.94809282 
13.04999478 	 1.88660697 	 -1.94548883 
13.06666144 	 1.88497947 	 -1.94223384 
13.08332810 	 1.88432847 	 -1.93930435 
13.09999476 	 1.88107349 	 -1.93670036 
13.11666142 	 1.87944599 	 -1.93409638 
13.13332808 	 1.87716750 	 -1.93051589 
13.14999474 	 1.87521451 	 -1.92660991 
13.16666140 	 1.87293602 	 -1.92368042 
13.18332806 	 1.87098303 	 -1.92140193 
13.19999472 	 1.86903004 	 -1.91684495 
13.21666138 	 1.86610055 	 -1.91261346 
13.23332804 	 1.86284556 	 -1.90968398 
13.24999470 	 1.86154357 	 -1.90577799 
13.26666136 	 1.85763758 	 -1.90187201 
13.28332802 	 1.85568459 	 -1.89731503 
13.29999468 	 1.85275510 	 -1.89340904 
13.31666134 	 1.84982562 	 -1.88885206 
13.33332800 	 1.84624513 	 -1.88527158 
13.34999466 	 1.84461764 	 -1.88071459 
13.36666132 	 1.83973516 	 -1.87648311 
13.38332798 	 1.83745667 	 -1.87192613 
13.39999464 	 1.83420168 	 -1.86834564 
13.41666130 	 1.83127219 	 -1.86378866 
13.43332796 	 1.82736621 	 -1.85858068 
13.44999462 	 1.82411122 	 -1.85402370 
13.46666128 	 1.81987974 	 -1.84979222 
13.48332794 	 1.81662475 	 -1.84360775 
13.49999460 	 1.81336977 	 -1.83937626 
13.51666126 	 1.80913828 	 -1.83579578 
13.53332792 	 1.80490680 	 -1.83026230 
13.54999458 	 1.80132631 	 -1.82570532 
13.56666124 	 1.79709483 	 -1.81952084 
13.58332790 	 1.79351435 	 -1.81463836 
13.59999456 	 1.78895737 	 -1.80845389 
13.61666122 	 1.78472588 	 -1.80357141 
13.63332788 	 1.77984340 	 -1.79868893 
13.64999454 	 1.77528642 	 -1.79348095 
13.66666120 	 1.77138044 	 -1.78762198 
13.68332786 	 1.76714895 	 -1.78208850 
13.69999452 	 1.76226647 	 -1.77622952 
13.71666118 	 1.75738399 	 -1.77004505 
13.73332784 	 1.75315251 	 -1.76386057 
13.74999450 	 1.74761903 	 -1.75832710 
13.76666116 	 1.74338755 	 -1.75246812 
13.78332782 	 1.73817957 	 -1.74660914 
13.79999448 	 1.73264610 	 -1.74009917 
13.81666114 	 1.72743812 	 -1.73391470 
13.83332780 	 1.72223014 	 -1.72740472 
13.84999446 	 1.71702216 	 -1.72122025 
13.86666112 	 1.71148868 	 -1.71373378 
13.88332778 	 1.70693170 	 -1.70852580 
13.89999444 	 1.70139822 	 -1.70169033 
13.91666110 	 1.69488825 	 -1.69518035 
13.93332776 	 1.68935477 	 -1.68769389 
13.94999442 	 1.68447229 	 -1.68150941 
13.96666108 	 1.67828782 	 -1.67499944 
13.98332774 	 1.67210334 	 -1.66816397 
13.99999440 	 1.66722086 	 -1.66100299 
14.01666106 	 1.66071089 	 -1.65319103 
14.03332772 	 1.65452642 	 -1.64635555 
14.04999438 	 1.64834194 	 -1.63919458 
14.06666104 	 1.64248297 	 -1.63170811 
14.08332770 	 1.63564749 	 -1.62454714 
14.09999436 	 1.62978852 	 -1.61771167 
14.11666102 	 1.62392954 	 -1.60957421 
14.13332768 	 1.61676857 	 -1.60338973 
14.14999434 	 1.60993310 	 -1.59460127 
14.16666100 	 1.60407412 	 -1.58744030 
14.18332766 	 1.59723865 	 -1.57995383 
14.19999432 	 1.59007768 	 -1.57246736 
14.21666098 	 1.58324221 	 -1.56465539 
14.23332764 	 1.57738323 	 -1.55716892 
14.24999430 	 1.57022226 	 -1.54870595 
14.26666096 	 1.56273579 	 -1.54089399 
14.28332762 	 1.55655132 	 -1.53178002 
14.29999428 	 1.54906485 	 -1.52461905 
14.31666094 	 1.54190388 	 -1.51648159 
14.33332760 	 1.53474291 	 -1.50801862 
14.34999426 	 1.52725644 	 -1.49923016 
14.36666092 	 1.51976997 	 -1.49076719 
14.38332758 	 1.51228350 	 -1.48295522 
14.39999424 	 1.50512253 	 -1.47449226 
14.41666090 	 1.49731056 	 -1.46668029 
14.43332756 	 1.48949859 	 -1.45724083 
14.44999422 	 1.48331412 	 -1.44877786 
14.46666088 	 1.47354916 	 -1.43998940 
14.48332754 	 1.46736468 	 -1.43217743 
14.49999420 	 1.45857622 	 -1.42176148 
14.51666086 	 1.45141525 	 -1.41362401 
14.53332752 	 1.44295228 	 -1.40451005 
14.54999418 	 1.43481482 	 -1.39507058 
14.56666084 	 1.42732835 	 -1.38660762 
14.58332750 	 1.41886538 	 -1.37651716 
14.59999416 	 1.41040242 	 -1.36805420 
14.61666082 	 1.40161395 	 -1.35959123 
14.63332748 	 1.39412748 	 -1.35047727 
14.64999414 	 1.38566452 	 -1.33973581 
14.66666080 	 1.37687605 	 -1.33159834 
14.68332746 	 1.36841309 	 -1.32215888 
14.69999412 	 1.35995012 	 -1.31239392 
14.71666078 	 1.35083616 	 -1.30230346 
14.73332744 	 1.34302419 	 -1.29416600 
14.74999410 	 1.33391023 	 -1.28375004 
14.76666076 	 1.32479627 	 -1.27431058 
14.78332742 	 1.31600780 	 -1.26356912 
14.79999408 	 1.30754484 	 -1.25478066 
14.81666074 	 1.29843088 	 -1.24469020 
14.83332740 	 1.28931691 	 -1.23492524 
14.84999406 	 1.28085395 	 -1.22450928 
14.86666072 	 1.27206548 	 -1.21572082 
14.88332738 	 1.26164953 	 -1.20530486 
14.89999404 	 1.25286106 	 -1.19456341 
14.91666070 	 1.24342160 	 -1.18512395 
14.93332736 	 1.23398214 	 -1.17340599 
14.94999402 	 1.22519368 	 -1.16494303 
14.96666068 	 1.21640521 	 -1.15420157 
14.98332734 	 1.20566376 	 -1.14476211 
14.99999400 	 1.19654979 	 -1.13369516 
15.01666066 	 1.18613384 	 -1.12360470 
15.03332732 	 1.17734537 	 -1.11318874 
15.04999398 	 1.16660392 	 -1.10309828 
15.06666064 	 1.15814095 	 -1.09170583 
15.08332730 	 1.14805049 	 -1.08161537 
15.09999396 	 1.13796003 	 -1.07119941 
15.11666062 	 1.12819507 	 -1.06078345 
15.13332728 	 1.11875561 	 -1.05004200 
15.14999394 	 1.10768866 	 -1.03864955 
15.16666060 	 1.09890019 	 -1.02758259 
15.18332726 	 1.08880974 	 -1.01749213 
15.19999392 	 1.07871928 	 -1.00707617 
15.21666058 	 1.06862882 	 -0.99503272 
15.23332724 	 1.05821286 	 -0.98429127 
15.24999390 	 1.04812240 	 -0.97354981 
15.26666056 	 1.03738095 	 -0.96215736 
15.28332722 	 1.02696499 	 -0.95206690 
15.29999388 	 1.01720003 	 -0.94067445 
15.31666054 	 1.00613307 	 -0.93058399 
15.33332720 	 0.99604262 	 -0.91788954 
15.34999386 	 0.98530116 	 -0.90812458 
15.36666052 	 0.97521070 	 -0.89640663 
15.38332718 	 0.96414375 	 -0.88533967 
15.39999384 	 0.95372779 	 -0.87427272 
15.41666050 	 0.94331183 	 -0.86255477 
15.43332716 	 0.93191938 	 -0.85116231 
15.44999382 	 0.92150342 	 -0.83911886 
15.46666048 	 0.91076196 	 -0.82772641 
15.48332714 	 0.90002051 	 -0.81763595 
15.49999380 	 0.88927905 	 -0.80559250 
15.51666046 	 0.87821210 	 -0.79354905 
15.53332712 	 0.86714514 	 -0.78150560 
15.54999378 	 0.85640369 	 -0.76978765 
15.56666044 	 0.84501123 	 -0.75904619 
15.58332710 	 0.83361878 	 -0.74700274 
15.59999376 	 0.82320282 	 -0.73528479 
15.61666042 	 0.81148487 	 -0.72356684 
15.63332708 	 0.80074342 	 -0.71184888 
15.64999374 	 0.78902546 	 -0.70143293 
15.66666040 	 0.77828401 	 -0.68873848 
15.68332706 	 0.76689155 	 -0.67669503 
15.69999372 	 0.75582460 	 -0.66530258 
15.71666038 	 0.74378115 	 -0.65293363 
15.73332704 	 0.73336519 	 -0.64089018 
15.74999370 	 0.72164724 	 -0.62884672 
15.76666036 	 0.71090578 	 -0.61745427 
15.78332702 	 0.69821134 	 -0.60541082 
15.79999368 	 0.68649338 	 -0.59369287 
15.81666034 	 0.67510093 	 -0.58164942 
15.83332700 	 0.66370848 	 -0.56928047 
15.84999366 	 0.65264152 	 -0.55821351 
15.86666032 	 0.64157457 	 -0.54551907 
15.88332698 	 0.62953112 	 -0.53380111 
15.89999364 	 0.61748767 	 -0.52143217 
15.91666030 	 0.60576971 	 -0.50873772 
15.93332696 	 0.59340077 	 -0.49604327 
15.94999362 	 0.58265931 	 -0.48497631 
15.96666028 	 0.57029036 	 -0.47228187 
15.98332694 	 0.55792141 	 -0.46023842 
15.99999360 	 0.54685446 	 -0.44754397 
16.01666026 	 0.53481101 	 -0.43582602 
16.03332692 	 0.52276756 	 -0.42345707 
16.04999358 	 0.51039861 	 -0.41076262 
16.06666024 	 0.49900615 	 -0.39937017 
16.08332690 	 0.48663720 	 -0.38602472 
16.09999356 	 0.47491925 	 -0.37430677 
16.11666022 	 0.46320130 	 -0.36161232 
16.13332688 	 0.45148335 	 -0.34989437 
16.14999354 	 0.43878890 	 -0.33622342 
16.16666020 	 0.42674545 	 -0.32450547 
16.18332686 	 0.41470200 	 -0.31213652 
16.19999352 	 0.40298405 	 -0.29976757 
16.21666018 	 0.39094060 	 -0.28707313 
16.23332684 	 0.37824615 	 -0.27502968 
16.24999350 	 0.36587720 	 -0.26233523 
16.26666016 	 0.35448474 	 -0.25126827 
16.28332682 	 0.34179030 	 -0.23824833 
16.29999348 	 0.32974685 	 -0.22490288 
16.31666014 	 0.31802889 	 -0.21253393 
16.33332680 	 0.30500895 	 -0.20016498 
16.34999346 	 0.29264000 	 -0.18844703 
16.36666012 	 0.28092205 	 -0.17477609 
16.38332678 	 0.26757660 	 -0.16273264 
16.39999344 	 0.25553315 	 -0.15101468 
16.41666010 	 0.24348970 	 -0.13701824 
16.43332676 	 0.23046975 	 -0.12464929 
16.44999342 	 0.21810080 	 -0.11260584 
16.46666008 	 0.20638285 	 -0.10056239 
16.48332674 	 0.19368840 	 -0.08819344 
16.49999340 	 0.18131945 	 -0.07582449 
16.51666006 	 0.16927600 	 -0.06247905 
16.53332672 	 0.15593056 	 -0.04978460 
16.54999338 	 0.14388711 	 -0.03741565 
16.56666004 	 0.13151816 	 -0.02439570 
16.58332670 	 0.11947471 	 -0.01202675 
16.59999336 	 0.10612926 	 0.00066769 
16.61666002 	 0.09376031 	 0.01368764 
16.63332668 	 0.08204236 	 0.02475460 
16.64999334 	 0.06934791 	 0.03712355 
16.66666000 	 0.05600247 	 0.04949249 
16.68332666 	 0.04395902 	 0.06283794 
16.69999332 	 0.03159007 	 0.07520689 
16.71665998 	 0.01857012 	 0.08757584 
16.73332664 	 0.00620117 	 0.10027029 
16.74999330 	 -0.00551678 	 0.11329023 
16.76665996 	 -0.01821123 	 0.12500819 
16.78332662 	 -0.03123117 	 0.13835363 
16.79999328 	 -0.04392562 	 0.15137358 
16.81665994 	 -0.05596907 	 0.16341703 
16.83332660 	 -0.06931452 	 0.17546048 
16.84999326 	 -0.08233446 	 0.18945692 
16.86665992 	 -0.09405242 	 0.20084937 
16.88332658 	 -0.10739786 	 0.21354382 
16.89999324 	 -0.11911581 	 0.22461078 
16.91665990 	 -0.13213576 	 0.23665423 
16.93332656 	 -0.14483021 	 0.25065067 
16.94999322 	 -0.15752466 	 0.26334512 
16.96665988 	 -0.16956811 	 0.27441207 
16.98332654 	 -0.18258805 	 0.28775752 
16.99999320 	 -0.19463150 	 0.30012647 
17.01665986 	 -0.20667496 	 0.31314641 
17.03332652 	 -0.22002040 	 0.32584086 
17.04999318 	 -0.23238935 	 0.33820981 
17.06665984 	 -0.24540930 	 0.34960226 
17.08332650 	 -0.25810374 	 0.36229671 
17.09999316 	 -0.27047269 	 0.37336367 
17.11665982 	 -0.28251614 	 0.38638361 
17.13332648 	 -0.29488509 	 0.39875256 
17.14999314 	 -0.30757954 	 0.41047052 
17.16665980 	 -0.32027399 	 0.42414146 
17.18332646 	 -0.33166644 	 0.43553391 
17.19999312 	 -0.34403539 	 0.44790286 
17.21665978 	 -0.35672984 	 0.46092281 
17.23332644 	 -0.36909879 	 0.47296626 
17.24999310 	 -0.38114224 	 0.48500971 
17.26665976 	 -0.39351119 	 0.49607666 
17.28332642 	 -0.40555464 	 0.50877111 
17.29999308 	 -0.41857459 	 0.52114006 
17.31665974 	 -0.43029254 	 0.53318351 
17.33332640 	 -0.44266149 	 0.54587796 
17.34999306 	 -0.45470494 	 0.55759591 
17.36665972 	 -0.46707389 	 0.56866287 
17.38332638 	 -0.47944284 	 0.58135731 
17.39999304 	 -0.49083529 	 0.59437726 
17.41665970 	 -0.50385524 	 0.60446772 
17.43332636 	 -0.51492219 	 0.61683667 
17.44999302 	 -0.52729114 	 0.62920562 
17.46665968 	 -0.53966009 	 0.64092357 
17.48332634 	 -0.55137804 	 0.65296702 
17.49999300 	 -0.56342149 	 0.66501047 
17.51665966 	 -0.57579044 	 0.67705392 
17.53332632 	 -0.58718290 	 0.68877187 
17.54999298 	 -0.60052834 	 0.70114082 
17.56665964 	 -0.61159530 	 0.71188228 
17.58332630 	 -0.62298775 	 0.72392573 
17.59999296 	 -0.63503120 	 0.73629468 
17.61665962 	 -0.64707465 	 0.74671064 
17.63332628 	 -0.66042010 	 0.75940509 
17.64999294 	 -0.67083605 	 0.77079754 
17.66665960 	 -0.68287950 	 0.78121350 
17.68332626 	 -0.69492295 	 0.79325695 
17.69999292 	 -0.70631541 	 0.80530040 
17.71665958 	 -0.71835886 	 0.81669285 
17.73332624 	 -0.72910031 	 0.82775980 
17.74999290 	 -0.74049277 	 0.84012875 
17.76665956 	 -0.75351271 	 0.85119571 
17.78332622 	 -0.76490517 	 0.86226266 
17.79999288 	 -0.77499563 	 0.87235312 
17.81665954 	 -0.78769007 	 0.88472207 
17.83332620 	 -0.79973352 	 0.89611452 
17.84999286 	 -0.81047498 	 0.90685598 
17.86665952 	 -0.82284393 	 0.91727194 
17.88332618 	 -0.83423638 	 0.92931539 
17.89999284 	 -0.84530334 	 0.94005684 
17.91665950 	 -0.85669579 	 0.95177480 
17.93332616 	 -0.86841374 	 0.96316725 
17.94999282 	 -0.87948070 	 0.97358321 
17.96665948 	 -0.89119865 	 0.98465016 
17.98332614 	 -0.90291660 	 0.99604262 
17.99999280 	 -0.91398356 	 1.00580758 
18.01665946 	 -0.92505051 	 1.01687453 
18.03332612 	 -0.93676846 	 1.02826698 
18.04999278 	 -0.94588243 	 1.03835744 
18.06665944 	 -0.95890237 	 1.04877340 
18.08332610 	 -0.96931833 	 1.06016585 
18.09999276 	 -0.98005979 	 1.07090731 
18.11665942 	 -0.99145224 	 1.08099777 
18.13332608 	 -1.00219369 	 1.09076273 
18.14999274 	 -1.01358615 	 1.10313168 
18.16665940 	 -1.02465310 	 1.11322213 
18.18332606 	 -1.03572006 	 1.12266160 
18.19999272 	 -1.04678701 	 1.13340305 
18.21665938 	 -1.05687747 	 1.14349351 
18.23332604 	 -1.06729343 	 1.15358397 
18.24999270 	 -1.07868588 	 1.16367443 
18.26665936 	 -1.08942734 	 1.17441588 
18.28332602 	 -1.09951780 	 1.18450634 
18.29999268 	 -1.11025925 	 1.19459680 
18.31665934 	 -1.12067521 	 1.20436176 
18.33332600 	 -1.13206766 	 1.21510322 
18.34999266 	 -1.14183262 	 1.22454268 
18.36665932 	 -1.15192308 	 1.23430764 
18.38332598 	 -1.16299004 	 1.24504909 
18.39999264 	 -1.17373149 	 1.25481405 
18.41665930 	 -1.18349645 	 1.26425352 
18.43332596 	 -1.19423791 	 1.27401848 
18.44999262 	 -1.20432837 	 1.28378344 
18.46665928 	 -1.21474432 	 1.29322290 
18.48332594 	 -1.22483478 	 1.30233686 
18.49999260 	 -1.23427424 	 1.31177632 
18.51665926 	 -1.24534120 	 1.32089028 
18.53332592 	 -1.25575716 	 1.33065524 
18.54999258 	 -1.26519662 	 1.34107120 
18.56665924 	 -1.27496158 	 1.34888317 
18.58332590 	 -1.28440104 	 1.35897363 
18.59999256 	 -1.29481700 	 1.36841309 
18.61665922 	 -1.30425646 	 1.37655056 
18.63332588 	 -1.31434692 	 1.38631552 
18.64999254 	 -1.32443737 	 1.39510398 
18.66665920 	 -1.33387684 	 1.40486894 
18.68332586 	 -1.34299080 	 1.41300641 
18.69999252 	 -1.35308126 	 1.42212037 
18.71665918 	 -1.36154422 	 1.43090883 
18.73332584 	 -1.37261118 	 1.43872080 
18.74999250 	 -1.38107414 	 1.44750926 
18.76665916 	 -1.39051360 	 1.45629773 
18.78332582 	 -1.39962757 	 1.46541169 
18.79999248 	 -1.40939253 	 1.47387466 
18.81665914 	 -1.41818099 	 1.48233762 
18.83332580 	 -1.42762045 	 1.49145158 
18.84999246 	 -1.43771091 	 1.49861256 
18.86665912 	 -1.44649937 	 1.50740102 
18.88332578 	 -1.45431134 	 1.51586398 
18.89999244 	 -1.46342530 	 1.52432695 
18.91665910 	 -1.47286477 	 1.53213892 
18.93332576 	 -1.48165323 	 1.53995089 
18.94999242 	 -1.49076719 	 1.54743736 
18.96665908 	 -1.49923016 	 1.55492382 
18.98332574 	 -1.50834412 	 1.56306129 
18.99999240 	 -1.51615609 	 1.57087326 
19.01665906 	 -1.52527005 	 1.57901073 
19.03332572 	 -1.53373302 	 1.58584620 
19.04999238 	 -1.54154498 	 1.59496016 
19.06665904 	 -1.55065895 	 1.60179563 
19.08332570 	 -1.55944741 	 1.60960760 
19.09999236 	 -1.56758488 	 1.61644307 
19.11665902 	 -1.57604784 	 1.62458054 
19.13332568 	 -1.58385981 	 1.63174151 
19.14999234 	 -1.59199728 	 1.63922798 
19.16665900 	 -1.59980925 	 1.64638895 
19.18332566 	 -1.60729571 	 1.65289892 
19.19999232 	 -1.61543318 	 1.66038539 
19.21665898 	 -1.62324515 	 1.66722086 
19.23332564 	 -1.63138262 	 1.67438184 
19.24999230 	 -1.63984558 	 1.68121731 
19.26665896 	 -1.64700655 	 1.68675078 
19.28332562 	 -1.65384202 	 1.69456275 
19.29999228 	 -1.66230499 	 1.70042173 
19.31665894 	 -1.66881496 	 1.70725720 
19.33332560 	 -1.67662693 	 1.71441817 
19.34999226 	 -1.68476440 	 1.72027715 
19.36665892 	 -1.69159987 	 1.72613612 
19.38332558 	 -1.69876084 	 1.73264610 
19.39999224 	 -1.70527081 	 1.74078356 
19.41665890 	 -1.71275728 	 1.74534054 
19.43332556 	 -1.72024375 	 1.75119952 
19.44999222 	 -1.72740472 	 1.75738399 
19.46665888 	 -1.73391470 	 1.76421947 
19.48332554 	 -1.74140117 	 1.76877645 
19.49999220 	 -1.74726014 	 1.77561192 
19.51665886 	 -1.75409561 	 1.78049440 
19.53332552 	 -1.76223308 	 1.78700437 
19.54999218 	 -1.76841755 	 1.79123586 
19.56665884 	 -1.77525303 	 1.79774583 
19.58332550 	 -1.78078650 	 1.80360481 
19.59999216 	 -1.78794747 	 1.80913828 
19.61665882 	 -1.79380645 	 1.81434626 
19.63332548 	 -1.79966543 	 1.81955424 
19.64999214 	 -1.80584990 	 1.82411122 
19.66665880 	 -1.81268537 	 1.82964470 
19.68332546 	 -1.81854435 	 1.83485268 
19.69999212 	 -1.82375233 	 1.83908416 
19.71665878 	 -1.83058780 	 1.84396664 
19.73332544 	 -1.83612128 	 1.84917462 
19.74999210 	 -1.84198025 	 1.85405710 
19.76665876 	 -1.84718823 	 1.85828858 
19.78332542 	 -1.85272171 	 1.86317106 
19.79999208 	 -1.85792969 	 1.86772804 
19.81665874 	 -1.86443966 	 1.87293602 
19.83332540 	 -1.86997314 	 1.87651651 
19.84999206 	 -1.87583211 	 1.88042249 
19.86665872 	 -1.88104009 	 1.88530497 
19.88332538 	 -1.88592257 	 1.88921095 
19.89999204 	 -1.89047955 	 1.89344244 
19.91665870 	 -1.89601303 	 1.89637193 
19.93332536 	 -1.90089551 	 1.90060341 
19.94999202 	 -1.90577799 	 1.90516039 
19.96665868 	 -1.91131147 	 1.90971737 
19.98332534 	 -1.91586845 	 1.91199586 
19.99999200 	 -1.92042543 	 1.91590185 
20.01665866 	 -1.92530791 	 1.92045883 
20.03332532 	 -1.93019039 	 1.92306282 
20.04999198 	 -1.93442187 	 1.92599230 
20.06665864 	 -1.93930435 	 1.92989829 
20.08332530 	 -1.94353584 	 1.93217678 
20.09999196 	 -1.94744182 	 1.93608276 
20.11665862 	 -1.95199880 	 1.93933775 
20.13332528 	 -1.95557929 	 1.94129074 
20.14999194 	 -1.96013627 	 1.94519673 
20.16665860 	 -1.96436775 	 1.94812621 
20.18332526 	 -1.96729724 	 1.95105570 
20.19999192 	 -1.97152872 	 1.95333419 
20.21665858 	 -1.97576020 	 1.95593818 
20.23332524 	 -1.97934069 	 1.95756567 
20.24999190 	 -1.98324667 	 1.96049516 
20.26665856 	 -1.98617616 	 1.96375015 
20.28332522 	 -1.98975665 	 1.96505214 
20.29999188 	 -1.99333713 	 1.96798163 
20.31665854 	 -1.99626662 	 1.97026012 
20.33332520 	 -2.00017260 	 1.97188762 
20.34999186 	 -2.00375309 	 1.97449161 
20.36665852 	 -2.00635708 	 1.97644460 
20.38332518 	 -2.00961207 	 1.97774659 
20.39999184 	 -2.01286705 	 1.97969958 
20.41665850 	 -2.01449455 	 1.98197807 
20.43332516 	 -2.01807503 	 1.98262907 
20.44999182 	 -2.02067902 	 1.98490756 
20.46665848 	 -2.02263201 	 1.98686055 
20.48332514 	 -2.02523600 	 1.98751155 
20.49999180 	 -2.02783999 	 1.98913904 
20.51665846 	 -2.03044398 	 1.99011554 
20.53332512 	 -2.03304797 	 1.99109204 
20.54999178 	 -2.03565196 	 1.99206853 
20.56665844 	 -2.03695395 	 1.99369603 
20.58332510 	 -2.03988344 	 1.99434702 
20.59999176 	 -2.04183643 	 1.99467252 
20.61665842 	 -2.04346393 	 1.99662551 
20.63332508 	 -2.04574242 	 1.99630002 
20.64999174 	 -2.04736991 	 1.99662551 
20.66665840 	 -2.04899740 	 1.99760201 
20.68332506 	 -2.05160139 	 1.99825301 
20.69999172 	 -2.05257789 	 1.99825301 
20.71665838 	 -2.05322889 	 1.99792751 
20.73332504 	 -2.05453088 	 1.99857851 
20.74999170 	 -2.05680937 	 1.99825301 
20.76665836 	 -2.05811137 	 1.99825301 
20.78332502 	 -2.05811137 	 1.99922950 
20.79999168 	 -2.05908786 	 1.99792751 
20.81665834 	 -2.06104086 	 1.99857851 
20.83332500 	 -2.06266835 	 1.99890400 
20.84999166 	 -2.06234285 	 1.99695101 
20.86665832 	 -2.06299385 	 1.99792751 
20.88332498 	 -2.06397034 	 1.99760201 
20.89999164 	 -2.06462134 	 1.99564902 
20.91665830 	 -2.06592334 	 1.99499802 
20.93332496 	 -2.06624883 	 1.99532352 
20.94999162 	 -2.06624883 	 1.99434702 
20.96665828 	 -2.06689983 	 1.99337053 
20.98332494 	 -2.06722533 	 1.99174303 
20.99999160 	 -2.06722533 	 1.99206853 
21.01665826 	 -2.06689983 	 1.98979004 
21.03332492 	 -2.06689983 	 1.98881355 
21.04999158 	 -2.06689983 	 1.98848805 
21.06665824 	 -2.06592334 	 1.98588406 
21.08332490 	 -2.06722533 	 1.98523306 
21.09999156 	 -2.06689983 	 1.98295457 
21.11665822 	 -2.06592334 	 1.98132708 
21.13332488 	 -2.06559784 	 1.98035058 
21.14999154 	 -2.06559784 	 1.97774659 
21.16665820 	 -2.06462134 	 1.97644460 
21.18332486 	 -2.06429584 	 1.97416611 
21.19999152 	 -2.06266835 	 1.97188762 
21.21665818 	 -2.06169185 	 1.96993462 
21.23332484 	 -2.06071536 	 1.96765613 
21.24999150 	 -2.05973886 	 1.96537764 
21.26665816 	 -2.05876236 	 1.96212266 
21.28332482 	 -2.05746037 	 1.96016966 
21.29999148 	 -2.05583288 	 1.95886767 
21.31665814 	 -2.05550738 	 1.95658918 
21.33332480 	 -2.05355439 	 1.95431069 
21.34999146 	 -2.05127590 	 1.95138120 
21.36665812 	 -2.05062490 	 1.94812621 
21.38332478 	 -2.04867191 	 1.94519673 
21.39999144 	 -2.04704441 	 1.94226724 
21.41665810 	 -2.04606792 	 1.93901225 
21.43332476 	 -2.04378943 	 1.93608276 
21.44999142 	 -2.04216193 	 1.93250228 
21.46665808 	 -2.03955794 	 1.92957279 
21.48332474 	 -2.03695395 	 1.92631780 
21.49999140 	 -2.03565196 	 1.92371381 
21.51665806 	 -2.03304797 	 1.91883133 
21.53332472 	 -2.03044398 	 1.91557635 
21.54999138 	 -2.02849099 	 1.91167036 
21.56665804 	 -2.02458500 	 1.90906637 
21.58332470 	 -2.02295751 	 1.90516039 
21.59999136 	 -2.02002802 	 1.90060341 
21.61665802 	 -2.01774953 	 1.89767392 
21.63332468 	 -2.01482004 	 1.89214044 
21.64999134 	 -2.01156506 	 1.88921095 
21.66665800 	 -2.00863557 	 1.88465397 
21.68332466 	 -2.00603158 	 1.88042249 
21.69999132 	 -2.00245110 	 1.87651651 
21.71665798 	 -1.99887061 	 1.87130853 
21.73332464 	 -1.99626662 	 1.86740254 
21.74999130 	 -1.99236064 	 1.86349656 
21.76665796 	 -1.99008215 	 1.85861408 
21.78332462 	 -1.98585066 	 1.85405710 
21.79999128 	 -1.98227018 	 1.84884912 
21.81665794 	 -1.97901519 	 1.84494314 
21.83332460 	 -1.97478371 	 1.83940966 
21.84999126 	 -1.97055223 	 1.83452718 
21.86665792 	 -1.96762274 	 1.82964470 
21.88332458 	 -1.96274026 	 1.82443672 
21.89999124 	 -1.95818328 	 1.81922874 
21.91665790 	 -1.95460279 	 1.81434626 
21.93332456 	 -1.95069681 	 1.80848729 
21.94999122 	 -1.94581433 	 1.80262831 
21.96665788 	 -1.94223384 	 1.79774583 
21.98332454 	 -1.93735136 	 1.79188685 
21.99999120 	 -1.93279438 	 1.78602788 
22.01665786 	 -1.92823740 	 1.78147090 
22.03332452 	 -1.92368042 	 1.77561192 
22.04999118 	 -1.91944894 	 1.76910195 
22.06665784 	 -1.91456646 	 1.76356847 
22.08332450 	 -1.90968398 	 1.75738399 
22.09999116 	 -1.90480150 	 1.75152502 
22.11665782 	 -1.89959352 	 1.74566604 
22.13332448 	 -1.89536203 	 1.73915607 
22.14999114 	 -1.88950306 	 1.73297159 
22.16665780 	 -1.88494608 	 1.72581062 
22.18332446 	 -1.87908710 	 1.72125364 
22.19999112 	 -1.87420462 	 1.71376717 
22.21665778 	 -1.86802015 	 1.70790820 
22.23332444 	 -1.86248667 	 1.70139822 
22.24999110 	 -1.85727869 	 1.69391175 
22.26665776 	 -1.85207071 	 1.68870378 
22.28332442 	 -1.84621174 	 1.68121731 
22.29999108 	 -1.84002726 	 1.67470733 
22.31665774 	 -1.83384279 	 1.66689537 
22.33332440 	 -1.82928580 	 1.66038539 
22.34999106 	 -1.82277583 	 1.65257342 
22.36665772 	 -1.81659136 	 1.64606345 
22.38332438 	 -1.81073238 	 1.63922798 
22.39999104 	 -1.80389691 	 1.63141601 
22.41665770 	 -1.79836343 	 1.62425504 
22.43332436 	 -1.79250446 	 1.61611757 
22.44999102 	 -1.78501799 	 1.60960760 
22.46665768 	 -1.77915901 	 1.60277213 
22.48332434 	 -1.77232354 	 1.59496016 
22.49999100 	 -1.76581357 	 1.58714819 
22.51665766 	 -1.75897809 	 1.57868523 
22.53332432 	 -1.75214262 	 1.57087326 
22.54999098 	 -1.74595815 	 1.56403779 
22.56665764 	 -1.73847168 	 1.55622582 
22.58332430 	 -1.73228720 	 1.54743736 
22.59999096 	 -1.72447523 	 1.54027638 
22.61665762 	 -1.71829076 	 1.53213892 
22.63332428 	 -1.71015329 	 1.52497795 
22.64999094 	 -1.70396882 	 1.51618948 
22.66665760 	 -1.69680785 	 1.50707552 
22.68332426 	 -1.68932138 	 1.49861256 
22.69999092 	 -1.68183491 	 1.48982409 
22.71665758 	 -1.67369744 	 1.48266312 
22.73332424 	 -1.66686197 	 1.47420016 
22.74999090 	 -1.65937550 	 1.46573719 
22.76665756 	 -1.65188903 	 1.45662323 
22.78332422 	 -1.64440256 	 1.44816026 
22.79999088 	 -1.63691609 	 1.43904630 
22.81665754 	 -1.62845313 	 1.43090883 
22.83332420 	 -1.62064116 	 1.42179487 
22.84999086 	 -1.61282919 	 1.41398290 
22.86665752 	 -1.60469173 	 1.40486894 
22.88332418 	 -1.59655426 	 1.39542948 
22.89999084 	 -1.58841679 	 1.38599002 
22.91665750 	 -1.58060482 	 1.37687605 
22.93332416 	 -1.57246736 	 1.36808759 
22.94999082 	 -1.56498089 	 1.35962463 
22.96665748 	 -1.55619242 	 1.34888317 
22.98332414 	 -1.54740396 	 1.34107120 
22.99999080 	 -1.53894099 	 1.33098074 
23.01665746 	 -1.53080353 	 1.32219228 
23.03332412 	 -1.52234056 	 1.31210182 
23.04999078 	 -1.51322660 	 1.30331336 
23.06665744 	 -1.50443814 	 1.29257190 
23.08332410 	 -1.49597517 	 1.28410893 
23.09999076 	 -1.48718671 	 1.27369298 
23.11665742 	 -1.47774725 	 1.26327702 
23.13332408 	 -1.46928428 	 1.25448856 
23.14999074 	 -1.46114681 	 1.24407260 
23.16665740 	 -1.45105636 	 1.23463314 
23.18332406 	 -1.44259339 	 1.22519368 
23.19999072 	 -1.43347943 	 1.21412672 
23.21665738 	 -1.42403997 	 1.20501276 
23.23332404 	 -1.41525150 	 1.19492230 
23.24999070 	 -1.40678854 	 1.18548284 
23.26665736 	 -1.39637258 	 1.17441588 
23.28332402 	 -1.38660762 	 1.16399993 
23.29999068 	 -1.37749366 	 1.15423497 
23.31665734 	 -1.36870519 	 1.14414451 
23.33332400 	 -1.35861473 	 1.13437955 
23.34999066 	 -1.34917527 	 1.12298709 
23.36665732 	 -1.33908481 	 1.11257114 
23.38332398 	 -1.32997085 	 1.10313168 
23.39999064 	 -1.31988039 	 1.09173922 
23.41665730 	 -1.31011543 	 1.08034677 
23.43332396 	 -1.30067597 	 1.07090731 
23.44999062 	 -1.29091101 	 1.06049135 
23.46665728 	 -1.28114605 	 1.04942440 
23.48332394 	 -1.27040460 	 1.03900844 
23.49999060 	 -1.26096513 	 1.02924348 
23.51665726 	 -1.25054918 	 1.01654903 
23.53332392 	 -1.24045872 	 1.00580758 
23.54999058 	 -1.23036826 	 0.99506612 
23.56665724 	 -1.21995230 	 0.98432466 
23.58332390 	 -1.21051284 	 0.97325771 
23.59999056 	 -1.19977138 	 0.96284175 
23.61665722 	 -1.18935543 	 0.95144930 
23.63332388 	 -1.17926497 	 0.94038234 
23.64999054 	 -1.16819801 	 0.92996639 
23.66665720 	 -1.15875855 	 0.91824843 
23.68332386 	 -1.14704060 	 0.90783248 
23.69999052 	 -1.13727564 	 0.89611452 
23.71665718 	 -1.12685968 	 0.88504757 
23.73332384 	 -1.11579273 	 0.87332962 
23.74999050 	 -1.10472577 	 0.86323916 
23.76665716 	 -1.09463532 	 0.85021921 
23.78332382 	 -1.08356836 	 0.83882676 
23.79999048 	 -1.07315240 	 0.82841080 
23.81665714 	 -1.06175995 	 0.81604185 
23.83332380 	 -1.05134399 	 0.80497490 
23.84999046 	 -1.04060254 	 0.79390794 
23.86665712 	 -1.02953558 	 0.78121350 
23.88332378 	 -1.01879413 	 0.77047204 
23.89999044 	 -1.00707617 	 0.75940509 
23.91665710 	 -0.99600922 	 0.74736163 
23.93332376 	 -0.98526776 	 0.73531818 
23.94999042 	 -0.97387531 	 0.72457673 
23.96665708 	 -0.96248286 	 0.71285878 
23.98332374 	 -0.95141590 	 0.69983883 
23.99999040 	 -0.94067445 	 0.68942287 
24.01665706 	 -0.92928199 	 0.67640293 
24.03332372 	 -0.91821504 	 0.66533597 
24.04999038 	 -0.90682259 	 0.65361802 
24.06665704 	 -0.89510463 	 0.64092357 
24.08332370 	 -0.88306118 	 0.62920562 
24.09999036 	 -0.87231973 	 0.61618567 
24.11665702 	 -0.86060178 	 0.60544422 
24.13332368 	 -0.84920932 	 0.59307527 
24.14999034 	 -0.83749137 	 0.58070632 
24.16665700 	 -0.82577342 	 0.56931386 
24.18332366 	 -0.81535746 	 0.55661942 
24.19999032 	 -0.80331401 	 0.54555246 
24.21665698 	 -0.79127056 	 0.53383451 
24.23332364 	 -0.77987811 	 0.52114006 
24.24999030 	 -0.76685816 	 0.50909661 
24.26665696 	 -0.75611670 	 0.49705316 
24.28332362 	 -0.74472425 	 0.48370772 
24.29999028 	 -0.73300630 	 0.47166426 
24.31665694 	 -0.72063735 	 0.46059731 
24.33332360 	 -0.70859390 	 0.44790286 
24.34999026 	 -0.69752694 	 0.43553391 
24.36665692 	 -0.68580899 	 0.42349046 
24.38332358 	 -0.67344004 	 0.41112151 
24.39999024 	 -0.66139659 	 0.39940356 
24.41665690 	 -0.64935314 	 0.38703461 
24.43332356 	 -0.63730969 	 0.37499116 
24.44999022 	 -0.62526624 	 0.36229671 
24.46665688 	 -0.61289729 	 0.34927677 
24.48332354 	 -0.60117934 	 0.33723332 
24.49999020 	 -0.58913589 	 0.32551536 
24.51665686 	 -0.57709244 	 0.31249542 
24.53332352 	 -0.56439799 	 0.30012647 
24.54999018 	 -0.55300554 	 0.28710652 
24.56665684 	 -0.54063659 	 0.27538857 
24.58332350 	 -0.52859314 	 0.26236862 
24.59999016 	 -0.51622419 	 0.25162717 
24.61665682 	 -0.50385524 	 0.23730523 
24.63332348 	 -0.49148629 	 0.22493628 
24.64999014 	 -0.47944284 	 0.21354382 
24.66665680 	 -0.46707389 	 0.19987288 
24.68332346 	 -0.45503044 	 0.18880592 
24.69999012 	 -0.44233599 	 0.17480948 
24.71665678 	 -0.42996704 	 0.16211503 
24.73332344 	 -0.41824909 	 0.15072258 
24.74999010 	 -0.40490364 	 0.13867913 
24.76665676 	 -0.39383669 	 0.12565918 
24.78332342 	 -0.38081674 	 0.11198824 
24.79999008 	 -0.36779679 	 0.10059579 
24.81665674 	 -0.35607884 	 0.08692484 
24.83332340 	 -0.34338439 	 0.07585789 
24.84999006 	 -0.33101545 	 0.06348894 
24.86665672 	 -0.31832100 	 0.05014349 
24.88332338 	 -0.30660305 	 0.03842554 
24.89999004 	 -0.29423410 	 0.02475460 
24.91665670 	 -0.28219065 	 0.01336214 
24.93332336 	 -0.26884520 	 0.00034220 
24.94999002 	 -0.25680175 	 -0.01235225 
24.96665668 	 -0.24378180 	 -0.02472120 
24.98332334 	 -0.23108736 	 -0.03774115 
24.99999000 	 -0.21871841 	 -0.04945910 
25.01665666 	 -0.20569846 	 -0.06280454 
25.03332332 	 -0.19398051 	 -0.07484800 
25.04998998 	 -0.18063506 	 -0.08819344 
25.06665664 	 -0.16891711 	 -0.09991139 
25.08332330 	 -0.15589716 	 -0.11358234 
25.09998996 	 -0.14320272 	 -0.12464929 
25.11665662 	 -0.13083377 	 -0.13832024 
25.13332328 	 -0.11846482 	 -0.15003819 
25.14998994 	 -0.10544487 	 -0.16240714 
25.16665660 	 -0.09372692 	 -0.17542708 
25.18332326 	 -0.08103247 	 -0.18714504 
25.19998992 	 -0.06768702 	 -0.20114148 
25.21665658 	 -0.05596907 	 -0.21285943 
25.23332324 	 -0.04294913 	 -0.22587938 
25.24998990 	 -0.03090568 	 -0.23759733 
25.26665656 	 -0.01756023 	 -0.25029178 
25.28332322 	 -0.00584228 	 -0.26233523 
25.29998988 	 0.00652667 	 -0.27502968 
25.31665654 	 0.01987212 	 -0.28707313 
25.33332320 	 0.03224107 	 -0.30009307 
25.34998986 	 0.04526101 	 -0.31278752 
25.36665652 	 0.05697896 	 -0.32483097 
25.38332318 	 0.06934791 	 -0.33687442 
25.39998984 	 0.08171686 	 -0.34924337 
25.41665650 	 0.09408581 	 -0.36226332 
25.43332316 	 0.10678026 	 -0.37333027 
25.44998982 	 0.11947471 	 -0.38569922 
25.46665648 	 0.13184366 	 -0.39871917 
25.48332314 	 0.14356161 	 -0.41108812 
25.49998980 	 0.15593056 	 -0.42313157 
25.51665646 	 0.16829951 	 -0.43582602 
25.53332312 	 0.18099396 	 -0.44786947 
25.54998978 	 0.19303741 	 -0.45958742 
25.56665644 	 0.20573185 	 -0.47260737 
25.58332310 	 0.21777531 	 -0.48465082 
25.59998976 	 0.23014425 	 -0.49636877 
25.61665642 	 0.24218771 	 -0.50808672 
25.63332308 	 0.25423116 	 -0.52143217 
25.64998974 	 0.26725110 	 -0.53315012 
25.66665640 	 0.27929455 	 -0.54519357 
25.68332306 	 0.29003601 	 -0.55788802 
25.69998972 	 0.30240496 	 -0.56960597 
25.71665638 	 0.31542490 	 -0.58099842 
25.73332304 	 0.32779385 	 -0.59336737 
25.74998970 	 0.33983730 	 -0.60508532 
25.76665636 	 0.35155526 	 -0.61680327 
25.78332302 	 0.36392421 	 -0.62884672 
25.79998968 	 0.37564216 	 -0.64056468 
25.81665634 	 0.38801111 	 -0.65228263 
25.83332300 	 0.39972906 	 -0.66432608 
25.84998966 	 0.41144701 	 -0.67604403 
25.86665632 	 0.42414146 	 -0.68841298 
25.88332298 	 0.43618491 	 -0.70078193 
25.89998964 	 0.44790286 	 -0.71217438 
25.91665630 	 0.45994631 	 -0.72356684 
25.93332296 	 0.47133877 	 -0.73495929 
25.94998962 	 0.48403321 	 -0.74765374 
25.96665628 	 0.49607666 	 -0.75904619 
25.98332294 	 0.50779462 	 -0.77076414 
25.99998960 	 0.51951257 	 -0.78248210 
26.01665626 	 0.53123052 	 -0.79354905 
26.03332292 	 0.54294847 	 -0.80494150 
26.04998958 	 0.55434093 	 -0.81600846 
26.06665624 	 0.56670987 	 -0.82772641 
26.08332290 	 0.57875333 	 -0.83944436 
26.09998956 	 0.58982028 	 -0.85116231 
26.11665622 	 0.60186373 	 -0.86222927 
26.13332288 	 0.61325618 	 -0.87394722 
26.14998954 	 0.62497414 	 -0.88436318 
26.16665620 	 0.63604109 	 -0.89608113 
26.18332286 	 0.64808454 	 -0.90747358 
26.19998952 	 0.65915150 	 -0.91886604 
26.21665618 	 0.67054395 	 -0.92993299 
26.23332284 	 0.68226190 	 -0.94132544 
26.24998950 	 0.69397985 	 -0.95239240 
26.26665616 	 0.70569781 	 -0.96280836 
26.28332282 	 0.71611376 	 -0.97517731 
26.29998948 	 0.72815721 	 -0.98396577 
26.31665614 	 0.73922417 	 -0.99600922 
26.33332280 	 0.75029112 	 -1.00675068 
26.34998946 	 0.76200907 	 -1.01846863 
26.36665612 	 0.77437802 	 -1.02790809 
26.38332278 	 0.78446848 	 -1.03832405 
26.39998944 	 0.79553544 	 -1.05036750 
26.41665610 	 0.80627689 	 -1.06013246 
26.43332276 	 0.81799485 	 -1.07087391 
26.44998942 	 0.82841080 	 -1.08226637 
26.46665608 	 0.84045425 	 -1.09235683 
26.48332274 	 0.85087021 	 -1.10244728 
26.49998940 	 0.86193716 	 -1.11286324 
26.51665606 	 0.87267862 	 -1.12425569 
26.53332272 	 0.88407107 	 -1.13304416 
26.54998938 	 0.89448703 	 -1.14443661 
26.56665604 	 0.90587948 	 -1.15420157 
26.58332270 	 0.91629544 	 -1.16494303 
26.59998936 	 0.92671140 	 -1.17438249 
26.61665602 	 0.93745286 	 -1.18544944 
26.63332268 	 0.94819431 	 -1.19521440 
26.64998934 	 0.95926127 	 -1.20432837 
26.66665600 	 0.96935172 	 -1.21474432 
26.68332266 	 0.98009318 	 -1.22516028 
26.69998932 	 0.98985814 	 -1.23557624 
26.71665598 	 1.00125059 	 -1.24436470 
26.73332264 	 1.01134105 	 -1.25510616 
26.74998930 	 1.02110601 	 -1.26422012 
26.76665596 	 1.03152197 	 -1.27431058 
26.78332262 	 1.04226343 	 -1.28375004 
26.79998928 	 1.05267938 	 -1.29416600 
26.81665594 	 1.06244434 	 -1.30360546 
26.83332260 	 1.07286030 	 -1.31206842 
26.84998926 	 1.08262526 	 -1.32280988 
26.86665592 	 1.09271572 	 -1.33257484 
26.88332258 	 1.10313168 	 -1.34038681 
26.89998924 	 1.11257114 	 -1.35080277 
26.91665590 	 1.12233610 	 -1.35991673 
26.93332256 	 1.13275205 	 -1.36837969 
26.94998922 	 1.14284251 	 -1.37781916 
26.96665588 	 1.15228197 	 -1.38790961 
26.98332254 	 1.16204693 	 -1.39572158 
26.99998920 	 1.17116090 	 -1.40516104 
27.01665586 	 1.18060036 	 -1.41394951 
27.03332252 	 1.19036532 	 -1.42241247 
27.04998918 	 1.20045578 	 -1.43120094 
27.06665584 	 1.20989524 	 -1.43998940 
27.08332250 	 1.21966020 	 -1.44780137 
27.09998916 	 1.22877416 	 -1.45756633 
27.11665582 	 1.23788812 	 -1.46733129 
27.13332248 	 1.24700209 	 -1.47481776 
27.14998914 	 1.25676705 	 -1.48328072 
27.16665580 	 1.26523001 	 -1.49076719 
27.18332246 	 1.27499497 	 -1.49955566 
27.19998912 	 1.28345794 	 -1.50801862 
27.21665578 	 1.29322290 	 -1.51680709 
27.23332244 	 1.30070937 	 -1.52461905 
27.24998910 	 1.31112532 	 -1.53243102 
27.26665576 	 1.31926279 	 -1.54154498 
27.28332242 	 1.32707476 	 -1.54772946 
27.29998908 	 1.33716522 	 -1.55651792 
27.31665574 	 1.34627918 	 -1.56498089 
27.33332240 	 1.35474215 	 -1.57181636 
27.34998906 	 1.36320511 	 -1.57897733 
27.36665572 	 1.37134258 	 -1.58776579 
27.38332238 	 1.38078204 	 -1.59492677 
27.39998904 	 1.38859401 	 -1.60273873 
27.41665570 	 1.39673147 	 -1.60957421 
27.43332236 	 1.40551994 	 -1.61738617 
27.44998902 	 1.41300641 	 -1.62487264 
27.46665568 	 1.42146937 	 -1.63170811 
27.48332234 	 1.42960684 	 -1.63952008 
27.49998900 	 1.43774430 	 -1.64733205 
27.51665566 	 1.44588177 	 -1.65351653 
27.53332232 	 1.45434474 	 -1.66067750 
27.54998898 	 1.46118021 	 -1.66816397 
27.56665564 	 1.46931768 	 -1.67467394 
27.58332230 	 1.47712964 	 -1.68118391 
27.59998896 	 1.48591811 	 -1.68834488 
27.61665562 	 1.49307908 	 -1.69452936 
27.63332228 	 1.50089105 	 -1.70136483 
27.64998894 	 1.50740102 	 -1.70820030 
27.66665560 	 1.51553849 	 -1.71471027 
27.68332226 	 1.52237396 	 -1.72219674 
27.69998892 	 1.52986043 	 -1.72773022 
27.71665558 	 1.53702140 	 -1.73391470 
27.73332224 	 1.54450787 	 -1.74009917 
27.74998890 	 1.55101784 	 -1.74660914 
27.76665556 	 1.55882981 	 -1.75181712 
27.78332222 	 1.56533978 	 -1.75832710 
27.79998888 	 1.57217525 	 -1.76451157 
27.81665554 	 1.57966172 	 -1.76971955 
27.83332220 	 1.58584620 	 -1.77622952 
27.84998886 	 1.59268167 	 -1.78176300 
27.86665552 	 1.59984264 	 -1.78794747 
27.88332218 	 1.60700361 	 -1.79250446 
27.89998884 	 1.61253709 	 -1.79836343 
27.91665550 	 1.61937256 	 -1.80454791 
27.93332216 	 1.62555704 	 -1.80910489 
27.94998882 	 1.63206701 	 -1.81463836 
27.96665548 	 1.63825148 	 -1.81952084 
27.98332214 	 1.64443596 	 -1.82472882 
27.99998880 	 1.65062043 	 -1.82993680 
28.01665546 	 1.65680491 	 -1.83449378 
28.03332212 	 1.66266388 	 -1.83937626 
28.04998878 	 1.66884836 	 -1.84490974 
28.06665544 	 1.67438184 	 -1.85011772 
28.08332210 	 1.68089181 	 -1.85434920 
28.09998876 	 1.68577429 	 -1.85858068 
28.11665542 	 1.69130777 	 -1.86378866 
28.13332208 	 1.69749224 	 -1.86802015 
28.14998874 	 1.70400221 	 -1.87192613 
28.16665540 	 1.70823370 	 -1.87615761 
28.18332206 	 1.71344167 	 -1.88104009 
28.19998872 	 1.71897515 	 -1.88527158 
28.21665538 	 1.72385763 	 -1.88820106 
28.23332204 	 1.72971661 	 -1.89308354 
28.24998870 	 1.73459909 	 -1.89731503 
28.26665536 	 1.73980707 	 -1.90154651 
28.28332202 	 1.74371305 	 -1.90480150 
28.29998868 	 1.74989753 	 -1.90903298 
28.31665534 	 1.75478001 	 -1.91261346 
28.33332200 	 1.75836049 	 -1.91586845 
28.34998866 	 1.76389397 	 -1.92042543 
28.36665532 	 1.76812545 	 -1.92335492 
28.38332198 	 1.77235693 	 -1.92823740 
28.39998864 	 1.77723941 	 -1.93019039 
28.41665530 	 1.78147090 	 -1.93377088 
28.43332196 	 1.78602788 	 -1.93670036 
28.44998862 	 1.79025936 	 -1.94028085 
28.46665528 	 1.79253785 	 -1.94223384 
28.48332194 	 1.79839683 	 -1.94483783 
28.49998860 	 1.80230281 	 -1.94809282 
28.51665526 	 1.80653429 	 -1.95102231 
28.53332192 	 1.81011478 	 -1.95427729 
28.54998858 	 1.81402076 	 -1.95688128 
28.56665524 	 1.81695025 	 -1.95915977 
28.58332190 	 1.82118173 	 -1.96111276 
28.59998856 	 1.82443672 	 -1.96371675 
28.61665522 	 1.82866820 	 -1.96566975 
28.63332188 	 1.83192319 	 -1.96794824 
28.64998854 	 1.83485268 	 -1.97055223 
28.66665520 	 1.83810766 	 -1.97283072 
28.68332186 	 1.84168815 	 -1.97543471 
28.69998852 	 1.84429214 	 -1.97803870 
28.71665518 	 1.84689613 	 -1.97934069 
28.73332184 	 1.85112761 	 -1.98064268 
28.74998850 	 1.85308060 	 -1.98194468 
28.76665516 	 1.85666109 	 -1.98357217 
28.78332182 	 1.85861408 	 -1.98552516 
28.79998848 	 1.86154357 	 -1.98617616 
28.81665514 	 1.86447306 	 -1.98878015 
28.83332180 	 1.86675155 	 -1.99073314 
28.84998846 	 1.86903004 	 -1.99073314 
28.86665512 	 1.87130853 	 -1.99170964 
28.88332178 	 1.87293602 	 -1.99236064 
28.89998844 	 1.87651651 	 -1.99333713 
28.91665510 	 1.87814400 	 -1.99529012 
28.93332176 	 1.88042249 	 -1.99496463 
28.94998842 	 1.88237548 	 -1.99594112 
28.96665508 	 1.88432847 	 -1.99659212 
28.98332174 	 1.88497947 	 -1.99821961 
28.99998840 	 1.88693246 	 -1.99724312 
29.01665506 	 1.88855996 	 -1.99887061 
29.03332172 	 1.89116395 	 -1.99854511 
29.04998838 	 1.89246594 	 -1.99887061 
29.06665504 	 1.89376794 	 -1.99919611 
29.08332170 	 1.89474443 	 -1.99887061 
29.09998836 	 1.89604643 	 -1.99854511 
29.11665502 	 1.89702292 	 -1.99984711 
29.13332168 	 1.89767392 	 -1.99854511 
29.14998834 	 1.89995241 	 -1.99854511 
29.16665500 	 1.89995241 	 -1.99821961 
29.18332166 	 1.90027791 	 -1.99756862 
29.19998832 	 1.90190540 	 -1.99756862 
29.21665498 	 1.90223090 	 -1.99821961 
29.23332164 	 1.90255640 	 -1.99626662 
29.24998830 	 1.90353290 	 -1.99529012 
29.26665496 	 1.90418389 	 -1.99529012 
29.28332162 	 1.90483489 	 -1.99561562 
29.29998828 	 1.90516039 	 -1.99431363 
29.31665494 	 1.90450939 	 -1.99333713 
29.33332160 	 1.90516039 	 -1.99236064 
29.34998826 	 1.90548589 	 -1.99040764 
29.36665492 	 1.90516039 	 -1.98910565 
29.38332158 	 1.90483489 	 -1.98878015 
29.39998824 	 1.90548589 	 -1.98682716 
29.41665490 	 1.90483489 	 -1.98650166 
29.43332156 	 1.90418389 	 -1.98422317 
29.44998822 	 1.90385839 	 -1.98161918 
29.46665488 	 1.90385839 	 -1.98064268 
29.48332154 	 1.90320740 	 -1.97836419 
29.49998820 	 1.90223090 	 -1.97641120 
29.51665486 	 1.90223090 	 -1.97445821 
29.53332152 	 1.90092891 	 -1.97380721 
29.54998818 	 1.89930141 	 -1.97087772 
29.56665484 	 1.89897591 	 -1.96827374 
29.58332150 	 1.89767392 	 -1.96697174 
29.59998816 	 1.89702292 	 -1.96404225 
29.61665482 	 1.89604643 	 -1.96143826 
29.63332148 	 1.89441893 	 -1.95915977 
29.64998814 	 1.89376794 	 -1.95720678 
29.66665480 	 1.89181494 	 -1.95395179 
29.68332146 	 1.89051295 	 -1.95134780 
29.69998812 	 1.88823446 	 -1.94841832 
29.71665478 	 1.88693246 	 -1.94581433 
29.73332144 	 1.88497947 	 -1.94255934 
29.74998810 	 1.88270098 	 -1.93930435 
29.76665476 	 1.88172449 	 -1.93670036 
29.78332142 	 1.87977149 	 -1.93344538 
29.79998808 	 1.87749300 	 -1.92953939 
29.81665474 	 1.87586551 	 -1.92791190 
29.83332140 	 1.87326152 	 -1.92302942 
29.84998806 	 1.87098303 	 -1.92009993 
29.86665472 	 1.86837904 	 -1.91651945 
29.88332138 	 1.86577505 	 -1.91326446 
29.89998804 	 1.86317106 	 -1.90870748 
29.91665470 	 1.86089257 	 -1.90577799 
29.93332136 	 1.85926508 	 -1.90187201 
29.94998802 	 1.85503359 	 -1.89731503 
29.96665468 	 1.85210411 	 -1.89275804 
29.98332134 	 1.85015111 	 -1.88982856 
29.99998800 	 1.84722163 	 -1.88527158 
30.01665466 	 1.84364114 	 -1.88104009 
30.03332132 	 1.84038615 	 -1.87745961 
30.04998798 	 1.83745667 	 -1.87225163 
30.06665464 	 1.83420168 	 -1.86802015 
30.08332130 	 1.82997020 	 -1.86378866 
30.09998796 	 1.82736621 	 -1.85955718 
30.11665462 	 1.82346022 	 -1.85467470 
30.13332128 	 1.82053074 	 -1.84979222 
30.14998794 	 1.81629925 	 -1.84425874 
30.16665460 	 1.81239327 	 -1.84035276 
30.18332126 	 1.80816179 	 -1.83514478 
30.19998792 	 1.80458130 	 -1.82993680 
30.21665458 	 1.80067532 	 -1.82570532 
30.23332124 	 1.79709483 	 -1.81886985 
30.24998790 	 1.79253785 	 -1.81496386 
30.26665456 	 1.78798087 	 -1.80877939 
30.28332122 	 1.78440038 	 -1.80389691 
30.29998788 	 1.78016890 	 -1.79836343 
30.31665454 	 1.77528642 	 -1.79282995 
30.33332120 	 1.77072944 	 -1.78664548 
30.34998786 	 1.76617246 	 -1.78143750 
30.36665452 	 1.76161548 	 -1.77557853 
30.38332118 	 1.75770949 	 -1.77037055 
30.39998784 	 1.75282701 	 -1.76418607 
30.41665450 	 1.74729354 	 -1.75767610 
30.43332116 	 1.74273655 	 -1.75149162 
30.44998782 	 1.73720308 	 -1.74595815 
30.46665448 	 1.73264610 	 -1.74042467 
30.48332114 	 1.72743812 	 -1.73326370 
30.49998780 	 1.72288114 	 -1.72675373 
30.51665446 	 1.71734766 	 -1.72089475 
30.53332112 	 1.71181418 	 -1.71438478 
30.54998778 	 1.70595521 	 -1.70754930 
30.56665444 	 1.70107273 	 -1.70201583 
30.58332110 	 1.69488825 	 -1.69485486 
30.59998776 	 1.69000577 	 -1.68801938 
30.61665442 	 1.68479779 	 -1.68085841 
30.63332108 	 1.67796232 	 -1.67499944 
30.64998774 	 1.67210334 	 -1.66751297 
30.66665440 	 1.66656987 	 -1.66035200 
30.68332106 	 1.66103639 	 -1.65351653 
30.69998772 	 1.65452642 	 -1.64668105 
30.71665438 	 1.64834194 	 -1.64082208 
30.73332104 	 1.64215747 	 -1.63203361 
30.74998770 	 1.63629849 	 -1.62422165 
30.76665436 	 1.62913752 	 -1.61738617 
30.78332102 	 1.62360404 	 -1.60957421 
30.79998768 	 1.61709407 	 -1.60241323 
30.81665434 	 1.61058410 	 -1.59525226 
30.83332100 	 1.60374862 	 -1.58776579 
30.84998766 	 1.59723865 	 -1.57930283 
30.86665432 	 1.59040318 	 -1.57246736 
30.88332098 	 1.58389321 	 -1.56400439 
30.89998764 	 1.57673224 	 -1.55684342 
30.91665430 	 1.57022226 	 -1.54870595 
30.93332096 	 1.56306129 	 -1.54024299 
30.94998762 	 1.55590032 	 -1.53275652 
30.96665428 	 1.54906485 	 -1.52364256 
30.98332094 	 1.54190388 	 -1.51648159 
30.99998760 	 1.53506841 	 -1.50769312 
31.01665426 	 1.52725644 	 -1.49988115 
31.03332092 	 1.51911897 	 -1.49272018 
31.04998758 	 1.51260900 	 -1.48295522 
31.06665424 	 1.50447153 	 -1.47416676 
31.08332090 	 1.49698506 	 -1.46602929 
31.09998756 	 1.48917309 	 -1.45724083 
31.11665422 	 1.48233762 	 -1.44845237 
31.13332088 	 1.47452565 	 -1.44064040 
31.14998754 	 1.46703918 	 -1.43152644 
31.16665420 	 1.45825072 	 -1.42241247 
31.18332086 	 1.45108975 	 -1.41329851 
31.19998752 	 1.44230129 	 -1.40451005 
31.21665418 	 1.43514032 	 -1.39539608 
31.23332084 	 1.42700285 	 -1.38693312 
31.24998750 	 1.41821438 	 -1.37749366 
31.26665416 	 1.41040242 	 -1.36935619 
31.28332082 	 1.40259045 	 -1.35894023 
31.29998748 	 1.39380199 	 -1.34950077 
31.31665414 	 1.38533902 	 -1.34071231 
31.33332080 	 1.37687605 	 -1.33192384 
31.34998746 	 1.36841309 	 -1.32215888 
31.36665412 	 1.36060112 	 -1.31304492 
31.38332078 	 1.35083616 	 -1.30327996 
31.39998744 	 1.34269869 	 -1.29351500 
31.41665410 	 1.33456123 	 -1.28342454 
31.43332076 	 1.32544727 	 -1.27333408 
31.44998742 	 1.31633330 	 -1.26389462 
31.46665408 	 1.30754484 	 -1.25478066 
31.48332074 	 1.29810538 	 -1.24501570 
31.49998740 	 1.29061891 	 -1.23622724 
31.51665406 	 1.28052845 	 -1.22548578 
31.53332072 	 1.27141449 	 -1.21572082 
31.54998738 	 1.26197503 	 -1.20465386 
31.56665404 	 1.25286106 	 -1.19521440 
31.58332070 	 1.24342160 	 -1.18512395 
31.59998736 	 1.23430764 	 -1.17470799 
31.61665402 	 1.22421718 	 -1.16526853 
31.63332068 	 1.21542872 	 -1.15387607 
31.64998734 	 1.20598925 	 -1.14443661 
31.66665400 	 1.19687529 	 -1.13336966 
31.68332066 	 1.18678483 	 -1.12295370 
31.69998732 	 1.17734537 	 -1.11253774 
31.71665398 	 1.16790591 	 -1.10212179 
31.73332064 	 1.15781545 	 -1.09170583 
31.74998730 	 1.14707400 	 -1.08161537 
31.76665396 	 1.13796003 	 -1.07054841 
31.78332062 	 1.12786957 	 -1.06045796 
31.79998728 	 1.11843011 	 -1.04906550 
31.81665394 	 1.10833966 	 -1.03930054 
31.83332060 	 1.09824920 	 -1.02790809 
31.84998726 	 1.08848424 	 -1.01749213 
31.86665392 	 1.07806828 	 -1.00609968 
31.88332058 	 1.06797782 	 -0.99600922 
31.89998724 	 1.05853836 	 -0.98559326 
31.91665390 	 1.04779690 	 -0.97452631 
31.93332056 	 1.03672995 	 -0.96215736 
31.94998722 	 1.02729049 	 -0.95141590 
31.96665388 	 1.01687453 	 -0.94067445 
31.98332054 	 1.00645857 	 -0.93025849 
31.99998720 	 0.99571712 	 -0.91919153 
32.01665386 	 0.98530116 	 -0.90779908 
32.03332052 	 0.97521070 	 -0.89640663 
32.04998718 	 0.96414375 	 -0.88533967 
32.06665384 	 0.95405329 	 -0.87297072 
32.08332050 	 0.94233534 	 -0.86222927 
32.09998716 	 0.93191938 	 -0.85018582 
32.11665382 	 0.92085242 	 -0.83944436 
32.13332048 	 0.91043647 	 -0.82805191 
32.14998714 	 0.89969501 	 -0.81665946 
32.16665380 	 0.88862806 	 -0.80526700 
32.18332046 	 0.87821210 	 -0.79452555 
32.19998712 	 0.86747064 	 -0.78248210 
32.21665378 	 0.85640369 	 -0.77141514 
32.23332044 	 0.84436024 	 -0.75774420 
32.24998710 	 0.83394428 	 -0.74765374 
32.26665376 	 0.82157533 	 -0.73528479 
32.28332042 	 0.81148487 	 -0.72324134 
32.29998708 	 0.80106891 	 -0.71217438 
32.31665374 	 0.78869997 	 -0.70045643 
32.33332040 	 0.77795851 	 -0.68873848 
32.34998706 	 0.76591506 	 -0.67702053 
32.36665372 	 0.75582460 	 -0.66432608 
32.38332038 	 0.74345565 	 -0.65293363 
32.39998704 	 0.73303969 	 -0.64154117 
32.41665370 	 0.72164724 	 -0.62949772 
32.43332036 	 0.70992929 	 -0.61680327 
32.44998702 	 0.69821134 	 -0.60606182 
32.46665368 	 0.68681888 	 -0.59369287 
32.48332034 	 0.67477543 	 -0.58132392 
32.49998700 	 0.66338298 	 -0.56862947 
32.51665366 	 0.65264152 	 -0.55723702 
32.53332032 	 0.64027257 	 -0.54584457 
32.54998698 	 0.62855462 	 -0.53184812 
32.56665364 	 0.61651117 	 -0.52110667 
32.58332030 	 0.60544422 	 -0.50906322 
32.59998696 	 0.59470276 	 -0.49701977 
32.61665362 	 0.58200831 	 -0.48530181 
32.63332028 	 0.57061586 	 -0.47228187 
32.64998694 	 0.55857241 	 -0.45991292 
32.66665360 	 0.54652896 	 -0.44819497 
32.68332026 	 0.53416001 	 -0.43484952 
32.69998692 	 0.52276756 	 -0.42378257 
32.71665358 	 0.51072410 	 -0.41173911 
32.73332024 	 0.49933165 	 -0.39871917 
32.74998690 	 0.48663720 	 -0.38732671 
32.76665356 	 0.47589575 	 -0.37333027 
32.78332022 	 0.46352680 	 -0.36096132 
32.79998688 	 0.45115785 	 -0.34989437 
32.81665354 	 0.43846340 	 -0.33719992 
32.83332020 	 0.42707095 	 -0.32483097 
32.84998686 	 0.41405100 	 -0.31311302 
32.86665352 	 0.40200755 	 -0.29976757 
32.88332018 	 0.39061510 	 -0.28772412 
32.89998684 	 0.37792065 	 -0.27470418 
32.91665350 	 0.36620270 	 -0.26298622 
32.93332016 	 0.35383375 	 -0.25029178 
32.94998682 	 0.34179030 	 -0.23792283 
32.96665348 	 0.32942135 	 -0.22490288 
32.98332014 	 0.31737790 	 -0.21253393 
32.99998680 	 0.30533445 	 -0.19983948 
33.01665346 	 0.29231450 	 -0.18779603 
33.03332012 	 0.28059655 	 -0.17542708 
33.04998678 	 0.26855310 	 -0.16338363 
33.06665344 	 0.25553315 	 -0.15036369 
33.08332010 	 0.24348970 	 -0.13864573 
33.09998676 	 0.23112075 	 -0.12562579 
33.11665342 	 0.21907730 	 -0.11195484 
33.13332008 	 0.20638285 	 -0.09958589 
33.14998674 	 0.19303741 	 -0.08689145 
33.16665340 	 0.18197045 	 -0.07614999 
33.18332006 	 0.16895051 	 -0.06215355 
33.19998672 	 0.15658156 	 -0.04945910 
33.21665338 	 0.14486360 	 -0.03676465 
33.23332004 	 0.13151816 	 -0.02504670 
33.24998670 	 0.11947471 	 -0.01235225 
33.26665336 	 0.10743126 	 -0.01202675 
33.28332002 	 0.09668980 	 -0.01267775 
33.29998668 	 0.08497185 	 -0.01300325 
33.31665334 	 0.07455589 	 -0.01235225 
