time (s) 	 Output Voltage(v) 	 Input Voltage(v)
0.00000000 	 0.22763432 	 0.07444388 
0.00500000 	 0.24321301 	 0.07898766 
0.01000000 	 0.25651981 	 0.08385600 
0.01500000 	 0.27242305 	 0.08937345 
0.02000000 	 0.28735263 	 0.09424179 
0.02500000 	 0.30390498 	 0.10040836 
0.03000000 	 0.31883456 	 0.10462759 
0.03500000 	 0.33343958 	 0.10917137 
0.04000000 	 0.34772005 	 0.11468882 
0.04500000 	 0.36329874 	 0.11955716 
0.05000000 	 0.37887743 	 0.12475006 
0.05500000 	 0.39575434 	 0.12896929 
0.06000000 	 0.41068392 	 0.13481130 
0.06500000 	 0.42496438 	 0.13967964 
0.07000000 	 0.44151674 	 0.14422342 
0.07500000 	 0.45482353 	 0.14974087 
0.08000000 	 0.47007767 	 0.15428466 
0.08500000 	 0.48630547 	 0.15850389 
0.09000000 	 0.50285783 	 0.16434589 
0.09500000 	 0.51778740 	 0.16953879 
0.10000000 	 0.53044509 	 0.17375802 
0.10500000 	 0.54667289 	 0.17927547 
0.11000000 	 0.56160247 	 0.18381926 
0.11500000 	 0.57718115 	 0.18966126 
0.12000000 	 0.59275984 	 0.19388049 
0.12500000 	 0.60704031 	 0.19842428 
0.13000000 	 0.62132077 	 0.20394173 
0.13500000 	 0.63819769 	 0.20945918 
0.14000000 	 0.65280271 	 0.21530119 
0.14500000 	 0.66870595 	 0.21887131 
0.15000000 	 0.68428464 	 0.22406420 
0.15500000 	 0.69953878 	 0.22990621 
0.16000000 	 0.71414380 	 0.23445000 
0.16500000 	 0.72972249 	 0.23931834 
0.17000000 	 0.74335384 	 0.24418668 
0.17500000 	 0.75893253 	 0.25002868 
0.18000000 	 0.77483577 	 0.25489702 
0.18500000 	 0.78944079 	 0.25944081 
0.19000000 	 0.80566859 	 0.26398459 
0.19500000 	 0.82059817 	 0.26950205 
0.20000000 	 0.83552775 	 0.27437039 
0.20500000 	 0.85175555 	 0.27923873 
0.21000000 	 0.86603601 	 0.28378251 
0.21500000 	 0.88226382 	 0.28994908 
0.22000000 	 0.89751795 	 0.29449286 
0.22500000 	 0.91277208 	 0.30001031 
0.23000000 	 0.92705255 	 0.30422954 
0.23500000 	 0.94328035 	 0.30942244 
0.24000000 	 0.95820992 	 0.31461533 
0.24500000 	 0.97054305 	 0.31883456 
0.25000000 	 0.98774452 	 0.32402746 
0.25500000 	 1.00397232 	 0.32857124 
0.26000000 	 1.01922646 	 0.33538692 
0.26500000 	 1.03350692 	 0.33993070 
0.27000000 	 1.04811194 	 0.34382537 
0.27500000 	 1.06563797 	 0.34999194 
0.28000000 	 1.07926932 	 0.35421117 
0.28500000 	 1.09419890 	 0.36037773 
0.29000000 	 1.10912847 	 0.36427240 
0.29500000 	 1.12632994 	 0.36946530 
0.30000000 	 1.13996130 	 0.37465820 
0.30500000 	 1.15651365 	 0.37952654 
0.31000000 	 1.17209234 	 0.38471943 
0.31500000 	 1.18604825 	 0.38926322 
0.32000000 	 1.20260061 	 0.39478067 
0.32500000 	 1.21688107 	 0.39997357 
0.33000000 	 1.23181065 	 0.40549102 
0.33500000 	 1.24803845 	 0.41035936 
0.34000000 	 1.26199436 	 0.41522770 
0.34500000 	 1.27789761 	 0.41912237 
0.35000000 	 1.29185352 	 0.42463982 
0.35500000 	 1.30678309 	 0.42983272 
0.36000000 	 1.32203723 	 0.43437651 
0.36500000 	 1.33664225 	 0.44021851 
0.37000000 	 1.35319460 	 0.44476230 
0.37500000 	 1.36812418 	 0.45060431 
0.38000000 	 1.38467654 	 0.45449898 
0.38500000 	 1.39993067 	 0.45969187 
0.39000000 	 1.41291291 	 0.46423566 
0.39500000 	 1.43011438 	 0.47007767 
0.40000000 	 1.44536851 	 0.47559512 
0.40500000 	 1.46256998 	 0.47948979 
0.41000000 	 1.47490311 	 0.48468269 
0.41500000 	 1.49113091 	 0.48987558 
0.42000000 	 1.50443771 	 0.49409481 
0.42500000 	 1.51904273 	 0.49961227 
0.43000000 	 1.53462142 	 0.50480516 
0.43500000 	 1.55182289 	 0.51032261 
0.44000000 	 1.56675247 	 0.51486640 
0.44500000 	 1.58103293 	 0.51908563 
0.45000000 	 1.59790984 	 0.52460308 
0.45500000 	 1.61186575 	 0.52914686 
0.46000000 	 1.62776900 	 0.53401520 
0.46500000 	 1.64432135 	 0.54050632 
0.47000000 	 1.65665448 	 0.54472555 
0.47500000 	 1.67288228 	 0.55024300 
0.48000000 	 1.68781186 	 0.55446223 
0.48500000 	 1.70306599 	 0.55965513 
0.49000000 	 1.71864468 	 0.56484803 
0.49500000 	 1.73584615 	 0.56939181 
0.50000000 	 1.74915295 	 0.57588293 
0.50500000 	 1.76505620 	 0.57880393 
0.51000000 	 1.77803844 	 0.58561961 
0.51500000 	 1.79556446 	 0.58918973 
0.52000000 	 1.81081859 	 0.59438262 
0.52500000 	 1.82607273 	 0.60022463 
0.53000000 	 1.84100230 	 0.60541753 
0.53500000 	 1.85528277 	 0.61028587 
0.54000000 	 1.86956323 	 0.61482965 
0.54500000 	 1.88546648 	 0.61904888 
0.55000000 	 1.90299250 	 0.62554000 
0.55500000 	 1.91629930 	 0.62943467 
0.56000000 	 1.93285166 	 0.63495213 
0.56500000 	 1.94875490 	 0.64046958 
0.57000000 	 1.96206170 	 0.64436425 
0.57500000 	 1.97666672 	 0.64890804 
0.58000000 	 1.99224541 	 0.65507460 
0.58500000 	 2.00847321 	 0.65994294 
0.59000000 	 2.02372734 	 0.66481128 
0.59500000 	 2.03833237 	 0.66935506 
0.60000000 	 2.05293739 	 0.67519707 
0.60500000 	 2.07078797 	 0.68006541 
0.61000000 	 2.08506843 	 0.68525831 
0.61500000 	 2.09967345 	 0.68980209 
0.62000000 	 2.11557670 	 0.69467043 
0.62500000 	 2.13083083 	 0.69986333 
0.63000000 	 2.14576041 	 0.70505623 
0.63500000 	 2.16133910 	 0.70960001 
0.64000000 	 2.17529501 	 0.71511746 
0.64500000 	 2.19184736 	 0.72095947 
0.65000000 	 2.20645238 	 0.72485414 
0.65500000 	 2.22040829 	 0.73004704 
0.66000000 	 2.23663609 	 0.73491538 
0.66500000 	 2.25416212 	 0.74043283 
0.67000000 	 2.26714436 	 0.74530117 
0.67500000 	 2.28077571 	 0.74919585 
0.68000000 	 2.29732807 	 0.75536241 
0.68500000 	 2.31388043 	 0.76023075 
0.69000000 	 2.32848545 	 0.76574820 
0.69500000 	 2.34373958 	 0.77029199 
0.70000000 	 2.35769549 	 0.77548488 
0.70500000 	 2.37489696 	 0.78002867 
0.71000000 	 2.38852831 	 0.78554612 
0.71500000 	 2.40443156 	 0.79073902 
0.72000000 	 2.41806291 	 0.79528280 
0.72500000 	 2.43526438 	 0.80080025 
0.73000000 	 2.45019396 	 0.80631771 
0.73500000 	 2.46479898 	 0.81053693 
0.74000000 	 2.47972856 	 0.81605439 
0.74500000 	 2.49433358 	 0.81994906 
0.75000000 	 2.51088593 	 0.82481740 
0.75500000 	 2.52646462 	 0.83065941 
0.76000000 	 2.54171876 	 0.83552775 
0.76500000 	 2.55567466 	 0.84039609 
0.77000000 	 2.57190247 	 0.84591354 
0.77500000 	 2.58715660 	 0.85110644 
0.78000000 	 2.60241073 	 0.85532567 
0.78500000 	 2.61636664 	 0.86116767 
0.79000000 	 2.63194533 	 0.86538690 
0.79500000 	 2.64849769 	 0.87057980 
0.80000000 	 2.66310271 	 0.87512358 
0.80500000 	 2.67738317 	 0.87999192 
0.81000000 	 2.69458464 	 0.88583393 
0.81500000 	 2.70854055 	 0.89005316 
0.82000000 	 2.72411924 	 0.89492150 
0.82500000 	 2.73775059 	 0.90011440 
0.83000000 	 2.75430295 	 0.90530729 
0.83500000 	 2.77150442 	 0.91114930 
0.84000000 	 2.78578488 	 0.91666675 
0.84500000 	 2.80071446 	 0.92023687 
0.85000000 	 2.81531948 	 0.92607888 
0.85500000 	 2.83154728 	 0.93029811 
0.86000000 	 2.84615230 	 0.93614012 
0.86500000 	 2.86010821 	 0.94035934 
0.87000000 	 2.87568690 	 0.94522768 
0.87500000 	 2.89061648 	 0.95042058 
0.88000000 	 2.90619517 	 0.95463981 
0.88500000 	 2.92112475 	 0.96015726 
0.89000000 	 2.93767710 	 0.96599927 
0.89500000 	 2.95130846 	 0.97119217 
0.90000000 	 2.96623803 	 0.97508684 
0.90500000 	 2.98246583 	 0.98060429 
0.91000000 	 2.99869363 	 0.98579719 
0.91500000 	 3.01427232 	 0.99001641 
0.92000000 	 3.02887734 	 0.99553387 
0.92500000 	 3.04283325 	 1.00072676 
0.93000000 	 3.05776283 	 1.00559510 
0.93500000 	 3.07334152 	 1.01013889 
0.94000000 	 3.09054299 	 1.01630545 
0.94500000 	 3.10384979 	 1.02117379 
0.95000000 	 3.12007759 	 1.02474391 
0.95500000 	 3.13565628 	 1.03058592 
0.96000000 	 3.15058585 	 1.03577881 
0.96500000 	 3.16454176 	 1.04097171 
0.97000000 	 3.18174323 	 1.04486638 
0.97500000 	 3.19602370 	 1.05135750 
0.98000000 	 3.21160238 	 1.05590129 
0.98500000 	 3.22718107 	 1.06044507 
0.99000000 	 3.24081243 	 1.06563797 
0.99500000 	 3.25704023 	 1.07115542 
1.00000000 	 3.27229436 	 1.07569920 
1.00500000 	 3.28592571 	 1.08089210 
1.01000000 	 3.30312718 	 1.08640955 
1.01500000 	 3.31805676 	 1.09127789 
1.02000000 	 3.33266178 	 1.09582168 
1.02500000 	 3.34726680 	 1.10036546 
1.03000000 	 3.36349460 	 1.10523380 
1.03500000 	 3.37874874 	 1.11140037 
1.04000000 	 3.39497654 	 1.11594415 
1.04500000 	 3.40730967 	 1.11983882 
1.05000000 	 3.42353747 	 1.12568083 
1.05500000 	 3.43879160 	 1.13054917 
1.06000000 	 3.45469485 	 1.13541751 
1.06500000 	 3.47027353 	 1.14093496 
1.07000000 	 3.48585222 	 1.14580331 
1.07500000 	 3.50175547 	 1.15067165 
1.08000000 	 3.51571138 	 1.15586454 
1.08500000 	 3.53031640 	 1.16040833 
1.09000000 	 3.54621964 	 1.16560122 
1.09500000 	 3.56212289 	 1.17014501 
1.10000000 	 3.57575424 	 1.17598702 
1.10500000 	 3.59165749 	 1.18053080 
1.11000000 	 3.60626251 	 1.18572370 
1.11500000 	 3.62313942 	 1.19124115 
1.12000000 	 3.63839355 	 1.19546038 
1.12500000 	 3.65364769 	 1.20065327 
1.13000000 	 3.66792815 	 1.20584617 
1.13500000 	 3.68318228 	 1.21103907 
1.14000000 	 3.69811186 	 1.21590741 
1.14500000 	 3.71466422 	 1.22110030 
1.15000000 	 3.72829557 	 1.22531953 
1.15500000 	 3.74419882 	 1.23148609 
1.16000000 	 3.75977751 	 1.23538077 
1.16500000 	 3.77503164 	 1.24154733 
1.17000000 	 3.79061033 	 1.24609112 
1.17500000 	 3.80359257 	 1.25095946 
1.18000000 	 3.82014493 	 1.25615235 
1.18500000 	 3.83507450 	 1.26102069 
1.19000000 	 3.84935497 	 1.26556448 
1.19500000 	 3.86590733 	 1.27043282 
1.20000000 	 3.87986323 	 1.27562571 
1.20500000 	 3.89803837 	 1.28146772 
1.21000000 	 3.91134517 	 1.28568695 
1.21500000 	 3.92757297 	 1.29023073 
1.22000000 	 3.94282710 	 1.29607274 
1.22500000 	 3.95645846 	 1.30029197 
1.23000000 	 3.97203714 	 1.30580942 
1.23500000 	 3.98794039 	 1.31132688 
1.24000000 	 4.00286997 	 1.31587066 
1.24500000 	 4.01877321 	 1.32106356 
1.25000000 	 4.03240456 	 1.32593190 
1.25500000 	 4.04765870 	 1.33144935 
1.26000000 	 4.06356194 	 1.33599313 
1.26500000 	 4.07881608 	 1.34086147 
1.27000000 	 4.09309654 	 1.34540526 
1.27500000 	 4.11029801 	 1.35124727 
1.28000000 	 4.12490303 	 1.35708928 
1.28500000 	 4.14113083 	 1.36098395 
1.29000000 	 4.15508674 	 1.36682596 
1.29500000 	 4.17001632 	 1.37136974 
1.30000000 	 4.18591956 	 1.37721175 
1.30500000 	 4.20149825 	 1.38078187 
1.31000000 	 4.21707694 	 1.38694843 
1.31500000 	 4.23038374 	 1.39084310 
1.32000000 	 4.24693609 	 1.39668511 
1.32500000 	 4.26251478 	 1.40155345 
1.33000000 	 4.27744436 	 1.40642179 
1.33500000 	 4.29237394 	 1.41226380 
1.34000000 	 4.30827718 	 1.41615847 
1.34500000 	 4.32255765 	 1.42070226 
1.35000000 	 4.33683811 	 1.42686882 
1.35500000 	 4.35274136 	 1.43141260 
1.36000000 	 4.36864460 	 1.43693006 
1.36500000 	 4.38324962 	 1.44147384 
1.37000000 	 4.39882831 	 1.44634218 
1.37500000 	 4.41473156 	 1.45218419 
1.38000000 	 4.42966114 	 1.45672797 
1.38500000 	 4.44459071 	 1.46159631 
1.39000000 	 4.46049396 	 1.46711377 
1.39500000 	 4.47542353 	 1.47165755 
1.40000000 	 4.49035311 	 1.47652589 
1.40500000 	 4.50463358 	 1.48139423 
1.41000000 	 4.52021227 	 1.48593802 
1.41500000 	 4.53481729 	 1.49080636 
1.42000000 	 4.55039598 	 1.49664836 
1.42500000 	 4.56662378 	 1.50151671 
1.43000000 	 4.58122880 	 1.50606049 
1.43500000 	 4.59550926 	 1.51125339 
1.44000000 	 4.61238618 	 1.51612173 
1.44500000 	 4.62796486 	 1.52163918 
1.45000000 	 4.64289444 	 1.52585841 
1.45500000 	 4.65749946 	 1.53170042 
1.46000000 	 4.67113082 	 1.53624420 
1.46500000 	 4.68833228 	 1.54111254 
1.47000000 	 4.70358642 	 1.54662999 
1.47500000 	 4.71819144 	 1.55052466 
1.48000000 	 4.73344557 	 1.55636667 
1.48500000 	 4.74934882 	 1.56123501 
1.49000000 	 4.76525206 	 1.56642791 
1.49500000 	 4.77661152 	 1.57129625 
1.50000000 	 4.79413755 	 1.57616459 
1.50500000 	 4.81068991 	 1.58200660 
1.51000000 	 4.82497037 	 1.58687494 
1.51500000 	 4.84087362 	 1.59174328 
1.52000000 	 4.85547864 	 1.59498884 
1.52500000 	 4.87138188 	 1.60212907 
1.53000000 	 4.88696057 	 1.60732197 
1.53500000 	 4.90189015 	 1.61154120 
1.54000000 	 4.91746884 	 1.61640954 
1.54500000 	 4.93207386 	 1.62062877 
1.55000000 	 4.94765255 	 1.62614622 
1.55500000 	 4.96095934 	 1.63198823 
1.56000000 	 4.97523981 	 1.63653201 
1.56500000 	 4.99244128 	 1.64107579 
1.57000000 	 5.00672174 	 1.64594414 
1.57500000 	 5.02230043 	 1.65146159 
1.58000000 	 5.03690545 	 1.65568082 
1.58500000 	 5.05378237 	 1.66249649 
1.59000000 	 5.06806283 	 1.66671572 
1.59500000 	 5.08429063 	 1.67158406 
1.60000000 	 5.09889565 	 1.67645240 
1.60500000 	 5.11382523 	 1.68132074 
1.61000000 	 5.12843025 	 1.68683819 
1.61500000 	 5.14303527 	 1.69203109 
1.62000000 	 5.15828940 	 1.69625032 
1.62500000 	 5.17484176 	 1.70176777 
1.63000000 	 5.19042045 	 1.70533789 
1.63500000 	 5.20405180 	 1.71247812 
1.64000000 	 5.22027960 	 1.71702190 
1.64500000 	 5.23618285 	 1.72156569 
1.65000000 	 5.24948965 	 1.72643403 
1.65500000 	 5.26831390 	 1.73130237 
1.66000000 	 5.28162069 	 1.73649527 
1.66500000 	 5.29687483 	 1.74201272 
1.67000000 	 5.31277807 	 1.74688106 
1.67500000 	 5.32770765 	 1.75239851 
1.68000000 	 5.34231267 	 1.75661774 
1.68500000 	 5.35886503 	 1.76181063 
1.69000000 	 5.37379460 	 1.76635442 
1.69500000 	 5.38839962 	 1.77154732 
1.70000000 	 5.40430287 	 1.77738932 
1.70500000 	 5.41760967 	 1.78225766 
1.71000000 	 5.43383747 	 1.78712600 
1.71500000 	 5.44909160 	 1.79166979 
1.72000000 	 5.46434573 	 1.79653813 
1.72500000 	 5.47959987 	 1.80205558 
1.73000000 	 5.49647678 	 1.80692392 
1.73500000 	 5.51075724 	 1.81211682 
1.74000000 	 5.52568682 	 1.81633605 
1.74500000 	 5.54094095 	 1.82120439 
1.75000000 	 5.55424775 	 1.82704640 
1.75500000 	 5.57144922 	 1.83159018 
1.76000000 	 5.58670335 	 1.83710763 
1.76500000 	 5.60098382 	 1.84165142 
1.77000000 	 5.61591340 	 1.84716887 
1.77500000 	 5.63116753 	 1.85236176 
1.78000000 	 5.64642166 	 1.85625644 
1.78500000 	 5.66200035 	 1.86209845 
1.79000000 	 5.67855271 	 1.86729134 
1.79500000 	 5.69283317 	 1.87151057 
1.80000000 	 5.70711364 	 1.87637891 
1.80500000 	 5.72204321 	 1.88189636 
1.81000000 	 5.73729735 	 1.88676470 
1.81500000 	 5.75547248 	 1.89098393 
1.82000000 	 5.76910384 	 1.89682594 
1.82500000 	 5.78370886 	 1.90234339 
1.83000000 	 5.79669110 	 1.90688718 
1.83500000 	 5.81356801 	 1.91208007 
1.84000000 	 5.82817303 	 1.91727297 
1.84500000 	 5.84342717 	 1.92181675 
1.85000000 	 5.85997952 	 1.92603598 
1.85500000 	 5.87555821 	 1.93155343 
1.86000000 	 5.89048779 	 1.93674633 
1.86500000 	 5.90509281 	 1.94161467 
1.87000000 	 5.92067150 	 1.94713212 
1.87500000 	 5.93560108 	 1.95200046 
1.88000000 	 5.95085521 	 1.95816703 
1.88500000 	 5.96643390 	 1.96173714 
1.89000000 	 5.98103892 	 1.96660548 
1.89500000 	 5.99759128 	 1.97244749 
1.90000000 	 6.01154719 	 1.97731583 
1.90500000 	 6.02745043 	 1.98315784 
1.91000000 	 6.04140634 	 1.98737707 
1.91500000 	 6.05666047 	 1.99159630 
1.92000000 	 6.07223916 	 1.99711375 
1.92500000 	 6.08911608 	 2.00198209 
1.93000000 	 6.10307198 	 2.00620132 
1.93500000 	 6.11832612 	 2.01236788 
1.94000000 	 6.13358025 	 2.01723622 
1.94500000 	 6.15013261 	 2.02242912 
1.95000000 	 6.16343940 	 2.02697290 
1.95500000 	 6.17901809 	 2.03216580 
1.96000000 	 6.19557045 	 2.03768325 
1.96500000 	 6.20985092 	 2.04287615 
1.97000000 	 6.22575416 	 2.04741993 
1.97500000 	 6.24100829 	 2.05228827 
1.98000000 	 6.25463965 	 2.05748117 
1.98500000 	 6.27021834 	 2.06202496 
1.99000000 	 6.28384969 	 2.06721785 
1.99500000 	 6.29975293 	 2.07176164 
2.00000000 	 6.31565618 	 2.07760364 
2.00500000 	 6.33253309 	 2.08214743 
2.01000000 	 6.34551533 	 2.08701577 
2.01500000 	 6.36206769 	 2.09220867 
2.02000000 	 6.37667271 	 2.09675245 
2.02500000 	 6.39192684 	 2.10259446 
2.03000000 	 6.40815465 	 2.10713824 
2.03500000 	 6.42308422 	 2.11168203 
2.04000000 	 6.43801380 	 2.11687492 
2.04500000 	 6.45359249 	 2.12174326 
2.05000000 	 6.46592562 	 2.12693616 
2.05500000 	 6.48377620 	 2.13277817 
2.06000000 	 6.50000400 	 2.13764651 
2.06500000 	 6.51395991 	 2.14251485 
2.07000000 	 6.52856493 	 2.14673408 
2.07500000 	 6.54609095 	 2.15160242 
2.08000000 	 6.56102053 	 2.15711987 
2.08500000 	 6.57497644 	 2.16166365 
2.09000000 	 6.59055513 	 2.16718111 
2.09500000 	 6.60645837 	 2.17237400 
2.10000000 	 6.62106340 	 2.17756690 
2.10500000 	 6.63566842 	 2.18178613 
2.11000000 	 6.65124711 	 2.18762814 
2.11500000 	 6.66617668 	 2.19184736 
2.12000000 	 6.67980804 	 2.19639115 
2.12500000 	 6.69636039 	 2.20158404 
2.13000000 	 6.71323731 	 2.20775061 
2.13500000 	 6.72557043 	 2.21132073 
2.14000000 	 6.74212279 	 2.21781185 
2.14500000 	 6.75802604 	 2.22235563 
2.15000000 	 6.77263106 	 2.22754853 
2.15500000 	 6.78593785 	 2.23274142 
2.16000000 	 6.80346388 	 2.23728521 
2.16500000 	 6.81806890 	 2.24312722 
2.17000000 	 6.83267392 	 2.24799556 
2.17500000 	 6.84922628 	 2.25156567 
2.18000000 	 6.86318219 	 2.25708312 
2.18500000 	 6.87876088 	 2.26227602 
2.19000000 	 6.89433957 	 2.26714436 
2.19500000 	 6.90829547 	 2.27233726 
2.20000000 	 6.92647061 	 2.27753015 
2.20500000 	 6.93945285 	 2.28207394 
2.21000000 	 6.95568065 	 2.28726683 
2.21500000 	 6.96963656 	 2.29213517 
2.22000000 	 6.98586436 	 2.29732807 
2.22500000 	 7.00046939 	 2.30154730 
2.23000000 	 7.01507441 	 2.30771386 
2.23500000 	 7.03227588 	 2.31128398 
2.24000000 	 7.04590723 	 2.31712599 
2.24500000 	 7.06245959 	 2.32166977 
2.25000000 	 7.07738916 	 2.32816089 
2.25500000 	 7.09231874 	 2.33238012 
2.26000000 	 7.10659920 	 2.33692391 
2.26500000 	 7.12185334 	 2.34211680 
2.27000000 	 7.13808114 	 2.34730970 
2.27500000 	 7.15106338 	 2.35185348 
2.28000000 	 7.16858940 	 2.35704638 
2.28500000 	 7.18286987 	 2.36256383 
2.29000000 	 7.19844856 	 2.36743217 
2.29500000 	 7.21467636 	 2.37294962 
2.30000000 	 7.22895682 	 2.37749341 
2.30500000 	 7.24453551 	 2.38138808 
2.31000000 	 7.25946509 	 2.38723009 
2.31500000 	 7.27601745 	 2.39242299 
2.32000000 	 7.29029791 	 2.39696677 
2.32500000 	 7.30425382 	 2.40118600 
2.33000000 	 7.31983251 	 2.40735256 
2.33500000 	 7.33638487 	 2.41222090 
2.34000000 	 7.35131444 	 2.41676469 
2.34500000 	 7.36624402 	 2.42195758 
2.35000000 	 7.38149815 	 2.42682592 
2.35500000 	 7.39805051 	 2.43299249 
2.36000000 	 7.40973453 	 2.43753627 
2.36500000 	 7.42628689 	 2.44143094 
2.37000000 	 7.44283924 	 2.44727295 
2.37500000 	 7.45809338 	 2.45214129 
2.38000000 	 7.47140017 	 2.45700963 
2.38500000 	 7.48795253 	 2.46252709 
2.39000000 	 7.50385578 	 2.46642176 
2.39500000 	 7.51846080 	 2.47193921 
2.40000000 	 7.53339037 	 2.47745666 
2.40500000 	 7.54929362 	 2.48200045 
2.41000000 	 7.56454775 	 2.48784246 
2.41500000 	 7.57850366 	 2.49206168 
2.42000000 	 7.59116135 	 2.49757914 
2.42500000 	 7.60836281 	 2.50114925 
2.43000000 	 7.62426606 	 2.50731582 
2.43500000 	 7.64146753 	 2.51218416 
2.44000000 	 7.65412521 	 2.51640339 
2.44500000 	 7.66937935 	 2.52159628 
2.45000000 	 7.68528259 	 2.52646462 
2.45500000 	 7.69956306 	 2.53133296 
2.46000000 	 7.71514175 	 2.53652586 
2.46500000 	 7.73104499 	 2.54236787 
2.47000000 	 7.74629912 	 2.54691165 
2.47500000 	 7.76122870 	 2.55177999 
2.48000000 	 7.77713195 	 2.55697289 
2.48500000 	 7.79076330 	 2.56216578 
2.49000000 	 7.80731566 	 2.56703413 
2.49500000 	 7.82256979 	 2.57287613 
2.50000000 	 7.83717481 	 2.57806903 
2.50500000 	 7.85145527 	 2.58099003 
2.51000000 	 7.86768308 	 2.58715660 
2.51500000 	 7.88488454 	 2.59202494 
2.52000000 	 7.89916501 	 2.59754239 
2.52500000 	 7.91344547 	 2.60241073 
2.53000000 	 7.92869961 	 2.60760363 
2.53500000 	 7.94395374 	 2.61182286 
2.54000000 	 7.95823421 	 2.61734031 
2.54500000 	 7.97511112 	 2.62253321 
2.55000000 	 7.98874247 	 2.62740155 
2.55500000 	 8.00399661 	 2.63194533 
2.56000000 	 8.01957529 	 2.63713823 
2.56500000 	 8.03580310 	 2.64265568 
2.57000000 	 8.04975900 	 2.64687491 
2.57500000 	 8.06566225 	 2.65239236 
2.58000000 	 8.08091638 	 2.65661159 
2.58500000 	 8.09519685 	 2.66212904 
2.59000000 	 8.11174920 	 2.66732194 
2.59500000 	 8.12732789 	 2.67316394 
2.60000000 	 8.14225747 	 2.67770773 
2.60500000 	 8.15588882 	 2.68257607 
2.61000000 	 8.17081840 	 2.68744441 
2.61500000 	 8.18801987 	 2.69166364 
2.62000000 	 8.20359856 	 2.69718109 
2.62500000 	 8.21722991 	 2.70172487 
2.63000000 	 8.23151038 	 2.70789144 
2.63500000 	 8.24708907 	 2.71243522 
2.64000000 	 8.26364142 	 2.71795268 
2.64500000 	 8.27597455 	 2.72119824 
2.65000000 	 8.29285146 	 2.72801391 
2.65500000 	 8.30680737 	 2.73320681 
2.66000000 	 8.32368429 	 2.73742604 
2.66500000 	 8.33926298 	 2.74326805 
2.67000000 	 8.35451711 	 2.74716272 
2.67500000 	 8.36847302 	 2.75268017 
2.68000000 	 8.38470082 	 2.75722395 
2.68500000 	 8.40027951 	 2.76274141 
2.69000000 	 8.41358630 	 2.76696063 
2.69500000 	 8.43046322 	 2.77247809 
2.70000000 	 8.44377001 	 2.77734643 
2.70500000 	 8.46129604 	 2.78253932 
2.71000000 	 8.47525195 	 2.78708311 
2.71500000 	 8.49083064 	 2.79292512 
2.72000000 	 8.50576021 	 2.79681979 
2.72500000 	 8.52166346 	 2.80233724 
2.73000000 	 8.53626848 	 2.80753014 
2.73500000 	 8.55152261 	 2.81239848 
2.74000000 	 8.56677675 	 2.81824049 
2.74500000 	 8.58203088 	 2.82278427 
2.75000000 	 8.59696046 	 2.82765261 
2.75500000 	 8.61253915 	 2.83252095 
2.76000000 	 8.62941606 	 2.83674018 
2.76500000 	 8.64239830 	 2.84258219 
2.77000000 	 8.65830155 	 2.84745053 
2.77500000 	 8.67258201 	 2.85329254 
2.78000000 	 8.68880981 	 2.85686265 
2.78500000 	 8.70341483 	 2.86270466 
2.79000000 	 8.71899352 	 2.86627478 
2.79500000 	 8.73489677 	 2.87244134 
2.80000000 	 8.74917723 	 2.87730968 
2.80500000 	 8.76410681 	 2.88282713 
2.81000000 	 8.77968550 	 2.88704636 
2.81500000 	 8.79558874 	 2.89159015 
2.82000000 	 8.80954465 	 2.89775671 
2.82500000 	 8.82512334 	 2.90230050 
2.83000000 	 8.84102659 	 2.90781795 
2.83500000 	 8.85725439 	 2.91138806 
2.84000000 	 8.87153485 	 2.91787919 
2.84500000 	 8.88776265 	 2.92242297 
2.85000000 	 8.90204312 	 2.92696675 
2.85500000 	 8.91697269 	 2.93248421 
2.86000000 	 8.93190227 	 2.93702799 
2.86500000 	 8.94748096 	 2.94254544 
2.87000000 	 8.96208598 	 2.94741378 
2.87500000 	 8.97831378 	 2.95195757 
2.88000000 	 8.99226969 	 2.95650135 
2.88500000 	 9.00784838 	 2.96234336 
2.89000000 	 9.02407618 	 2.96753626 
2.89500000 	 9.03770753 	 2.97272915 
2.90000000 	 9.05263711 	 2.97727294 
2.90500000 	 9.06854036 	 2.98246583 
2.91000000 	 9.08411905 	 2.98636051 
2.91500000 	 9.09839951 	 2.99220251 
2.92000000 	 9.11430276 	 2.99771997 
2.92500000 	 9.13117967 	 3.00193919 
2.93000000 	 9.14546013 	 3.00778120 
2.93500000 	 9.16006516 	 3.01135132 
2.94000000 	 9.17531929 	 3.01784244 
2.94500000 	 9.19024887 	 3.02141256 
2.95000000 	 9.20582755 	 3.02790368 
2.95500000 	 9.21978346 	 3.03244746 
2.96000000 	 9.23471304 	 3.03731580 
2.96500000 	 9.25126540 	 3.04283325 
2.97000000 	 9.26392308 	 3.04802615 
2.97500000 	 9.28144911 	 3.05224538 
2.98000000 	 9.29702780 	 3.05743827 
2.98500000 	 9.31163282 	 3.06198206 
2.99000000 	 9.32721151 	 3.06652584 
2.99500000 	 9.34246564 	 3.07269241 
3.00000000 	 9.35739522 	 3.07788530 
3.00500000 	 9.37200024 	 3.08177998 
3.01000000 	 9.38985082 	 3.08729743 
3.01500000 	 9.40121028 	 3.09216577 
3.02000000 	 9.41873630 	 3.09735867 
3.02500000 	 9.43204310 	 3.10190245 
3.03000000 	 9.44892001 	 3.10709535 
3.03500000 	 9.46255137 	 3.11196369 
3.04000000 	 9.47910372 	 3.11715658 
3.04500000 	 9.49468241 	 3.12299859 
3.05000000 	 9.50961199 	 3.12721782 
3.05500000 	 9.52486612 	 3.13208616 
3.06000000 	 9.53979570 	 3.13760361 
3.06500000 	 9.55472528 	 3.14312106 
3.07000000 	 9.56997941 	 3.14701574 
3.07500000 	 9.58490899 	 3.15253319 
3.08000000 	 9.60113679 	 3.15740153 
3.08500000 	 9.61639092 	 3.16194531 
3.09000000 	 9.63261872 	 3.16713821 
3.09500000 	 9.64787286 	 3.17233111 
3.10000000 	 9.66182877 	 3.17784856 
3.10500000 	 9.67643379 	 3.18206779 
3.11000000 	 9.69168792 	 3.18726068 
3.11500000 	 9.70824028 	 3.19212902 
3.12000000 	 9.72122252 	 3.19732192 
3.12500000 	 9.73680121 	 3.20219026 
3.13000000 	 9.75173078 	 3.20673404 
3.13500000 	 9.76893225 	 3.21257605 
3.14000000 	 9.78386183 	 3.21744439 
3.14500000 	 9.79651951 	 3.22133907 
3.15000000 	 9.81372098 	 3.22653196 
3.15500000 	 9.82800145 	 3.23237397 
3.16000000 	 9.84325558 	 3.23691775 
3.16500000 	 9.85980794 	 3.24211065 
3.17000000 	 9.87376385 	 3.24632988 
3.17500000 	 9.89064076 	 3.25282100 
3.18000000 	 9.90394756 	 3.25768934 
3.18500000 	 9.92049991 	 3.26255768 
3.19000000 	 9.93607860 	 3.26807513 
3.19500000 	 9.95003451 	 3.27229436 
3.20000000 	 9.96561320 	 3.27651359 
3.20500000 	 9.97989367 	 3.28138193 
3.21000000 	 9.99612147 	 3.28689938 
3.21500000 	 10.01170016 	 3.29209228 
3.22000000 	 10.02598062 	 3.29696062 
3.22500000 	 10.03928742 	 3.30215352 
3.23000000 	 10.05616433 	 3.30702186 
3.23500000 	 10.07271669 	 3.31156564 
3.24000000 	 10.08764627 	 3.31708309 
3.24500000 	 10.10257584 	 3.32260054 
3.25000000 	 10.11847909 	 3.32746888 
3.25500000 	 10.13438233 	 3.33266178 
3.26000000 	 10.14736457 	 3.33688101 
3.26500000 	 10.16359238 	 3.34239846 
3.27000000 	 10.18014473 	 3.34726680 
3.27500000 	 10.19312697 	 3.35245970 
3.28000000 	 10.21032844 	 3.35765259 
3.28500000 	 10.22558258 	 3.36252094 
3.29000000 	 10.23986304 	 3.36706472 
3.29500000 	 10.25446806 	 3.37225762 
3.30000000 	 10.27102042 	 3.37777507 
3.30500000 	 10.28367810 	 3.38134518 
3.31000000 	 10.29893224 	 3.38686264 
3.31500000 	 10.31580915 	 3.39238009 
3.32000000 	 10.33041417 	 3.39757299 
3.32500000 	 10.34566830 	 3.40179221 
3.33000000 	 10.36059788 	 3.40730967 
3.33500000 	 10.37682568 	 3.41315167 
3.34000000 	 10.39078159 	 3.41834457 
3.34500000 	 10.40668484 	 3.42321291 
3.35000000 	 10.42128986 	 3.42710758 
3.35500000 	 10.43719310 	 3.43165137 
3.36000000 	 10.45309635 	 3.43846704 
3.36500000 	 10.46705226 	 3.44203716 
3.37000000 	 10.48360461 	 3.44820372 
3.37500000 	 10.49983241 	 3.45144929 
3.38000000 	 10.51508655 	 3.45858952 
3.38500000 	 10.52839334 	 3.46280875 
3.39000000 	 10.54429659 	 3.46735253 
3.39500000 	 10.55922617 	 3.47189631 
3.40000000 	 10.57448030 	 3.47806288 
3.40500000 	 10.58908532 	 3.48163300 
3.41000000 	 10.60401490 	 3.48747500 
3.41500000 	 10.62024270 	 3.49331701 
3.42000000 	 10.62348826 	 3.49786080 
3.42500000 	 10.62348826 	 3.50272914 
3.43000000 	 10.62348826 	 3.50629925 
3.43500000 	 10.62348826 	 3.51279037 
3.44000000 	 10.62348826 	 3.51765871 
3.44500000 	 10.62348826 	 3.52285161 
3.45000000 	 10.62348826 	 3.52771995 
3.45500000 	 10.62348826 	 3.53258829 
3.46000000 	 10.62348826 	 3.53810574 
3.46500000 	 10.62348826 	 3.54264953 
3.47000000 	 10.62348826 	 3.54751787 
3.47500000 	 10.62348826 	 3.55238621 
3.48000000 	 10.62348826 	 3.55725455 
3.48500000 	 10.62348826 	 3.56147378 
3.49000000 	 10.62348826 	 3.56731578 
3.49500000 	 10.62348826 	 3.57250868 
3.50000000 	 10.62348826 	 3.57705247 
3.50500000 	 10.62348826 	 3.58256992 
3.51000000 	 10.62348826 	 3.58743826 
3.51500000 	 10.62348826 	 3.59263115 
3.52000000 	 10.62348826 	 3.59814861 
3.52500000 	 10.62348826 	 3.60204328 
3.53000000 	 10.62348826 	 3.60820984 
3.53500000 	 10.62348826 	 3.61307818 
3.54000000 	 10.62348826 	 3.61762197 
3.54500000 	 10.62348826 	 3.62249031 
3.55000000 	 10.62348826 	 3.62735865 
3.55500000 	 10.62348826 	 3.63287610 
3.56000000 	 10.62348826 	 3.63839355 
3.56500000 	 10.62348826 	 3.64261278 
3.57000000 	 10.62348826 	 3.64650745 
3.57500000 	 10.62348826 	 3.65234946 
3.58000000 	 10.62348826 	 3.65721780 
3.58500000 	 10.62348826 	 3.66305981 
3.59000000 	 10.62348826 	 3.66792815 
3.59500000 	 10.62348826 	 3.67279649 
3.60000000 	 10.62348826 	 3.67798939 
3.60500000 	 10.62348826 	 3.68285773 
3.61000000 	 10.62348826 	 3.68772607 
3.61500000 	 10.62348826 	 3.69291897 
3.62000000 	 10.62348826 	 3.69713819 
3.62500000 	 10.62348826 	 3.70265565 
3.63000000 	 10.62348826 	 3.70719943 
3.63500000 	 10.62348826 	 3.71206777 
3.64000000 	 10.62348826 	 3.71726067 
3.64500000 	 10.62348826 	 3.72245356 
3.65000000 	 10.62348826 	 3.72699735 
3.65500000 	 10.62348826 	 3.73283936 
3.66000000 	 10.62348826 	 3.73770770 
3.66500000 	 10.62348826 	 3.74225148 
3.67000000 	 10.62348826 	 3.74809349 
3.67500000 	 10.62348826 	 3.75426005 
3.68000000 	 10.62348826 	 3.75750561 
3.68500000 	 10.62348826 	 3.76302307 
3.69000000 	 10.62348826 	 3.76789141 
3.69500000 	 10.62348826 	 3.77211063 
3.70000000 	 10.62348826 	 3.77892631 
3.70500000 	 10.62348826 	 3.78217187 
3.71000000 	 10.62348826 	 3.78866299 
3.71500000 	 10.62348826 	 3.79255766 
3.72000000 	 10.62348826 	 3.79742600 
3.72500000 	 10.62348826 	 3.80229434 
3.73000000 	 10.62348826 	 3.80846091 
3.73500000 	 10.62348826 	 3.81203103 
3.74000000 	 10.62348826 	 3.81819759 
3.74500000 	 10.62348826 	 3.82339049 
3.75000000 	 10.62348826 	 3.82825883 
3.75500000 	 10.62348826 	 3.83182894 
3.76000000 	 10.62348826 	 3.83734640 
3.76500000 	 10.62348826 	 3.84253929 
3.77000000 	 10.62348826 	 3.84740763 
3.77500000 	 10.62348826 	 3.85195142 
3.78000000 	 10.62348826 	 3.85779342 
3.78500000 	 10.62348826 	 3.86201265 
3.79000000 	 10.62348826 	 3.86720555 
3.79500000 	 10.62348826 	 3.87239845 
3.80000000 	 10.62348826 	 3.87791590 
3.80500000 	 10.62348826 	 3.88343335 
3.81000000 	 10.62348826 	 3.88797713 
3.81500000 	 10.62348826 	 3.89252092 
3.82000000 	 10.62348826 	 3.89738926 
3.82500000 	 10.62348826 	 3.90290671 
3.83000000 	 10.62348826 	 3.90712594 
3.83500000 	 10.62348826 	 3.91231884 
3.84000000 	 10.62348826 	 3.91751173 
3.84500000 	 10.62348826 	 3.92270463 
3.85000000 	 10.62348826 	 3.92887119 
3.85500000 	 10.62348826 	 3.93244131 
3.86000000 	 10.62348826 	 3.93763421 
3.86500000 	 10.62348826 	 3.94250255 
3.87000000 	 10.62348826 	 3.94737089 
3.87500000 	 10.62348826 	 3.95321290 
3.88000000 	 10.62348826 	 3.95873035 
3.88500000 	 10.62348826 	 3.96294958 
3.89000000 	 10.62348826 	 3.96781792 
3.89500000 	 10.62348826 	 3.97268626 
3.90000000 	 10.62348826 	 3.97755460 
3.90500000 	 10.62348826 	 3.98209838 
3.91000000 	 10.62348826 	 3.98794039 
3.91500000 	 10.62348826 	 3.99313329 
3.92000000 	 10.62348826 	 3.99767707 
3.92500000 	 10.62348826 	 4.00286997 
3.93000000 	 10.62348826 	 4.00871197 
3.93500000 	 10.62348826 	 4.01358032 
3.94000000 	 10.62348826 	 4.01812410 
3.94500000 	 10.62348826 	 4.02234333 
3.95000000 	 10.62348826 	 4.02883445 
3.95500000 	 10.62348826 	 4.03305368 
3.96000000 	 10.62348826 	 4.03824657 
3.96500000 	 10.62348826 	 4.04343947 
3.97000000 	 10.62348826 	 4.04830781 
3.97500000 	 10.62348826 	 4.05317615 
3.98000000 	 10.62348826 	 4.05804449 
3.98500000 	 10.62348826 	 4.06356194 
3.99000000 	 10.62348826 	 4.06810573 
3.99500000 	 10.62348826 	 4.07297407 
4.00000000 	 10.62348826 	 4.07881608 
4.00500000 	 10.62348826 	 4.08303530 
4.01000000 	 10.62348826 	 4.08790364 
4.01500000 	 10.62348826 	 4.09277198 
4.02000000 	 10.62348826 	 4.09699121 
4.02500000 	 10.62348826 	 4.10315778 
4.03000000 	 10.62348826 	 4.10932434 
4.03500000 	 10.62348826 	 4.11386813 
4.04000000 	 10.62348826 	 4.11841191 
4.04500000 	 10.62348826 	 4.12328025 
4.05000000 	 10.62348826 	 4.12814859 
4.05500000 	 10.62348826 	 4.13366604 
4.06000000 	 10.62348826 	 4.13788527 
4.06500000 	 10.62348826 	 4.14340272 
4.07000000 	 10.62348826 	 4.14762195 
4.07500000 	 10.62348826 	 4.15346396 
4.08000000 	 10.62348826 	 4.15898141 
4.08500000 	 10.62348826 	 4.16287609 
4.09000000 	 10.62348826 	 4.16904265 
4.09500000 	 10.62348826 	 4.17261277 
4.10000000 	 10.62348826 	 4.17845477 
4.10500000 	 10.62348826 	 4.18332311 
4.11000000 	 10.62348826 	 4.18851601 
4.11500000 	 10.62348826 	 4.19338435 
4.12000000 	 10.62348826 	 4.19857725 
4.12500000 	 10.62348826 	 4.20377014 
4.13000000 	 10.62348826 	 4.20896304 
4.13500000 	 10.62348826 	 4.21350682 
4.14000000 	 10.62348826 	 4.21837517 
4.14500000 	 10.62348826 	 4.22356806 
4.15000000 	 10.62348826 	 4.22843640 
4.15500000 	 10.62348826 	 4.23298019 
4.16000000 	 10.62348826 	 4.23849764 
4.16500000 	 10.62348826 	 4.24336598 
4.17000000 	 10.62348826 	 4.24790976 
4.17500000 	 10.62348826 	 4.25245355 
4.18000000 	 10.62348826 	 4.25829556 
4.18500000 	 10.62348826 	 4.26283934 
4.19000000 	 10.62348826 	 4.26835679 
4.19500000 	 10.62348826 	 4.27354969 
4.20000000 	 10.62348826 	 4.27906714 
4.20500000 	 10.62348826 	 4.28361093 
4.21000000 	 10.62348826 	 4.28847927 
4.21500000 	 10.62348826 	 4.29302305 
4.22000000 	 10.62348826 	 4.29886506 
4.22500000 	 10.62348826 	 4.30373340 
4.23000000 	 10.62348826 	 4.30860174 
4.23500000 	 10.62348826 	 4.31379464 
4.24000000 	 10.62348826 	 4.31898753 
4.24500000 	 10.62348826 	 4.32320676 
4.25000000 	 10.62348826 	 4.32839966 
4.25500000 	 10.62348826 	 4.33359255 
4.26000000 	 10.62348826 	 4.33911001 
4.26500000 	 10.62348826 	 4.34332923 
4.27000000 	 10.62348826 	 4.34819757 
4.27500000 	 10.62348826 	 4.35306591 
4.28000000 	 10.62348826 	 4.35890792 
4.28500000 	 10.62348826 	 4.36377626 
4.29000000 	 10.62348826 	 4.36734638 
4.29500000 	 10.62348826 	 4.37383750 
4.30000000 	 10.62348826 	 4.37805673 
4.30500000 	 10.62348826 	 4.38389874 
4.31000000 	 10.62348826 	 4.38844252 
4.31500000 	 10.62348826 	 4.39331086 
4.32000000 	 10.62348826 	 4.39882831 
4.32500000 	 10.62348826 	 4.40402121 
4.33000000 	 10.62348826 	 4.40888955 
4.33500000 	 10.62348826 	 4.41310878 
4.34000000 	 10.62348826 	 4.41862623 
4.34500000 	 10.62348826 	 4.42349457 
4.35000000 	 10.62348826 	 4.42868747 
4.35500000 	 10.62348826 	 4.43388036 
4.36000000 	 10.62348826 	 4.43874870 
4.36500000 	 10.62348826 	 4.44459071 
4.37000000 	 10.62348826 	 4.44945905 
4.37500000 	 10.62348826 	 4.45335372 
4.38000000 	 10.62348826 	 4.45887118 
4.38500000 	 10.62348826 	 4.46373952 
4.39000000 	 10.62348826 	 4.46763419 
4.39500000 	 10.62348826 	 4.47315164 
4.40000000 	 10.62348826 	 4.47899365 
4.40500000 	 10.62348826 	 4.48386199 
4.41000000 	 10.62348826 	 4.48873033 
4.41500000 	 10.62348826 	 4.49392323 
4.42000000 	 10.62348826 	 4.49879157 
4.42500000 	 10.62348826 	 4.50333535 
4.43000000 	 10.62348826 	 4.50885280 
4.43500000 	 10.62348826 	 4.51372114 
4.44000000 	 10.62348826 	 4.51794037 
4.44500000 	 10.62348826 	 4.52378238 
4.45000000 	 10.62348826 	 4.52897528 
4.45500000 	 10.62348826 	 4.53481729 
4.46000000 	 10.62348826 	 4.53936107 
4.46500000 	 10.62348826 	 4.54358030 
4.47000000 	 10.62348826 	 4.54909775 
4.47500000 	 10.62348826 	 4.55364154 
4.48000000 	 10.62348826 	 4.55915899 
4.48500000 	 10.62348826 	 4.56370277 
4.49000000 	 10.62348826 	 4.56792200 
4.49500000 	 10.62348826 	 4.57408857 
4.50000000 	 10.62348826 	 4.57928146 
4.50500000 	 10.62348826 	 4.58382525 
4.51000000 	 10.62348826 	 4.58901814 
4.51500000 	 10.62348826 	 4.59388648 
4.52000000 	 10.62348826 	 4.59907938 
4.52500000 	 10.62348826 	 4.60394772 
4.53000000 	 10.62348826 	 4.60849150 
4.53500000 	 10.62348826 	 4.61400896 
4.54000000 	 10.62348826 	 4.61887730 
4.54500000 	 10.62348826 	 4.62439475 
4.55000000 	 10.62348826 	 4.62893853 
4.55500000 	 10.62348826 	 4.63413143 
4.56000000 	 10.62348826 	 4.63899977 
4.56500000 	 10.62348826 	 4.64386811 
4.57000000 	 10.62348826 	 4.64873645 
4.57500000 	 10.62348826 	 4.65360479 
4.58000000 	 10.62348826 	 4.65912224 
4.58500000 	 10.62348826 	 4.66366603 
4.59000000 	 10.62348826 	 4.66918348 
4.59500000 	 10.62348826 	 4.67405182 
4.60000000 	 10.62348826 	 4.67989383 
4.60500000 	 10.62348826 	 4.68411306 
4.61000000 	 10.62348826 	 4.68963051 
4.61500000 	 10.62348826 	 4.69384974 
4.62000000 	 10.62348826 	 4.69904263 
4.62500000 	 10.62348826 	 4.70358642 
4.63000000 	 10.62348826 	 4.70942843 
4.63500000 	 10.62348826 	 4.71397221 
4.64000000 	 10.62348826 	 4.71948966 
4.64500000 	 10.62348826 	 4.72403345 
4.65000000 	 10.62348826 	 4.72955090 
4.65500000 	 10.62348826 	 4.73474380 
4.66000000 	 10.62348826 	 4.73863847 
4.66500000 	 10.62348826 	 4.74415592 
4.67000000 	 10.62348826 	 4.74902426 
4.67500000 	 10.62348826 	 4.75421716 
4.68000000 	 10.62348826 	 4.75941005 
4.68500000 	 10.62348826 	 4.76460295 
4.69000000 	 10.62348826 	 4.76914673 
4.69500000 	 10.62348826 	 4.77433963 
4.70000000 	 10.62348826 	 4.77920797 
4.70500000 	 10.62348826 	 4.78472542 
4.71000000 	 10.62348826 	 4.78959376 
4.71500000 	 10.62348826 	 4.79478666 
4.72000000 	 10.62348826 	 4.79965500 
4.72500000 	 10.62348826 	 4.80354967 
4.73000000 	 10.62348826 	 4.80906712 
4.73500000 	 10.62348826 	 4.81426002 
4.74000000 	 10.62348826 	 4.81977747 
4.74500000 	 10.62348826 	 4.82497037 
4.75000000 	 10.62348826 	 4.82918960 
4.75500000 	 10.62348826 	 4.83438249 
4.76000000 	 10.62348826 	 4.83957539 
4.76500000 	 10.62348826 	 4.84541740 
4.77000000 	 10.62348826 	 4.84996118 
4.77500000 	 10.62348826 	 4.85482952 
4.78000000 	 10.62348826 	 4.85937331 
4.78500000 	 10.62348826 	 4.86489076 
4.79000000 	 10.62348826 	 4.86975910 
4.79500000 	 10.62348826 	 4.87397833 
4.80000000 	 10.62348826 	 4.88079401 
4.80500000 	 10.62348826 	 4.88468868 
4.81000000 	 10.62348826 	 4.88955702 
4.81500000 	 10.62348826 	 4.89442536 
4.82000000 	 10.62348826 	 4.89994281 
4.82500000 	 10.62348826 	 4.90448660 
4.83000000 	 10.62348826 	 4.90967949 
4.83500000 	 10.62348826 	 4.91519694 
4.84000000 	 10.62348826 	 4.91941617 
4.84500000 	 10.62348826 	 4.92428451 
4.85000000 	 10.62348826 	 4.92915285 
4.85500000 	 10.62348826 	 4.93499486 
4.86000000 	 10.62348826 	 4.93986320 
4.86500000 	 10.62348826 	 4.94408243 
4.87000000 	 10.62348826 	 4.94895077 
4.87500000 	 10.62348826 	 4.95446822 
4.88000000 	 10.62348826 	 4.95901201 
4.88500000 	 10.62348826 	 4.96355579 
4.89000000 	 10.62348826 	 4.96972236 
4.89500000 	 10.62348826 	 4.97361703 
4.90000000 	 10.62348826 	 4.97945904 
4.90500000 	 10.62348826 	 4.98465193 
4.91000000 	 10.62348826 	 4.98952027 
4.91500000 	 10.62348826 	 4.99503773 
4.92000000 	 10.62348826 	 4.99893240 
4.92500000 	 10.62348826 	 4.99990607 
4.93000000 	 10.62348826 	 4.99990607 
4.93500000 	 10.62348826 	 4.99958151 
4.94000000 	 10.62348826 	 4.99860784 
4.94500000 	 10.62348826 	 4.99958151 
4.95000000 	 10.62348826 	 4.99990607 
4.95500000 	 10.62348826 	 4.99925695 
4.96000000 	 10.62348826 	 4.99990607 
4.96500000 	 10.62348826 	 4.99958151 
4.97000000 	 10.62348826 	 4.99958151 
4.97500000 	 10.62348826 	 4.99925695 
4.98000000 	 10.62348826 	 5.00023062 
4.98500000 	 10.62348826 	 4.99925695 
4.99000000 	 10.62348826 	 5.00023062 
4.99500000 	 10.62348826 	 5.00055518 
