0.000000 	 1.702689 
0.050000 	 1.703976 
0.100000 	 1.703976 
0.150000 	 1.702689 
0.200000 	 1.703976 
0.250000 	 1.703976 
0.300000 	 1.702689 
0.350000 	 1.702689 
0.400000 	 1.703976 
0.450000 	 1.703976 
0.500000 	 1.703976 
0.550000 	 1.705263 
0.600000 	 1.705263 
0.650000 	 1.705263 
0.700000 	 1.703976 
0.750000 	 1.703976 
0.800000 	 1.705263 
0.850000 	 1.703976 
0.900000 	 1.705263 
0.950000 	 1.705263 
1.000000 	 1.702689 
1.050000 	 1.705263 
1.100000 	 1.705263 
1.150000 	 1.703976 
1.200000 	 1.702689 
1.250000 	 1.703976 
1.300000 	 1.702689 
1.350000 	 1.703976 
1.400000 	 1.703976 
1.450000 	 1.700115 
1.500000 	 1.703976 
1.550000 	 1.702689 
1.600000 	 1.703976 
1.650000 	 1.707837 
1.700000 	 1.705263 
1.750000 	 1.705263 
1.800000 	 1.703976 
1.850000 	 1.706550 
1.900000 	 1.703976 
1.950000 	 1.703976 
2.000000 	 1.705263 
2.050000 	 1.702689 
2.100000 	 1.706550 
2.150000 	 1.705263 
2.200000 	 1.702689 
2.250000 	 1.703976 
2.300000 	 1.703976 
2.350000 	 1.705263 
2.400000 	 1.703976 
2.450000 	 1.706550 
2.500000 	 1.705263 
2.550000 	 1.707837 
2.600000 	 1.705263 
2.650000 	 1.706550 
2.700000 	 1.705263 
2.750000 	 1.703976 
2.800000 	 1.706550 
2.850000 	 1.705263 
2.900000 	 1.705263 
2.950000 	 1.702689 
3.000000 	 1.703976 
3.050000 	 1.706550 
3.100000 	 1.705263 
3.150000 	 1.705263 
3.200000 	 1.703976 
3.250000 	 1.702689 
3.300000 	 1.705263 
3.350000 	 1.705263 
3.400000 	 1.703976 
3.450000 	 1.707837 
3.500000 	 1.705263 
3.550000 	 1.705263 
3.600000 	 1.702689 
3.650000 	 1.705263 
3.700000 	 1.705263 
3.750000 	 1.705263 
3.800000 	 1.705263 
3.850000 	 1.703976 
3.900000 	 1.705263 
3.950000 	 1.703976 
4.000000 	 1.703976 
4.050000 	 1.700115 
4.100000 	 1.702689 
4.150000 	 1.705263 
4.200000 	 1.703976 
4.250000 	 1.705263 
4.300000 	 1.703976 
4.350000 	 1.705263 
4.400000 	 1.703976 
4.450000 	 1.705263 
4.500000 	 1.705263 
4.550000 	 1.705263 
4.600000 	 1.705263 
4.650000 	 1.703976 
4.700000 	 1.705263 
4.750000 	 1.702689 
4.800000 	 1.701402 
4.850000 	 1.705263 
4.900000 	 1.702689 
4.950000 	 1.703976 
5.000000 	 1.702689 
5.050000 	 1.706550 
5.100000 	 1.706550 
5.150000 	 1.702689 
5.200000 	 1.703976 
5.250000 	 1.705263 
5.300000 	 1.703976 
5.350000 	 1.705263 
5.400000 	 1.703976 
5.450000 	 1.702689 
5.500000 	 1.703976 
5.550000 	 1.703976 
5.600000 	 1.702689 
5.650000 	 1.703976 
5.700000 	 1.705263 
5.750000 	 1.703976 
5.800000 	 1.702689 
5.850000 	 1.702689 
5.900000 	 1.703976 
5.950000 	 1.702689 
6.000000 	 1.702689 
6.050000 	 1.705263 
6.100000 	 1.703976 
6.150000 	 1.705263 
6.200000 	 1.701402 
6.250000 	 1.702689 
6.300000 	 1.702689 
6.350000 	 1.705263 
6.400000 	 1.703976 
6.450000 	 1.701402 
6.500000 	 1.703976 
6.550000 	 1.703976 
6.600000 	 1.706550 
6.650000 	 1.705263 
6.700000 	 1.703976 
6.750000 	 1.703976 
6.800000 	 1.702689 
6.850000 	 1.703976 
6.900000 	 1.702689 
6.950000 	 1.705263 
7.000000 	 1.703976 
7.050000 	 1.702689 
7.100000 	 1.703976 
7.150000 	 1.706550 
7.200000 	 1.703976 
7.250000 	 1.702689 
7.300000 	 1.702689 
7.350000 	 1.706550 
7.400000 	 1.702689 
7.450000 	 1.702689 
7.500000 	 1.703976 
7.550000 	 1.705263 
7.600000 	 1.703976 
7.650000 	 1.705263 
7.700000 	 1.703976 
7.750000 	 1.703976 
7.800000 	 1.705263 
7.850000 	 1.706550 
7.900000 	 1.705263 
7.950000 	 1.702689 
8.000000 	 1.701402 
8.050000 	 1.707837 
8.100000 	 1.702689 
8.150000 	 1.703976 
8.200000 	 1.702689 
8.250000 	 1.705263 
8.300000 	 1.702689 
8.350000 	 1.702689 
8.400000 	 1.705263 
8.450000 	 1.703976 
8.500000 	 1.703976 
8.550000 	 1.702689 
8.600000 	 1.703976 
8.650000 	 1.707837 
8.700000 	 1.702689 
8.750000 	 1.702689 
8.800000 	 1.703976 
8.850000 	 1.703976 
8.900000 	 1.703976 
8.950000 	 1.702689 
9.000000 	 1.703976 
9.050000 	 1.701402 
9.100000 	 1.702689 
9.150000 	 1.703976 
9.200000 	 1.702689 
9.250000 	 1.705263 
9.300000 	 1.703976 
9.350000 	 1.703976 
9.400000 	 1.705263 
9.450000 	 1.705263 
9.500000 	 1.705263 
9.550000 	 1.703976 
9.600000 	 1.702689 
9.650000 	 1.705263 
9.700000 	 1.706550 
9.750000 	 1.703976 
9.800000 	 1.700115 
9.850000 	 1.703976 
9.900000 	 1.705263 
9.950000 	 1.703976 
10.000000 	 1.703976 
10.050000 	 1.705263 
10.100000 	 1.705263 
10.150000 	 1.703976 
10.200000 	 1.703976 
10.250000 	 1.703976 
10.300000 	 1.702689 
10.350000 	 1.703976 
10.400000 	 1.706550 
10.450000 	 1.705263 
10.500000 	 1.706550 
10.550000 	 1.702689 
10.600000 	 1.702689 
10.650000 	 1.703976 
10.700000 	 1.705263 
10.750000 	 1.702689 
10.800000 	 1.703976 
10.850000 	 1.703976 
10.900000 	 1.705263 
10.950000 	 1.701402 
11.000000 	 1.705263 
11.050000 	 1.705263 
11.100000 	 1.705263 
11.150000 	 1.703976 
11.200000 	 1.706550 
11.250000 	 1.706550 
11.300000 	 1.701402 
11.350000 	 1.706550 
11.400000 	 1.705263 
11.450000 	 1.705263 
11.500000 	 1.705263 
11.550000 	 1.703976 
11.600000 	 1.705263 
11.650000 	 1.702689 
11.700000 	 1.707837 
11.750000 	 1.703976 
11.800000 	 1.705263 
11.850000 	 1.703976 
11.900000 	 1.703976 
11.950000 	 1.705263 
12.000000 	 1.703976 
12.050000 	 1.707837 
12.100000 	 1.705263 
12.150000 	 1.705263 
12.200000 	 1.705263 
12.250000 	 1.706550 
12.300000 	 1.703976 
12.350000 	 1.703976 
12.400000 	 1.705263 
12.450000 	 1.705263 
12.500000 	 1.703976 
12.550000 	 1.705263 
12.600000 	 1.705263 
12.650000 	 1.705263 
12.700000 	 1.703976 
12.750000 	 1.706550 
12.800000 	 1.703976 
12.850000 	 1.703976 
12.900000 	 1.705263 
12.950000 	 1.702689 
13.000000 	 1.703976 
13.050000 	 1.703976 
13.100000 	 1.701402 
13.150000 	 1.705263 
13.200000 	 1.701402 
13.250000 	 1.703976 
13.300000 	 1.702689 
13.350000 	 1.705263 
13.400000 	 1.703976 
13.450000 	 1.707837 
13.500000 	 1.702689 
13.550000 	 1.701402 
13.600000 	 1.702689 
13.650000 	 1.705263 
13.700000 	 1.705263 
13.750000 	 1.706550 
13.800000 	 1.702689 
13.850000 	 1.703976 
13.900000 	 1.705263 
13.950000 	 1.701402 
14.000000 	 1.705263 
14.050000 	 1.702689 
14.100000 	 1.703976 
14.150000 	 1.703976 
14.200000 	 1.707837 
14.250000 	 1.705263 
14.300000 	 1.705263 
14.350000 	 1.702689 
14.400000 	 1.706550 
14.450000 	 1.705263 
14.500000 	 1.702689 
14.550000 	 1.703976 
14.600000 	 1.703976 
14.650000 	 1.702689 
14.700000 	 1.705263 
14.750000 	 1.703976 
14.800000 	 1.703976 
14.850000 	 1.702689 
14.900000 	 1.702689 
14.950000 	 1.706550 
15.000000 	 1.705263 
15.050000 	 1.703976 
15.100000 	 1.701402 
15.150000 	 1.706550 
15.200000 	 1.703976 
15.250000 	 1.701402 
15.300000 	 1.701402 
15.350000 	 1.703976 
15.400000 	 1.706550 
15.450000 	 1.702689 
15.500000 	 1.705263 
15.550000 	 1.705263 
15.600000 	 1.706550 
15.650000 	 1.702689 
15.700000 	 1.705263 
15.750000 	 1.706550 
15.800000 	 1.703976 
15.850000 	 1.706550 
15.900000 	 1.703976 
15.950000 	 1.703976 
16.000000 	 1.701402 
16.050000 	 1.703976 
16.100000 	 1.703976 
16.150000 	 1.705263 
16.200000 	 1.703976 
16.250000 	 1.705263 
16.300000 	 1.705263 
16.350000 	 1.703976 
16.400000 	 1.703976 
16.450000 	 1.703976 
16.500000 	 1.703976 
16.550000 	 1.703976 
16.600000 	 1.703976 
16.650000 	 1.705263 
16.700000 	 1.701402 
16.750000 	 1.702689 
16.800000 	 1.703976 
16.850000 	 1.705263 
16.900000 	 1.705263 
16.950000 	 1.702689 
17.000000 	 1.703976 
17.050000 	 1.703976 
17.100000 	 1.701402 
17.150000 	 1.705263 
17.200000 	 1.706550 
17.250000 	 1.702689 
17.300000 	 1.703976 
17.350000 	 1.702689 
17.400000 	 1.702689 
17.450000 	 1.702689 
17.500000 	 1.705263 
17.550000 	 1.703976 
17.600000 	 1.705263 
17.650000 	 1.702689 
17.700000 	 1.705263 
17.750000 	 1.702689 
17.800000 	 1.705263 
17.850000 	 1.703976 
17.900000 	 1.702689 
17.950000 	 1.702689 
18.000000 	 1.702689 
18.050000 	 1.703976 
18.100000 	 1.703976 
18.150000 	 1.702689 
18.200000 	 1.701402 
18.250000 	 1.702689 
18.300000 	 1.702689 
18.350000 	 1.701402 
18.400000 	 1.703976 
18.450000 	 1.702689 
18.500000 	 1.706550 
18.550000 	 1.703976 
18.600000 	 1.703976 
18.650000 	 1.702689 
18.700000 	 1.702689 
18.750000 	 1.705263 
18.800000 	 1.703976 
18.850000 	 1.703976 
18.900000 	 1.702689 
18.950000 	 1.702689 
19.000000 	 1.702689 
19.050000 	 1.702689 
19.100000 	 1.702689 
19.150000 	 1.703976 
19.200000 	 1.701402 
19.250000 	 1.702689 
19.300000 	 1.701402 
19.350000 	 1.703976 
19.400000 	 1.697541 
19.450000 	 1.703976 
19.500000 	 1.702689 
19.550000 	 1.701402 
19.600000 	 1.700115 
19.650000 	 1.702689 
19.700000 	 1.702689 
19.750000 	 1.700115 
19.800000 	 1.702689 
19.850000 	 1.701402 
19.900000 	 1.702689 
19.950000 	 1.703976 
