0.000000 	 1.918909 
0.050000 	 1.913761 
0.100000 	 1.915048 
0.150000 	 1.911187 
0.200000 	 1.918909 
0.250000 	 1.917622 
0.300000 	 1.917622 
0.350000 	 1.917622 
0.400000 	 1.918909 
0.450000 	 1.915048 
0.500000 	 1.915048 
0.550000 	 1.916335 
0.600000 	 1.917622 
0.650000 	 1.916335 
0.700000 	 1.913761 
0.750000 	 1.913761 
0.800000 	 1.916335 
0.850000 	 1.915048 
0.900000 	 1.915048 
0.950000 	 1.915048 
1.000000 	 1.915048 
1.050000 	 1.915048 
1.100000 	 1.917622 
1.150000 	 1.913761 
1.200000 	 1.912474 
1.250000 	 1.913761 
1.300000 	 1.915048 
1.350000 	 1.916335 
1.400000 	 1.916335 
1.450000 	 1.917622 
1.500000 	 1.918909 
1.550000 	 1.917622 
1.600000 	 1.917622 
1.650000 	 1.917622 
1.700000 	 1.915048 
1.750000 	 1.918909 
1.800000 	 1.915048 
1.850000 	 1.917622 
1.900000 	 1.917622 
1.950000 	 1.918909 
2.000000 	 1.917622 
2.050000 	 1.916335 
2.100000 	 1.913761 
2.150000 	 1.918909 
2.200000 	 1.917622 
2.250000 	 1.916335 
2.300000 	 1.921483 
2.350000 	 1.917622 
2.400000 	 1.916335 
2.450000 	 1.916335 
2.500000 	 1.920196 
2.550000 	 1.918909 
2.600000 	 1.917622 
2.650000 	 1.916335 
2.700000 	 1.916335 
2.750000 	 1.917622 
2.800000 	 1.916335 
2.850000 	 1.915048 
2.900000 	 1.913761 
2.950000 	 1.916335 
3.000000 	 1.917622 
3.050000 	 1.917622 
3.100000 	 1.913761 
3.150000 	 1.916335 
3.200000 	 1.917622 
3.250000 	 1.918909 
3.300000 	 1.916335 
3.350000 	 1.916335 
3.400000 	 1.916335 
3.450000 	 1.915048 
3.500000 	 1.918909 
3.550000 	 1.916335 
3.600000 	 1.918909 
3.650000 	 1.917622 
3.700000 	 1.916335 
3.750000 	 1.915048 
3.800000 	 1.916335 
3.850000 	 1.917622 
3.900000 	 1.917622 
3.950000 	 1.917622 
4.000000 	 1.916335 
4.050000 	 1.918909 
4.100000 	 1.916335 
4.150000 	 1.917622 
4.200000 	 1.918909 
4.250000 	 1.917622 
4.300000 	 1.917622 
4.350000 	 1.916335 
4.400000 	 1.916335 
4.450000 	 1.917622 
4.500000 	 1.918909 
4.550000 	 1.917622 
4.600000 	 1.920196 
4.650000 	 1.921483 
4.700000 	 1.915048 
4.750000 	 1.920196 
4.800000 	 1.917622 
4.850000 	 1.917622 
4.900000 	 1.918909 
4.950000 	 1.918909 
5.000000 	 1.918909 
5.050000 	 1.918909 
5.100000 	 1.917622 
5.150000 	 1.917622 
5.200000 	 1.915048 
5.250000 	 1.917622 
5.300000 	 1.918909 
5.350000 	 1.920196 
5.400000 	 1.921483 
5.450000 	 1.917622 
5.500000 	 1.918909 
5.550000 	 1.920196 
5.600000 	 1.916335 
5.650000 	 1.916335 
5.700000 	 1.920196 
5.750000 	 1.918909 
5.800000 	 1.918909 
5.850000 	 1.921483 
5.900000 	 1.917622 
5.950000 	 1.917622 
6.000000 	 1.916335 
6.050000 	 1.920196 
6.100000 	 1.916335 
6.150000 	 1.915048 
6.200000 	 1.920196 
6.250000 	 1.918909 
6.300000 	 1.915048 
6.350000 	 1.916335 
6.400000 	 1.917622 
6.450000 	 1.918909 
6.500000 	 1.921483 
6.550000 	 1.917622 
6.600000 	 1.918909 
6.650000 	 1.918909 
6.700000 	 1.920196 
6.750000 	 1.918909 
6.800000 	 1.917622 
6.850000 	 1.918909 
6.900000 	 1.915048 
6.950000 	 1.918909 
7.000000 	 1.920196 
7.050000 	 1.917622 
7.100000 	 1.921483 
7.150000 	 1.918909 
7.200000 	 1.918909 
7.250000 	 1.917622 
7.300000 	 1.918909 
7.350000 	 1.918909 
7.400000 	 1.917622 
7.450000 	 1.917622 
7.500000 	 1.921483 
7.550000 	 1.917622 
7.600000 	 1.916335 
7.650000 	 1.917622 
7.700000 	 1.920196 
7.750000 	 1.916335 
7.800000 	 1.921483 
7.850000 	 1.920196 
7.900000 	 1.918909 
7.950000 	 1.918909 
8.000000 	 1.920196 
8.050000 	 1.917622 
8.100000 	 1.917622 
8.150000 	 1.916335 
8.200000 	 1.918909 
8.250000 	 1.916335 
8.300000 	 1.916335 
8.350000 	 1.918909 
8.400000 	 1.917622 
8.450000 	 1.916335 
8.500000 	 1.920196 
8.550000 	 1.916335 
8.600000 	 1.917622 
8.650000 	 1.921483 
8.700000 	 1.916335 
8.750000 	 1.921483 
8.800000 	 1.918909 
8.850000 	 1.918909 
8.900000 	 1.921483 
8.950000 	 1.917622 
9.000000 	 1.916335 
9.050000 	 1.917622 
9.100000 	 1.918909 
9.150000 	 1.917622 
9.200000 	 1.920196 
9.250000 	 1.917622 
9.300000 	 1.918909 
9.350000 	 1.918909 
9.400000 	 1.920196 
9.450000 	 1.916335 
9.500000 	 1.920196 
9.550000 	 1.917622 
9.600000 	 1.916335 
9.650000 	 1.916335 
9.700000 	 1.917622 
9.750000 	 1.921483 
9.800000 	 1.916335 
9.850000 	 1.918909 
9.900000 	 1.920196 
9.950000 	 1.916335 
10.000000 	 1.920196 
10.050000 	 1.918909 
10.100000 	 1.918909 
10.150000 	 1.918909 
10.200000 	 1.916335 
10.250000 	 1.918909 
10.300000 	 1.918909 
10.350000 	 1.916335 
10.400000 	 1.918909 
10.450000 	 1.916335 
10.500000 	 1.917622 
10.550000 	 1.918909 
10.600000 	 1.918909 
10.650000 	 1.918909 
10.700000 	 1.915048 
10.750000 	 1.917622 
10.800000 	 1.920196 
10.850000 	 1.918909 
10.900000 	 1.916335 
10.950000 	 1.913761 
11.000000 	 1.917622 
11.050000 	 1.918909 
11.100000 	 1.917622 
11.150000 	 1.917622 
11.200000 	 1.916335 
11.250000 	 1.916335 
11.300000 	 1.917622 
11.350000 	 1.916335 
11.400000 	 1.917622 
11.450000 	 1.918909 
11.500000 	 1.918909 
11.550000 	 1.917622 
11.600000 	 1.917622 
11.650000 	 1.916335 
11.700000 	 1.918909 
11.750000 	 1.920196 
11.800000 	 1.917622 
11.850000 	 1.918909 
11.900000 	 1.916335 
11.950000 	 1.918909 
12.000000 	 1.918909 
12.050000 	 1.915048 
12.100000 	 1.916335 
12.150000 	 1.916335 
12.200000 	 1.918909 
12.250000 	 1.918909 
12.300000 	 1.916335 
12.350000 	 1.917622 
12.400000 	 1.917622 
12.450000 	 1.918909 
12.500000 	 1.917622 
12.550000 	 1.916335 
12.600000 	 1.916335 
12.650000 	 1.916335 
12.700000 	 1.917622 
12.750000 	 1.920196 
12.800000 	 1.921483 
12.850000 	 1.916335 
12.900000 	 1.917622 
12.950000 	 1.916335 
13.000000 	 1.917622 
13.050000 	 1.917622 
13.100000 	 1.917622 
13.150000 	 1.915048 
13.200000 	 1.917622 
13.250000 	 1.918909 
13.300000 	 1.915048 
13.350000 	 1.917622 
13.400000 	 1.918909 
13.450000 	 1.917622 
13.500000 	 1.916335 
13.550000 	 1.915048 
13.600000 	 1.916335 
13.650000 	 1.915048 
13.700000 	 1.917622 
13.750000 	 1.917622 
13.800000 	 1.920196 
13.850000 	 1.916335 
13.900000 	 1.917622 
13.950000 	 1.916335 
14.000000 	 1.915048 
14.050000 	 1.918909 
14.100000 	 1.918909 
14.150000 	 1.916335 
14.200000 	 1.915048 
14.250000 	 1.917622 
14.300000 	 1.913761 
14.350000 	 1.916335 
14.400000 	 1.918909 
14.450000 	 1.916335 
14.500000 	 1.916335 
14.550000 	 1.918909 
14.600000 	 1.916335 
14.650000 	 1.917622 
14.700000 	 1.916335 
14.750000 	 1.915048 
14.800000 	 1.918909 
14.850000 	 1.913761 
14.900000 	 1.916335 
14.950000 	 1.917622 
15.000000 	 1.916335 
15.050000 	 1.917622 
15.100000 	 1.916335 
15.150000 	 1.917622 
15.200000 	 1.918909 
15.250000 	 1.917622 
15.300000 	 1.915048 
15.350000 	 1.915048 
15.400000 	 1.915048 
15.450000 	 1.915048 
15.500000 	 1.916335 
15.550000 	 1.915048 
15.600000 	 1.916335 
15.650000 	 1.915048 
15.700000 	 1.913761 
15.750000 	 1.912474 
15.800000 	 1.913761 
15.850000 	 1.917622 
15.900000 	 1.916335 
15.950000 	 1.916335 
16.000000 	 1.913761 
16.050000 	 1.916335 
16.100000 	 1.915048 
16.150000 	 1.913761 
16.200000 	 1.915048 
16.250000 	 1.916335 
16.300000 	 1.913761 
16.350000 	 1.916335 
16.400000 	 1.915048 
16.450000 	 1.913761 
16.500000 	 1.915048 
16.550000 	 1.913761 
16.600000 	 1.915048 
16.650000 	 1.915048 
16.700000 	 1.915048 
16.750000 	 1.913761 
16.800000 	 1.912474 
16.850000 	 1.915048 
16.900000 	 1.912474 
16.950000 	 1.911187 
17.000000 	 1.912474 
17.050000 	 1.916335 
17.100000 	 1.915048 
17.150000 	 1.912474 
17.200000 	 1.915048 
17.250000 	 1.916335 
17.300000 	 1.917622 
17.350000 	 1.915048 
17.400000 	 1.916335 
17.450000 	 1.915048 
17.500000 	 1.912474 
17.550000 	 1.911187 
17.600000 	 1.912474 
17.650000 	 1.915048 
17.700000 	 1.911187 
17.750000 	 1.915048 
17.800000 	 1.912474 
17.850000 	 1.912474 
17.900000 	 1.913761 
17.950000 	 1.915048 
18.000000 	 1.913761 
18.050000 	 1.912474 
18.100000 	 1.915048 
18.150000 	 1.915048 
18.200000 	 1.913761 
18.250000 	 1.915048 
18.300000 	 1.911187 
18.350000 	 1.913761 
18.400000 	 1.913761 
18.450000 	 1.912474 
18.500000 	 1.912474 
18.550000 	 1.915048 
18.600000 	 1.913761 
18.650000 	 1.913761 
18.700000 	 1.916335 
18.750000 	 1.916335 
18.800000 	 1.911187 
18.850000 	 1.916335 
18.900000 	 1.913761 
18.950000 	 1.913761 
19.000000 	 1.912474 
19.050000 	 1.913761 
19.100000 	 1.915048 
19.150000 	 1.912474 
19.200000 	 1.915048 
19.250000 	 1.916335 
19.300000 	 1.912474 
19.350000 	 1.911187 
19.400000 	 1.908613 
19.450000 	 1.909900 
19.500000 	 1.915048 
19.550000 	 1.913761 
19.600000 	 1.915048 
19.650000 	 1.916335 
19.700000 	 1.915048 
19.750000 	 1.915048 
19.800000 	 1.912474 
19.850000 	 1.916335 
19.900000 	 1.913761 
19.950000 	 1.916335 
