0.000000 	 3.145440 
0.033333 	 3.158310 
0.066667 	 3.159597 
0.100000 	 3.164745 
0.133333 	 3.163458 
0.166667 	 3.149301 
0.200000 	 3.158310 
0.233333 	 3.160884 
0.266667 	 3.164745 
0.300000 	 3.163458 
0.333333 	 3.162171 
0.366667 	 3.164745 
0.400000 	 3.162171 
0.433333 	 3.162171 
0.466667 	 3.155736 
0.500000 	 3.154449 
0.533333 	 3.158310 
0.566667 	 3.158310 
0.600000 	 3.155736 
0.633333 	 3.160884 
0.666666 	 3.155736 
0.700000 	 3.159597 
0.733333 	 3.163458 
0.766666 	 3.167319 
0.800000 	 3.163458 
0.833333 	 3.150588 
0.866666 	 3.163458 
0.900000 	 3.160884 
0.933333 	 3.157023 
0.966666 	 3.163458 
1.000000 	 3.157023 
1.033333 	 3.158310 
1.066666 	 3.160884 
1.100000 	 3.154449 
1.133333 	 3.166032 
1.166666 	 3.157023 
1.200000 	 3.167319 
1.233333 	 3.162171 
1.266666 	 3.148014 
1.300000 	 3.163458 
1.333333 	 3.167319 
1.366666 	 3.163458 
1.400000 	 3.157023 
1.433333 	 3.150588 
1.466666 	 3.160884 
1.500000 	 3.151875 
1.533333 	 3.154449 
1.566666 	 3.158310 
1.600000 	 3.166032 
1.633333 	 3.163458 
1.666666 	 3.163458 
1.700000 	 3.149301 
1.733333 	 3.159597 
1.766666 	 3.163458 
1.800000 	 3.172467 
1.833333 	 3.154449 
1.866666 	 3.162171 
1.900000 	 3.160884 
1.933333 	 3.160884 
1.966666 	 3.167319 
1.999999 	 3.162171 
2.033333 	 3.154449 
2.066666 	 3.150588 
2.099999 	 3.157023 
2.133333 	 3.164745 
2.166666 	 3.167319 
2.199999 	 3.154449 
2.233333 	 3.155736 
2.266666 	 3.167319 
2.299999 	 3.157023 
2.333333 	 3.168606 
2.366666 	 3.155736 
2.399999 	 3.162171 
2.433333 	 3.160884 
2.466666 	 3.163458 
2.499999 	 3.155736 
2.533333 	 3.157023 
2.566666 	 3.160884 
2.599999 	 3.160884 
2.633333 	 3.157023 
2.666666 	 3.151875 
2.699999 	 3.157023 
2.733333 	 3.158310 
2.766666 	 3.158310 
2.799999 	 3.159597 
2.833333 	 3.163458 
2.866666 	 3.162171 
2.899999 	 3.159597 
2.933333 	 3.163458 
2.966666 	 3.160884 
2.999999 	 3.153162 
3.033333 	 3.162171 
3.066666 	 3.154449 
3.099999 	 3.154449 
3.133333 	 3.159597 
3.166666 	 3.158310 
3.199999 	 3.154449 
3.233333 	 3.158310 
3.266666 	 3.158310 
3.299999 	 3.162171 
3.333332 	 3.154449 
3.366666 	 3.155736 
3.399999 	 3.164745 
3.433332 	 3.169893 
3.466666 	 3.158310 
3.499999 	 3.159597 
3.533332 	 3.162171 
3.566666 	 3.157023 
3.599999 	 3.155736 
3.633332 	 3.154449 
3.666666 	 3.154449 
3.699999 	 3.162171 
3.733332 	 3.157023 
3.766666 	 3.166032 
3.799999 	 3.162171 
3.833332 	 3.155736 
3.866666 	 3.166032 
3.899999 	 3.150588 
3.933332 	 3.168606 
3.966666 	 3.167319 
3.999999 	 3.159597 
4.033332 	 3.160884 
4.066666 	 3.154449 
4.099999 	 3.157023 
4.133332 	 3.163458 
4.166666 	 3.153162 
4.199999 	 3.164745 
4.233332 	 3.163458 
4.266666 	 3.157023 
4.299999 	 3.169893 
4.333332 	 3.164745 
4.366666 	 3.168606 
4.399999 	 3.162171 
4.433332 	 3.149301 
4.466666 	 3.155736 
4.499999 	 3.163458 
4.533332 	 3.160884 
4.566666 	 3.162171 
4.599999 	 3.167319 
4.633332 	 3.160884 
4.666665 	 3.157023 
4.699999 	 3.166032 
4.733332 	 3.154449 
4.766665 	 3.160884 
4.799999 	 3.158310 
4.833332 	 3.166032 
4.866665 	 3.154449 
4.899999 	 3.163458 
4.933332 	 3.164745 
4.966665 	 3.159597 
4.999999 	 3.167319 
5.033332 	 3.162171 
5.066665 	 3.162171 
5.099999 	 3.155736 
5.133332 	 3.155736 
5.166665 	 3.159597 
5.199999 	 3.154449 
5.233332 	 3.157023 
5.266665 	 3.151875 
5.299999 	 3.160884 
5.333332 	 3.171180 
5.366665 	 3.158310 
5.399999 	 3.162171 
5.433332 	 3.162171 
5.466665 	 3.157023 
5.499999 	 3.159597 
5.533332 	 3.162171 
5.566665 	 3.164745 
5.599999 	 3.151875 
5.633332 	 3.167319 
5.666665 	 3.163458 
5.699999 	 3.149301 
5.733332 	 3.154449 
5.766665 	 3.168606 
5.799999 	 3.150588 
5.833332 	 3.159597 
5.866665 	 3.164745 
5.899999 	 3.151875 
5.933332 	 3.164745 
5.966665 	 3.164745 
5.999998 	 3.159597 
6.033332 	 3.163458 
6.066665 	 3.150588 
6.099998 	 3.157023 
6.133332 	 3.155736 
6.166665 	 3.172467 
6.199998 	 3.155736 
6.233332 	 3.157023 
6.266665 	 3.154449 
6.299998 	 3.158310 
6.333332 	 3.160884 
6.366665 	 3.157023 
6.399998 	 3.154449 
6.433332 	 3.158310 
6.466665 	 3.175041 
6.499998 	 3.157023 
6.533332 	 3.163458 
6.566665 	 3.166032 
6.599998 	 3.171180 
6.633332 	 3.166032 
6.666665 	 3.160884 
6.699998 	 3.172467 
6.733332 	 3.154449 
6.766665 	 3.159597 
6.799998 	 3.158310 
6.833332 	 3.162171 
6.866665 	 3.162171 
6.899998 	 3.171180 
6.933332 	 3.157023 
6.966665 	 3.164745 
6.999998 	 3.166032 
7.033332 	 3.157023 
7.066665 	 3.153162 
7.099998 	 3.166032 
7.133332 	 3.172467 
7.166665 	 3.155736 
7.199998 	 3.149301 
7.233332 	 3.155736 
7.266665 	 3.155736 
7.299998 	 3.166032 
7.333331 	 3.157023 
7.366665 	 3.150588 
7.399998 	 3.151875 
7.433331 	 3.153162 
7.466665 	 3.163458 
7.499998 	 3.167319 
7.533331 	 3.159597 
7.566665 	 3.162171 
7.599998 	 3.158310 
7.633331 	 3.164745 
7.666665 	 3.155736 
7.699998 	 3.158310 
7.733331 	 3.162171 
7.766665 	 3.155736 
7.799998 	 3.162171 
7.833331 	 3.157023 
7.866665 	 3.167319 
7.899998 	 3.157023 
7.933331 	 3.159597 
7.966665 	 3.150588 
7.999998 	 3.148014 
8.033331 	 3.154449 
8.066665 	 3.155736 
8.099998 	 3.157023 
8.133331 	 3.164745 
8.166665 	 3.157023 
8.199998 	 3.163458 
8.233331 	 3.168606 
8.266665 	 3.157023 
8.299998 	 3.162171 
8.333331 	 3.166032 
8.366665 	 3.164745 
8.399998 	 3.155736 
8.433331 	 3.163458 
8.466665 	 3.163458 
8.499998 	 3.157023 
8.533331 	 3.166032 
8.566665 	 3.151875 
8.599998 	 3.162171 
8.633331 	 3.169893 
8.666664 	 3.160884 
8.699998 	 3.158310 
8.733331 	 3.145440 
8.766664 	 3.160884 
8.799998 	 3.155736 
8.833331 	 3.160884 
8.866664 	 3.155736 
8.899998 	 3.167319 
8.933331 	 3.154449 
8.966664 	 3.158310 
8.999998 	 3.155736 
9.033331 	 3.166032 
9.066664 	 3.155736 
9.099998 	 3.157023 
9.133331 	 3.159597 
9.166664 	 3.148014 
9.199998 	 3.163458 
9.233331 	 3.150588 
9.266664 	 3.159597 
9.299998 	 3.157023 
9.333331 	 3.158310 
9.366664 	 3.158310 
9.399998 	 3.164745 
9.433331 	 3.159597 
9.466664 	 3.160884 
9.499998 	 3.167319 
9.533331 	 3.158310 
9.566664 	 3.159597 
9.599998 	 3.158310 
9.633331 	 3.162171 
9.666664 	 3.157023 
9.699998 	 3.160884 
9.733331 	 3.166032 
9.766664 	 3.154449 
9.799998 	 3.154449 
9.833331 	 3.160884 
9.866664 	 3.158310 
9.899998 	 3.162171 
9.933331 	 3.163458 
9.966664 	 3.166032 
9.999997 	 3.162171 
10.033331 	 3.168606 
10.066664 	 3.169893 
10.099997 	 3.158310 
10.133331 	 3.159597 
10.166664 	 3.155736 
10.199997 	 3.148014 
10.233331 	 3.166032 
10.266664 	 3.163458 
10.299997 	 3.164745 
10.333331 	 3.159597 
10.366664 	 3.167319 
10.399997 	 3.160884 
10.433331 	 3.155736 
10.466664 	 3.150588 
10.499997 	 3.160884 
10.533331 	 3.159597 
10.566664 	 3.151875 
10.599997 	 3.145440 
10.633331 	 3.158310 
10.666664 	 3.162171 
10.699997 	 3.166032 
10.733331 	 3.150588 
10.766664 	 3.171180 
10.799997 	 3.158310 
10.833331 	 3.162171 
10.866664 	 3.163458 
10.899997 	 3.157023 
10.933331 	 3.148014 
10.966664 	 3.158310 
10.999997 	 3.159597 
11.033331 	 3.155736 
11.066664 	 3.168606 
11.099997 	 3.155736 
11.133331 	 3.155736 
11.166664 	 3.149301 
11.199997 	 3.176328 
11.233331 	 3.163458 
11.266664 	 3.159597 
11.299997 	 3.173754 
11.333330 	 3.168606 
11.366664 	 3.160884 
11.399997 	 3.166032 
11.433330 	 3.158310 
11.466664 	 3.176328 
11.499997 	 3.158310 
11.533330 	 3.163458 
11.566664 	 3.154449 
11.599997 	 3.150588 
11.633330 	 3.158310 
11.666664 	 3.158310 
11.699997 	 3.155736 
11.733330 	 3.154449 
11.766664 	 3.167319 
11.799997 	 3.155736 
11.833330 	 3.160884 
11.866664 	 3.157023 
11.899997 	 3.168606 
11.933330 	 3.157023 
11.966664 	 3.162171 
11.999997 	 3.154449 
12.033330 	 3.154449 
12.066664 	 3.162171 
12.099997 	 3.163458 
12.133330 	 3.160884 
12.166664 	 3.155736 
12.199997 	 3.172467 
12.233330 	 3.164745 
12.266664 	 3.162171 
12.299997 	 3.157023 
12.333330 	 3.157023 
12.366664 	 3.158310 
12.399997 	 3.159597 
12.433330 	 3.160884 
12.466664 	 3.167319 
12.499997 	 3.157023 
12.533330 	 3.173754 
12.566664 	 3.159597 
12.599997 	 3.159597 
12.633330 	 3.164745 
12.666663 	 3.155736 
12.699997 	 3.160884 
12.733330 	 3.151875 
12.766663 	 3.167319 
12.799997 	 3.162171 
12.833330 	 3.157023 
12.866663 	 3.162171 
12.899997 	 3.172467 
12.933330 	 3.158310 
12.966663 	 3.158310 
12.999997 	 3.155736 
13.033330 	 3.149301 
13.066663 	 3.151875 
13.099997 	 3.154449 
13.133330 	 3.159597 
13.166663 	 3.162171 
13.199997 	 3.173754 
13.233330 	 3.162171 
13.266663 	 3.164745 
13.299997 	 3.154449 
13.333330 	 3.162171 
13.366663 	 3.163458 
13.399997 	 3.160884 
13.433330 	 3.160884 
13.466663 	 3.163458 
13.499997 	 3.172467 
13.533330 	 3.166032 
13.566663 	 3.160884 
13.599997 	 3.158310 
13.633330 	 3.158310 
13.666663 	 3.163458 
13.699997 	 3.164745 
13.733330 	 3.162171 
13.766663 	 3.166032 
13.799997 	 3.171180 
13.833330 	 3.159597 
13.866663 	 3.155736 
13.899997 	 3.162171 
13.933330 	 3.168606 
13.966663 	 3.160884 
13.999996 	 3.146727 
14.033330 	 3.159597 
14.066663 	 3.160884 
14.099996 	 3.166032 
14.133330 	 3.158310 
14.166663 	 3.159597 
14.199996 	 3.160884 
14.233330 	 3.148014 
14.266663 	 3.162171 
14.299996 	 3.168606 
14.333330 	 3.160884 
14.366663 	 3.151875 
14.399996 	 3.157023 
14.433330 	 3.157023 
14.466663 	 3.157023 
14.499996 	 3.168606 
14.533330 	 3.155736 
14.566663 	 3.155736 
14.599996 	 3.158310 
14.633330 	 3.164745 
14.666663 	 3.159597 
14.699996 	 3.169893 
14.733330 	 3.159597 
14.766663 	 3.162171 
14.799996 	 3.167319 
14.833330 	 3.166032 
14.866663 	 3.163458 
14.899996 	 3.158310 
14.933330 	 3.162171 
14.966663 	 3.167319 
14.999996 	 3.153162 
15.033330 	 3.163458 
15.066663 	 3.159597 
15.099996 	 3.160884 
15.133330 	 3.148014 
15.166663 	 3.154449 
15.199996 	 3.163458 
15.233330 	 3.158310 
15.266663 	 3.158310 
15.299996 	 3.163458 
15.333329 	 3.160884 
15.366663 	 3.162171 
15.399996 	 3.160884 
15.433329 	 3.158310 
15.466663 	 3.162171 
15.499996 	 3.160884 
15.533329 	 3.155736 
15.566663 	 3.158310 
15.599996 	 3.151875 
15.633329 	 3.168606 
15.666663 	 3.150588 
15.699996 	 3.180189 
15.733329 	 3.154449 
15.766663 	 3.162171 
15.799996 	 3.162171 
15.833329 	 3.153162 
15.866663 	 3.159597 
15.899996 	 3.154449 
15.933329 	 3.160884 
15.966663 	 3.164745 
15.999996 	 3.150588 
16.033329 	 3.169893 
16.066663 	 3.164745 
16.099996 	 3.164745 
16.133329 	 3.169893 
16.166663 	 3.159597 
16.199996 	 3.154449 
16.233329 	 3.159597 
16.266663 	 3.163458 
16.299996 	 3.167319 
16.333329 	 3.167319 
16.366663 	 3.163458 
16.399996 	 3.164745 
16.433329 	 3.167319 
16.466663 	 3.158310 
16.499996 	 3.153162 
16.533329 	 3.167319 
16.566663 	 3.167319 
16.599996 	 3.166032 
16.633329 	 3.158310 
16.666662 	 3.168606 
16.699996 	 3.166032 
16.733329 	 3.157023 
16.766662 	 3.157023 
16.799996 	 3.151875 
16.833329 	 3.157023 
16.866662 	 3.157023 
16.899996 	 3.153162 
16.933329 	 3.166032 
16.966662 	 3.160884 
16.999996 	 3.159597 
17.033329 	 3.164745 
17.066662 	 3.154449 
17.099996 	 3.160884 
17.133329 	 3.159597 
17.166662 	 3.159597 
17.199996 	 3.158310 
17.233329 	 3.162171 
17.266662 	 3.158310 
17.299996 	 3.168606 
17.333329 	 3.155736 
17.366662 	 3.154449 
17.399996 	 3.164745 
17.433329 	 3.175041 
17.466662 	 3.163458 
17.499996 	 3.159597 
17.533329 	 3.160884 
17.566662 	 3.150588 
17.599996 	 3.142865 
17.633329 	 3.158310 
17.666662 	 3.158310 
17.699996 	 3.160884 
17.733329 	 3.164745 
17.766662 	 3.159597 
17.799996 	 3.172467 
17.833329 	 3.167319 
17.866662 	 3.155736 
17.899996 	 3.158310 
17.933329 	 3.150588 
17.966662 	 3.151875 
17.999995 	 3.151875 
18.033329 	 3.151875 
18.066662 	 3.163458 
18.099995 	 3.160884 
18.133329 	 3.158310 
18.166662 	 3.155736 
18.199995 	 3.160884 
18.233329 	 3.164745 
18.266662 	 3.167319 
18.299995 	 3.154449 
18.333329 	 3.155736 
18.366662 	 3.162171 
18.399995 	 3.155736 
18.433329 	 3.163458 
18.466662 	 3.157023 
18.499995 	 3.158310 
18.533329 	 3.167319 
18.566662 	 3.162171 
18.599995 	 3.157023 
18.633329 	 3.158310 
18.666662 	 3.159597 
18.699995 	 3.157023 
18.733329 	 3.163458 
18.766662 	 3.159597 
18.799995 	 3.159597 
18.833329 	 3.142865 
18.866662 	 3.157023 
18.899995 	 3.163458 
18.933329 	 3.159597 
18.966662 	 3.151875 
18.999995 	 3.168606 
19.033329 	 3.162171 
19.066662 	 3.157023 
19.099995 	 3.158310 
19.133329 	 3.167319 
19.166662 	 3.162171 
19.199995 	 3.157023 
19.233329 	 3.153162 
19.266662 	 3.163458 
19.299995 	 3.159597 
19.333328 	 3.162171 
19.366662 	 3.164745 
19.399995 	 3.167319 
19.433328 	 3.164745 
19.466662 	 3.173754 
19.499995 	 3.160884 
19.533328 	 3.158310 
19.566662 	 3.157023 
19.599995 	 3.159597 
19.633328 	 3.160884 
19.666662 	 3.163458 
19.699995 	 3.157023 
19.733328 	 3.167319 
19.766662 	 3.162171 
19.799995 	 3.160884 
19.833328 	 3.153162 
19.866662 	 3.163458 
19.899995 	 3.158310 
19.933328 	 3.160884 
19.966662 	 3.166032 
