0.000000 	 0.004389 
0.010000 	 0.003086 
0.020000 	 0.004063 
0.030000 	 0.003412 
0.040000 	 0.003086 
0.050000 	 0.003737 
0.060000 	 0.003412 
0.070000 	 0.003412 
0.080000 	 0.004389 
0.090000 	 0.003412 
0.100000 	 0.003412 
0.110000 	 0.004389 
0.120000 	 0.003086 
0.130000 	 0.003737 
0.140000 	 0.004389 
0.150000 	 0.002760 
0.160000 	 0.003412 
0.170000 	 0.003412 
0.180000 	 0.002434 
0.190000 	 0.003412 
0.200000 	 0.002760 
0.210000 	 0.004063 
0.220000 	 0.004389 
0.230000 	 0.004389 
0.240000 	 0.002434 
0.250000 	 0.003412 
0.260000 	 0.003737 
0.270000 	 0.003412 
0.280000 	 0.003737 
0.290000 	 0.003412 
0.300000 	 0.003412 
0.310000 	 0.002760 
0.320000 	 0.002760 
0.330000 	 0.003086 
0.340000 	 0.004063 
0.350000 	 0.004063 
0.360000 	 0.003086 
0.370000 	 0.003086 
0.380000 	 0.004389 
0.390000 	 0.003737 
0.400000 	 0.003737 
0.410000 	 0.003086 
0.420000 	 0.003412 
0.430000 	 0.003737 
0.440000 	 0.004063 
0.450000 	 0.003737 
0.460000 	 0.003086 
0.470000 	 0.002760 
0.480000 	 0.003086 
0.490000 	 0.003086 
0.500000 	 0.003737 
0.510000 	 0.003412 
0.520000 	 0.003086 
0.530000 	 0.004063 
0.540000 	 0.003086 
0.550000 	 0.003086 
0.560000 	 0.003737 
0.570000 	 0.003412 
0.580000 	 0.003412 
0.590000 	 0.003737 
0.600000 	 0.003086 
0.610000 	 0.003412 
0.620000 	 0.002760 
0.630000 	 0.002760 
0.640000 	 0.004389 
0.650000 	 0.003086 
0.660000 	 0.004389 
0.670000 	 0.003412 
0.680000 	 0.002434 
0.690000 	 0.002760 
0.700000 	 0.003737 
0.710000 	 0.003737 
0.720000 	 0.004063 
0.730000 	 0.003412 
0.740000 	 0.004389 
0.750000 	 0.003737 
0.760000 	 0.003412 
0.770000 	 0.004063 
0.780000 	 0.002760 
0.790000 	 0.003086 
0.800000 	 0.003086 
0.810000 	 0.003737 
0.820000 	 0.003412 
0.830000 	 0.003086 
0.840000 	 0.002760 
0.850000 	 0.003737 
0.860000 	 0.003412 
0.870000 	 0.004063 
0.880000 	 0.004389 
0.890000 	 0.004063 
0.900000 	 0.004063 
0.910000 	 0.002434 
0.920000 	 0.003412 
0.930000 	 0.003412 
0.940000 	 0.003086 
0.950000 	 0.003412 
0.960000 	 0.003086 
0.970000 	 0.003412 
0.980000 	 0.002760 
0.990000 	 0.002760 
1.000000 	 0.004063 
1.010000 	 0.003086 
1.020000 	 0.003412 
1.030000 	 0.003737 
1.040000 	 0.004389 
1.050000 	 0.004063 
1.060000 	 0.003412 
1.070000 	 0.003737 
1.080000 	 0.004063 
1.090000 	 0.003086 
1.100000 	 0.003086 
1.110000 	 0.002760 
1.120000 	 0.004715 
1.130000 	 0.003737 
1.140000 	 0.002760 
1.150000 	 0.003412 
1.160000 	 0.004389 
1.170000 	 0.003737 
1.180000 	 0.003737 
1.190000 	 0.003412 
1.200000 	 0.003737 
1.210000 	 0.003412 
1.220000 	 0.004389 
1.230000 	 0.004063 
1.240000 	 0.003737 
1.250000 	 0.003737 
1.260000 	 0.003086 
1.270000 	 0.003737 
1.280000 	 0.003737 
1.290000 	 0.002760 
1.300000 	 0.003412 
1.310000 	 0.003086 
1.320000 	 0.003412 
1.330000 	 0.003412 
1.340000 	 0.003086 
1.350000 	 0.004063 
1.360000 	 0.003412 
1.370000 	 0.003412 
1.380000 	 0.003412 
1.390000 	 0.003412 
1.400000 	 0.003737 
1.410000 	 0.003737 
1.420000 	 0.003086 
1.430000 	 0.003737 
1.440000 	 0.003412 
1.450000 	 0.003737 
1.460000 	 0.003412 
1.470000 	 0.003412 
1.480000 	 0.003412 
1.490000 	 0.003412 
1.500000 	 0.002760 
1.510000 	 0.003737 
1.520000 	 0.003737 
1.530000 	 0.003412 
1.540000 	 0.004389 
1.550000 	 0.003412 
1.560000 	 0.003086 
1.570000 	 0.003412 
1.580000 	 0.003086 
1.590000 	 0.003086 
1.600000 	 0.003086 
1.610000 	 0.003086 
1.620000 	 0.002760 
1.630000 	 0.003086 
1.640000 	 0.004063 
1.650000 	 0.003086 
1.660000 	 0.003086 
1.670000 	 0.003737 
1.680000 	 0.003412 
1.690000 	 0.003737 
1.700000 	 0.003737 
1.710000 	 0.003086 
1.720000 	 0.003412 
1.730000 	 0.003412 
1.740000 	 0.003737 
1.750000 	 0.004389 
1.760000 	 0.004063 
1.770000 	 0.002760 
1.780000 	 0.003412 
1.790000 	 0.003737 
1.800000 	 0.003412 
1.810000 	 0.004063 
1.820000 	 0.002760 
1.830000 	 0.002760 
1.840000 	 0.004389 
1.850000 	 0.003412 
1.860000 	 0.003412 
1.870000 	 0.003737 
1.880000 	 0.004063 
1.890000 	 0.003737 
1.900000 	 0.003086 
1.910000 	 0.003412 
1.920000 	 0.003412 
1.930000 	 0.003086 
1.940000 	 0.003737 
1.950000 	 0.003086 
1.960000 	 0.003737 
1.970000 	 0.003086 
1.980000 	 0.002760 
1.990000 	 0.003737 
2.000000 	 0.002760 
2.010000 	 0.004063 
2.020000 	 0.004063 
2.030000 	 0.004063 
2.040000 	 0.003412 
2.050000 	 0.003737 
2.060000 	 0.004063 
2.070000 	 0.003412 
2.080000 	 0.003737 
2.090000 	 0.003737 
2.100000 	 0.003086 
2.110000 	 0.003737 
2.120000 	 0.003086 
2.130000 	 0.003412 
2.140000 	 0.004063 
2.150000 	 0.003086 
2.160000 	 0.002760 
2.170000 	 0.003086 
2.180000 	 0.003737 
2.190000 	 0.004389 
2.200000 	 0.004389 
2.210000 	 0.002434 
2.220000 	 0.003412 
2.230000 	 0.003737 
2.240000 	 0.003412 
2.250000 	 0.003412 
2.260000 	 0.003086 
2.270000 	 0.003412 
2.280000 	 0.004389 
2.290000 	 0.004389 
2.300000 	 0.003412 
2.310000 	 0.003737 
2.320000 	 0.003412 
2.330000 	 0.004063 
2.340000 	 0.004389 
2.350000 	 0.003737 
2.360000 	 0.004389 
2.370000 	 0.003086 
2.380000 	 0.002760 
2.390000 	 0.003412 
2.400000 	 0.003086 
2.410000 	 0.003737 
2.420000 	 0.003412 
2.430000 	 0.002760 
2.440000 	 0.003412 
2.450000 	 0.003737 
2.460000 	 0.002760 
2.470000 	 0.003412 
2.480000 	 0.003737 
2.490000 	 0.003412 
2.500000 	 0.002434 
2.510000 	 0.003086 
2.520000 	 0.003412 
2.530000 	 0.003086 
2.540000 	 0.004389 
2.550000 	 0.003737 
2.560000 	 0.003086 
2.570000 	 0.003086 
2.580000 	 0.003412 
2.590000 	 0.003412 
2.600000 	 0.003737 
2.610000 	 0.004063 
2.620000 	 0.003412 
2.630000 	 0.003412 
2.640000 	 0.003412 
2.650000 	 0.003737 
2.660000 	 0.003086 
2.670000 	 0.003086 
2.680000 	 0.004063 
2.690000 	 0.003412 
2.700000 	 0.002760 
2.710000 	 0.003737 
2.720000 	 0.003412 
2.730000 	 0.003412 
2.740000 	 0.003412 
2.750000 	 0.003086 
2.760000 	 0.003412 
2.770000 	 0.003737 
2.780000 	 0.003412 
2.790000 	 0.003086 
2.800000 	 0.003737 
2.810000 	 0.003737 
2.820000 	 0.002434 
2.830000 	 0.002760 
2.840000 	 0.004389 
2.850000 	 0.004389 
2.860000 	 0.003737 
2.870000 	 0.003412 
2.880000 	 0.004389 
2.890000 	 0.003086 
2.900000 	 0.003737 
2.910000 	 0.003737 
2.920000 	 0.003737 
2.930000 	 0.003412 
2.940000 	 0.004063 
2.950000 	 0.003737 
2.960000 	 0.003737 
2.970000 	 0.003086 
2.980000 	 0.002434 
2.990000 	 0.003412 
3.000000 	 0.003737 
3.010000 	 0.003086 
3.020000 	 0.004063 
3.030000 	 0.003412 
3.040000 	 0.004389 
3.050000 	 0.003737 
3.060000 	 0.003412 
3.070000 	 0.003737 
3.080000 	 0.003086 
3.090000 	 0.003412 
3.100000 	 0.003412 
3.110000 	 0.002434 
3.120000 	 0.003412 
3.130000 	 0.003737 
3.140000 	 0.004063 
3.150000 	 0.003412 
3.160000 	 0.003412 
3.170000 	 0.003086 
3.180000 	 0.003412 
3.190000 	 0.004063 
3.200000 	 0.004389 
3.210000 	 0.003086 
3.220000 	 0.003086 
3.230000 	 0.003086 
3.240000 	 0.004389 
3.250000 	 0.004063 
3.260000 	 0.003737 
3.270000 	 0.003086 
3.280000 	 0.003737 
3.290000 	 0.003737 
3.300000 	 0.003412 
3.310000 	 0.003086 
3.320000 	 0.003412 
3.330000 	 0.003737 
3.340000 	 0.003737 
3.350000 	 0.003737 
3.360000 	 0.003737 
3.370000 	 0.003086 
3.380000 	 0.003412 
3.390000 	 0.003412 
3.400000 	 0.003737 
3.410000 	 0.003412 
3.420000 	 0.004063 
3.430000 	 0.003086 
3.440000 	 0.003086 
3.450000 	 0.003412 
3.460000 	 0.003086 
3.470000 	 0.003737 
3.480000 	 0.003412 
3.490000 	 0.003086 
3.500000 	 0.003737 
3.510000 	 0.003086 
3.520000 	 0.004063 
3.530000 	 0.003412 
3.540000 	 0.003086 
3.550000 	 0.003086 
3.560000 	 0.002108 
3.570000 	 0.003412 
3.580000 	 0.003737 
3.590000 	 0.003412 
3.600000 	 0.002434 
3.610000 	 0.003412 
3.620000 	 0.003737 
3.630000 	 0.004063 
3.640000 	 0.003737 
3.650000 	 0.003412 
3.660000 	 0.003737 
3.670000 	 0.004389 
3.680000 	 0.002434 
3.690000 	 0.002760 
3.700000 	 0.003737 
3.710000 	 0.003412 
3.720000 	 0.003737 
3.730000 	 0.003737 
3.740000 	 0.003737 
3.750000 	 0.003412 
3.760000 	 0.003086 
3.770000 	 0.003086 
3.780000 	 0.003086 
3.790000 	 0.003737 
3.800000 	 0.004063 
3.810000 	 0.004063 
3.820000 	 0.003737 
3.830000 	 0.002760 
3.840000 	 0.003412 
3.850000 	 0.002760 
3.860000 	 0.002760 
3.870000 	 0.003412 
3.880000 	 0.004389 
3.890000 	 0.003737 
3.900000 	 0.003737 
3.910000 	 0.002760 
3.920000 	 0.003412 
3.930000 	 0.002760 
3.940000 	 0.004389 
3.950000 	 0.003412 
3.960000 	 0.003737 
3.970000 	 0.003086 
3.980000 	 0.003412 
3.990000 	 0.003737 
4.000000 	 0.003737 
4.010000 	 0.003086 
4.020000 	 0.003412 
4.030000 	 0.004389 
4.040000 	 0.004389 
4.050000 	 0.003086 
4.060000 	 0.002760 
4.070000 	 0.003737 
4.080000 	 0.002434 
4.090000 	 0.003412 
4.100000 	 0.004389 
4.110000 	 0.003086 
4.120000 	 0.003737 
4.130000 	 0.003737 
4.140000 	 0.003412 
4.150000 	 0.003086 
4.160000 	 0.002760 
4.170000 	 0.003412 
4.180000 	 0.004063 
4.190000 	 0.003412 
4.200000 	 0.002434 
4.210000 	 0.003737 
4.220000 	 0.003737 
4.230000 	 0.003737 
4.240000 	 0.002434 
4.250000 	 0.003737 
4.260000 	 0.002760 
4.270000 	 0.002760 
4.280000 	 0.003086 
4.290000 	 0.003412 
4.300000 	 0.002760 
4.310000 	 0.004063 
4.320000 	 0.003086 
4.330000 	 0.002760 
4.340000 	 0.003086 
4.350000 	 0.004063 
4.360000 	 0.003086 
4.370000 	 0.003737 
4.380000 	 0.003086 
4.390000 	 0.003737 
4.400000 	 0.003086 
4.410000 	 0.003086 
4.420000 	 0.003086 
4.430000 	 0.003412 
4.440000 	 0.003412 
4.450000 	 0.002760 
4.460000 	 0.004389 
4.470000 	 0.003412 
4.480000 	 0.003086 
4.490000 	 0.002760 
4.500000 	 0.002760 
4.510000 	 0.003737 
4.520000 	 0.003737 
4.530000 	 0.002760 
4.540000 	 0.003412 
4.550000 	 0.003737 
4.560000 	 0.003737 
4.570000 	 0.003412 
4.580000 	 0.003737 
4.590000 	 0.003412 
