0.000000 	 0.974977 
0.020000 	 0.974977 
0.040000 	 0.974977 
0.060000 	 0.974977 
0.080000 	 0.974977 
0.100000 	 0.974977 
0.120000 	 0.974977 
0.140000 	 0.974977 
0.160000 	 0.974977 
0.180000 	 0.974977 
0.200000 	 0.974977 
0.220000 	 0.974977 
0.240000 	 0.974977 
0.260000 	 0.974977 
0.280000 	 0.974977 
0.300000 	 0.974977 
0.320000 	 0.974977 
0.340000 	 0.974977 
0.360000 	 0.974977 
0.380000 	 0.974977 
0.400000 	 0.974977 
0.420000 	 0.974977 
0.440000 	 0.974977 
0.460000 	 0.974977 
0.480000 	 0.974977 
0.500000 	 0.974977 
0.520000 	 0.974977 
0.540000 	 0.974977 
0.560000 	 0.974977 
0.580000 	 0.974977 
0.600000 	 0.974977 
0.620000 	 0.974977 
0.640000 	 0.974977 
0.660000 	 0.974977 
0.680000 	 0.974977 
0.700000 	 0.974977 
0.720000 	 0.974977 
0.740000 	 0.974977 
0.760000 	 0.974977 
0.780000 	 0.974977 
0.800000 	 0.974977 
0.820000 	 0.974977 
0.840000 	 0.974977 
0.860000 	 0.974977 
0.880000 	 0.974977 
0.900000 	 0.974977 
0.920000 	 0.974977 
0.940000 	 0.974977 
0.960000 	 0.974977 
0.980000 	 0.974977 
1.000000 	 0.974977 
1.020000 	 0.974977 
1.040000 	 0.974977 
1.060000 	 0.985162 
1.080000 	 0.974977 
1.100000 	 0.974977 
1.120000 	 0.974977 
1.140000 	 0.974977 
1.160000 	 0.974977 
1.180000 	 0.974977 
1.200000 	 0.974977 
1.220000 	 0.974977 
1.240000 	 0.974977 
1.260000 	 0.985162 
1.280000 	 0.974977 
1.300000 	 0.964793 
1.320000 	 0.974977 
1.340000 	 0.974977 
1.360000 	 0.974977 
1.380000 	 0.974977 
1.400000 	 0.974977 
1.420000 	 0.974977 
1.440000 	 0.974977 
1.460000 	 0.974977 
1.480000 	 0.974977 
1.500000 	 0.974977 
1.520000 	 0.974977 
1.540000 	 0.974977 
1.560000 	 0.985162 
1.580000 	 0.974977 
1.600000 	 0.974977 
1.620000 	 0.974977 
1.640000 	 0.974977 
1.660000 	 0.974977 
1.680000 	 0.974977 
1.700000 	 0.974977 
1.720000 	 0.974977 
1.740000 	 0.974977 
1.760000 	 0.974977 
1.780000 	 0.974977 
1.800000 	 0.974977 
1.820000 	 0.974977 
1.840000 	 0.974977 
1.860000 	 0.974977 
1.880000 	 0.974977 
1.900000 	 0.974977 
1.920000 	 0.974977 
1.940000 	 0.974977 
1.960000 	 0.974977 
1.980000 	 0.974977 
2.000000 	 0.974977 
2.020000 	 0.974977 
2.040000 	 0.974977 
2.060000 	 0.974977 
2.080000 	 0.974977 
2.100000 	 0.974977 
2.120000 	 0.974977 
2.140000 	 0.974977 
2.160000 	 0.974977 
2.180000 	 0.974977 
2.200000 	 0.974977 
2.220000 	 0.974977 
2.240000 	 0.974977 
2.260000 	 0.974977 
2.280000 	 0.974977 
2.300000 	 0.974977 
2.320000 	 0.974977 
2.340000 	 0.974977 
2.360000 	 0.974977 
2.380000 	 0.974977 
2.400000 	 0.974977 
2.420000 	 0.974977 
2.440000 	 0.974977 
2.460000 	 0.974977 
2.480000 	 0.974977 
2.500000 	 0.974977 
2.520000 	 0.974977 
2.540000 	 0.974977 
2.560000 	 0.974977 
2.580000 	 0.974977 
2.600000 	 0.974977 
2.620000 	 0.974977 
2.640000 	 0.974977 
2.660000 	 0.974977 
2.680000 	 0.974977 
2.700000 	 0.974977 
2.720000 	 0.974977 
2.740000 	 0.974977 
2.760000 	 0.974977 
2.780000 	 0.974977 
2.800000 	 0.974977 
2.820000 	 0.974977 
2.840000 	 0.974977 
2.860000 	 0.974977 
2.880000 	 0.974977 
2.900000 	 0.974977 
2.920000 	 0.974977 
2.940000 	 0.974977 
2.960000 	 0.974977 
2.980000 	 0.974977 
3.000000 	 0.974977 
3.020000 	 0.974977 
3.040000 	 0.974977 
3.060000 	 0.974977 
3.080000 	 0.974977 
3.100000 	 0.974977 
3.120000 	 0.974977 
3.140000 	 0.974977 
3.160000 	 0.974977 
3.180000 	 0.974977 
3.200000 	 0.974977 
3.220000 	 0.974977 
3.240000 	 0.974977 
3.260000 	 0.974977 
3.280000 	 0.974977 
3.300000 	 0.974977 
3.320000 	 0.974977 
3.340000 	 0.974977 
3.360000 	 0.974977 
3.380000 	 0.974977 
3.400000 	 0.974977 
3.420000 	 0.974977 
3.440000 	 0.974977 
3.460000 	 0.974977 
3.480000 	 0.974977 
3.500000 	 0.974977 
3.520000 	 0.964793 
3.540000 	 0.974977 
3.560000 	 0.974977 
3.580000 	 0.974977 
3.600000 	 0.974977 
3.620000 	 0.974977 
3.640000 	 0.974977 
3.660000 	 0.974977 
3.680000 	 0.974977 
3.700000 	 0.974977 
3.720000 	 0.974977 
3.740000 	 0.974977 
3.760000 	 0.974977 
3.780000 	 0.974977 
3.800000 	 0.974977 
3.820000 	 0.974977 
3.840000 	 0.974977 
3.860000 	 0.974977 
3.880000 	 0.974977 
3.900000 	 0.974977 
3.920000 	 0.974977 
3.940000 	 0.974977 
3.960000 	 0.974977 
3.980000 	 0.974977 
4.000000 	 0.974977 
4.020000 	 0.974977 
4.040000 	 0.974977 
4.060000 	 0.974977 
4.080000 	 0.974977 
4.100000 	 0.974977 
4.120000 	 0.974977 
4.140000 	 0.974977 
4.160000 	 0.974977 
4.180000 	 0.974977 
4.200000 	 0.974977 
4.220000 	 0.974977 
4.240000 	 0.974977 
4.260000 	 0.974977 
4.280000 	 0.974977 
4.300000 	 0.974977 
4.320000 	 0.974977 
4.340000 	 0.974977 
4.360000 	 0.974977 
4.380000 	 0.974977 
4.400000 	 0.974977 
4.420000 	 0.974977 
4.440000 	 0.974977 
4.460000 	 0.974977 
4.480000 	 0.974977 
4.500000 	 0.974977 
4.520000 	 0.974977 
4.540000 	 0.974977 
4.560000 	 0.974977 
4.580000 	 0.974977 
4.600000 	 0.974977 
4.620000 	 0.974977 
4.640000 	 0.974977 
4.660000 	 0.974977 
4.680000 	 0.974977 
4.700000 	 0.974977 
4.720000 	 0.974977 
4.740000 	 0.974977 
4.760000 	 0.974977 
4.780000 	 0.974977 
4.800000 	 0.974977 
4.820000 	 0.974977 
4.840000 	 0.974977 
4.860000 	 0.974977 
4.880000 	 0.974977 
4.900000 	 0.974977 
4.920000 	 0.974977 
4.940000 	 0.974977 
4.960000 	 0.974977 
4.980000 	 0.974977 
5.000000 	 0.974977 
5.020000 	 0.974977 
5.040000 	 0.974977 
5.060000 	 0.974977 
5.080000 	 0.974977 
5.100000 	 0.974977 
5.120000 	 0.974977 
5.140000 	 0.974977 
5.160000 	 0.974977 
5.180000 	 0.974977 
5.200000 	 0.964793 
5.220000 	 0.974977 
5.240000 	 0.974977 
5.260000 	 0.974977 
5.280000 	 0.974977 
5.300000 	 0.974977 
5.320000 	 0.974977 
5.340000 	 0.974977 
5.360000 	 0.974977 
5.380000 	 0.974977 
5.400000 	 0.974977 
5.420000 	 0.974977 
5.440000 	 0.974977 
5.460000 	 0.974977 
5.480000 	 0.974977 
5.500000 	 0.974977 
5.520000 	 0.974977 
5.540000 	 0.974977 
5.560000 	 0.974977 
5.580000 	 0.974977 
5.600000 	 0.974977 
5.620000 	 0.974977 
5.640000 	 0.974977 
5.660000 	 0.974977 
5.680000 	 0.974977 
5.700000 	 0.964793 
5.720000 	 0.974977 
5.740000 	 0.974977 
5.760000 	 0.974977 
5.780000 	 0.974977 
5.800000 	 0.974977 
5.820000 	 0.974977 
5.840000 	 0.974977 
5.860000 	 0.974977 
5.880000 	 0.974977 
5.900000 	 0.974977 
5.920000 	 0.974977 
5.940000 	 0.974977 
5.960000 	 0.974977 
5.980000 	 0.974977 
6.000000 	 0.974977 
6.020000 	 0.974977 
6.040000 	 0.974977 
6.060000 	 0.974977 
6.080000 	 0.974977 
6.100000 	 0.974977 
6.120000 	 0.974977 
6.140000 	 0.974977 
6.160000 	 0.974977 
6.180000 	 0.974977 
6.200000 	 0.974977 
6.220000 	 0.974977 
6.240000 	 0.974977 
6.260000 	 0.974977 
6.280000 	 0.974977 
6.300000 	 0.974977 
6.320000 	 0.974977 
6.340000 	 0.974977 
6.360000 	 0.974977 
6.380000 	 0.974977 
6.400000 	 0.974977 
6.420000 	 0.974977 
6.440000 	 0.974977 
6.460000 	 0.974977 
6.480000 	 0.974977 
6.500000 	 0.974977 
6.520000 	 0.974977 
6.540000 	 0.974977 
6.560000 	 0.974977 
6.580000 	 0.974977 
6.600000 	 0.974977 
6.620000 	 0.974977 
6.640000 	 0.974977 
6.660000 	 0.974977 
6.680000 	 0.974977 
6.700000 	 0.974977 
6.720000 	 0.964793 
6.740000 	 0.974977 
6.760000 	 0.985162 
6.780000 	 0.974977 
6.800000 	 0.974977 
6.820000 	 0.974977 
6.840000 	 0.974977 
6.860000 	 0.985162 
6.880000 	 0.974977 
6.900000 	 0.974977 
6.920000 	 0.974977 
6.940000 	 0.974977 
6.960000 	 0.974977 
6.980000 	 0.974977 
7.000000 	 0.974977 
7.020000 	 0.964793 
7.040000 	 0.974977 
7.060000 	 0.974977 
7.080000 	 0.974977 
7.100000 	 0.974977 
7.120000 	 0.974977 
7.140000 	 0.974977 
7.160000 	 0.974977 
7.180000 	 0.974977 
7.200000 	 0.974977 
7.220000 	 0.974977 
7.240000 	 0.974977 
7.260000 	 0.974977 
7.280000 	 0.974977 
7.300000 	 0.974977 
7.320000 	 0.964793 
7.340000 	 0.974977 
7.360000 	 0.974977 
7.380000 	 0.974977 
7.400000 	 0.974977 
7.420000 	 0.974977 
7.440000 	 0.974977 
7.460000 	 0.974977 
7.480000 	 0.974977 
7.500000 	 0.974977 
7.520000 	 0.964793 
7.540000 	 0.974977 
7.560000 	 0.974977 
7.580000 	 0.974977 
7.600000 	 0.974977 
7.620000 	 0.974977 
7.640000 	 0.974977 
7.660000 	 0.974977 
7.680000 	 0.974977 
7.700000 	 0.974977 
7.720000 	 0.974977 
7.740000 	 0.974977 
7.760000 	 0.974977 
7.780000 	 0.974977 
7.800000 	 0.974977 
7.820000 	 0.974977 
7.840000 	 0.974977 
7.860000 	 0.974977 
7.880000 	 0.974977 
7.900000 	 0.974977 
7.920000 	 0.974977 
7.940000 	 0.974977 
7.960000 	 0.974977 
7.980000 	 0.974977 
8.000000 	 0.974977 
8.020000 	 0.974977 
8.040000 	 0.974977 
8.060000 	 0.974977 
8.080000 	 0.964793 
8.100000 	 0.974977 
8.120000 	 0.974977 
8.140000 	 0.974977 
8.160000 	 0.974977 
8.180000 	 0.974977 
8.200000 	 0.964793 
8.220000 	 0.974977 
8.240000 	 0.974977 
8.260000 	 0.974977 
8.280000 	 0.974977 
8.300000 	 0.974977 
8.320000 	 0.974977 
8.340000 	 0.974977 
8.360000 	 0.974977 
8.380000 	 0.974977 
8.400000 	 0.974977 
8.420000 	 0.974977 
8.440000 	 0.974977 
8.460000 	 0.974977 
8.480000 	 0.974977 
8.500000 	 0.974977 
8.520000 	 0.974977 
8.540000 	 0.974977 
8.560000 	 0.974977 
8.580000 	 0.974977 
8.600000 	 0.974977 
8.620000 	 0.974977 
8.640000 	 0.974977 
8.660000 	 0.974977 
8.680000 	 0.974977 
8.700000 	 0.974977 
8.720000 	 0.974977 
8.740000 	 0.974977 
8.760000 	 0.974977 
8.780000 	 0.974977 
8.800000 	 0.974977 
8.820000 	 0.974977 
8.840000 	 0.974977 
8.860000 	 0.974977 
8.880000 	 0.974977 
8.900000 	 0.964793 
8.920000 	 0.964793 
8.940000 	 0.974977 
8.960000 	 0.974977 
8.980000 	 0.974977 
9.000000 	 0.974977 
9.020000 	 0.974977 
9.040000 	 0.974977 
9.060000 	 0.974977 
9.080000 	 0.974977 
9.100000 	 0.974977 
9.120000 	 0.974977 
9.140000 	 0.974977 
9.160000 	 0.974977 
9.180000 	 0.974977 
9.200000 	 0.974977 
9.220000 	 0.974977 
9.240000 	 0.974977 
9.260000 	 0.974977 
9.280000 	 0.974977 
9.300000 	 0.974977 
9.320000 	 0.974977 
9.340000 	 0.974977 
9.360000 	 0.974977 
9.380000 	 0.964793 
9.400000 	 0.974977 
9.420000 	 0.974977 
9.440000 	 0.974977 
9.460000 	 0.974977 
9.480000 	 0.974977 
9.500000 	 0.974977 
9.520000 	 0.974977 
9.540000 	 0.974977 
9.560000 	 0.974977 
9.580000 	 0.974977 
9.600000 	 0.974977 
9.620000 	 0.974977 
9.640000 	 0.974977 
9.660000 	 0.974977 
9.680000 	 0.974977 
9.700000 	 0.974977 
9.720000 	 0.974977 
9.740000 	 0.974977 
9.760000 	 0.974977 
9.780000 	 0.974977 
9.800000 	 0.974977 
9.820000 	 0.974977 
9.840000 	 0.974977 
9.860000 	 0.974977 
9.880000 	 0.974977 
9.900000 	 0.974977 
9.920000 	 0.974977 
9.940000 	 0.974977 
9.960000 	 0.974977 
9.980000 	 0.974977 
