Times (s)	Voltage (Volts)
0.000000	1.865669
0.005000	1.865019
0.010000	1.866967
0.015000	1.865344
0.020000	1.866967
0.025000	1.864370
0.030000	1.865669
0.035000	1.865019
0.040000	1.865344
0.045000	1.864370
0.050000	1.862748
0.055000	1.865344
0.060000	1.865019
0.065000	1.865344
0.070000	1.861774
0.075000	1.864370
0.080000	1.865019
0.085000	1.866318
0.090000	1.865993
0.095000	1.864370
0.100000	1.863072
0.105000	1.864370
0.110000	1.863721
0.115000	1.864695
0.120000	1.862423
0.125000	1.866642
0.130000	1.864046
0.135000	1.864046
0.140000	1.864695
0.145000	1.862748
0.150000	1.864695
0.155000	1.865344
0.160000	1.863721
0.165000	1.864695
0.170000	1.865019
0.175000	1.862423
0.180000	1.863397
0.185000	1.865019
0.190000	1.863721
0.195000	1.863397
0.200000	1.863397
0.205000	1.863072
0.210000	1.864695
0.215000	1.865019
0.220000	1.865019
0.225000	1.862423
0.230000	1.864370
0.235000	1.864046
0.240000	1.864046
0.245000	1.862098
0.250000	1.865019
0.255000	1.865019
0.260000	1.862748
0.265000	1.864695
0.270000	1.864370
0.275000	1.865344
0.280000	1.864046
0.285000	1.864695
0.290000	1.865019
0.295000	1.862423
0.300000	1.865019
0.305000	1.864046
0.310000	1.863072
0.315000	1.864046
0.320000	1.863072
0.325000	1.864695
0.330000	1.864046
0.335000	1.863397
0.340000	1.865019
0.345000	1.862423
0.350000	1.864046
0.355000	1.863721
0.360000	1.864046
0.365000	1.865669
0.370000	1.865993
0.375000	1.866642
0.380000	1.865344
0.385000	1.863397
0.390000	1.863072
0.395000	1.861125
0.400000	1.865669
0.405000	1.865669
0.410000	1.865019
0.415000	1.864046
0.420000	1.866318
0.425000	1.865019
0.430000	1.865993
0.435000	1.864695
0.440000	1.864370
0.445000	1.865019
0.450000	1.862423
0.455000	1.864046
0.460000	1.865669
0.465000	1.864370
0.470000	1.863397
0.475000	1.865669
0.480000	1.861774
0.485000	1.864695
0.490000	1.863397
0.495000	1.865019
0.500000	1.865344
0.505000	1.864046
0.510000	1.865344
0.515000	1.865993
0.520000	1.864695
0.525000	1.865993
0.530000	1.865993
0.535000	1.865344
0.540000	1.865669
0.545000	1.865344
0.550000	1.863721
0.555000	1.865344
0.560000	1.865993
0.565000	1.865993
0.570000	1.864370
0.575000	1.865993
0.580000	1.865344
0.585000	1.864695
0.590000	1.865669
0.595000	1.864370
0.600000	1.864695
0.605000	1.865993
0.610000	1.864695
0.615000	1.865344
0.620000	1.865993
0.625000	1.866318
0.630000	1.865993
0.635000	1.866318
0.640000	1.865993
0.645000	1.866318
0.650000	1.865993
0.655000	1.865993
0.660000	1.865993
0.665000	1.865019
0.670000	1.864695
0.675000	1.865344
0.680000	1.865993
0.685000	1.865344
0.690000	1.865344
0.695000	1.864046
0.700000	1.864370
0.705000	1.865669
0.710000	1.865669
0.715000	1.865344
0.720000	1.865019
0.725000	1.865344
0.730000	1.865344
0.735000	1.864695
0.740000	1.864695
0.745000	1.864370
0.750000	1.864695
0.755000	1.865019
0.760000	1.863721
0.765000	1.865019
0.770000	1.864695
0.775000	1.864046
0.780000	1.864695
0.785000	1.865019
0.790000	1.866642
0.795000	1.865344
0.800000	1.865344
0.805000	1.865669
0.810000	1.865019
0.815000	1.865019
0.820000	1.865344
0.825000	1.862098
0.830000	1.864046
0.835000	1.865669
0.840000	1.862748
0.845000	1.865019
0.850000	1.864695
0.855000	1.865019
0.860000	1.864046
0.865000	1.864695
0.870000	1.864370
0.875000	1.864370
0.880000	1.864695
0.885000	1.864046
0.890000	1.864370
0.895000	1.864046
0.900000	1.863721
0.905000	1.862098
0.910000	1.863721
0.915000	1.863397
0.920000	1.862423
0.925000	1.863397
0.930000	1.861774
0.935000	1.861449
0.940000	1.861449
0.945000	1.862748
0.950000	1.863397
0.955000	1.864046
0.960000	1.861774
0.965000	1.863072
0.970000	1.860151
0.975000	1.862423
0.980000	1.862098
0.985000	1.861449
0.990000	1.864370
0.995000	1.862098
1.000000	1.862098
1.005000	1.862423
1.010000	1.861774
1.015000	1.862423
1.020000	1.862423
1.025000	1.864370
1.030000	1.862098
1.035000	1.862748
1.040000	1.861125
1.045000	1.860151
1.050000	1.861774
1.055000	1.862748
1.060000	1.859827
1.065000	1.860151
1.070000	1.860151
1.075000	1.860800
1.080000	1.858528
1.085000	1.855607
1.090000	1.854634
1.095000	1.855283
1.100000	1.853660
1.105000	1.853011
1.110000	1.851064
1.115000	1.853011
1.120000	1.853985
1.125000	1.851713
1.130000	1.852362
1.135000	1.852686
1.140000	1.852037
1.145000	1.850414
1.150000	1.850414
1.155000	1.849116
1.160000	1.849116
1.165000	1.847169
1.170000	1.847493
1.175000	1.848467
1.180000	1.850739
1.185000	1.851388
1.190000	1.857230
1.195000	1.864695
1.200000	1.865019
1.205000	1.873458
1.210000	1.878975
1.215000	1.887414
1.220000	1.898124
1.225000	1.910133
1.230000	1.920843
1.235000	1.936097
1.240000	1.945834
1.245000	1.959141
1.250000	1.973746
1.255000	1.993868
1.260000	2.009122
1.265000	2.026324
1.270000	2.048069
1.275000	2.068516
1.280000	2.089612
1.285000	2.113305
1.290000	2.136024
1.295000	2.157120
1.300000	2.181786
1.305000	2.207101
1.310000	2.234040
1.315000	2.262601
1.320000	2.292135
1.325000	2.321994
1.330000	2.351853
1.335000	2.386581
1.340000	2.414493
1.345000	2.449869
1.350000	2.482325
1.355000	2.517052
1.360000	2.550482
1.365000	2.586832
1.370000	2.624156
1.375000	2.661155
1.380000	2.695234
1.385000	2.732882
1.390000	2.774101
1.395000	2.811100
1.400000	2.849398
1.405000	2.885748
1.410000	2.923721
1.415000	2.967861
1.420000	3.006808
1.425000	3.045754
1.430000	3.087622
1.435000	3.123648
1.440000	3.169410
1.445000	3.205760
1.450000	3.245032
1.455000	3.281382
1.460000	3.322925
1.465000	3.363819
1.470000	3.405362
1.475000	3.443011
1.480000	3.481633
1.485000	3.518308
1.490000	3.558553
1.495000	3.591008
1.500000	3.625736
1.505000	3.662735
1.510000	3.690972
1.515000	3.735111
1.520000	3.763348
1.525000	3.802294
1.530000	3.831504
1.535000	3.866881
1.540000	3.894468
1.545000	3.926275
1.550000	3.954836
1.555000	3.985019
1.560000	4.011308
1.565000	4.034676
1.570000	4.066158
1.575000	4.086605
1.580000	4.113219
1.585000	4.136912
1.590000	4.157683
1.595000	4.176832
1.600000	4.194683
1.605000	4.210910
1.610000	4.229735
1.615000	4.250506
1.620000	4.265760
1.625000	4.281988
1.630000	4.295944
1.635000	4.308277
1.640000	4.326777
1.645000	4.334242
1.650000	4.343654
1.655000	4.352417
1.660000	4.359882
1.665000	4.370916
1.670000	4.374162
1.675000	4.377083
1.680000	4.386495
1.685000	4.386171
1.690000	4.393960
1.695000	4.392986
1.700000	4.390714
1.705000	4.384872
1.710000	4.390714
1.715000	4.390714
1.720000	4.385846
1.725000	4.379355
1.730000	4.375136
1.735000	4.368645
1.740000	4.362478
1.745000	4.355013
1.750000	4.343654
1.755000	4.334242
1.760000	4.324830
1.765000	4.310225
1.770000	4.299514
1.775000	4.284260
1.780000	4.270304
1.785000	4.257971
1.790000	4.237849
1.795000	4.220972
1.800000	4.202472
1.805000	4.180402
1.810000	4.156710
1.815000	4.139833
1.820000	4.116789
1.825000	4.096991
1.830000	4.071351
1.835000	4.050255
1.840000	4.020071
1.845000	3.992484
1.850000	3.964572
1.855000	3.936011
1.860000	3.908424
1.865000	3.877267
1.870000	3.842864
1.875000	3.814303
1.880000	3.779251
1.885000	3.746471
1.890000	3.714664
1.895000	3.679937
1.900000	3.642613
1.905000	3.605289
1.910000	3.579324
1.915000	3.540053
1.920000	3.502729
1.925000	3.467353
1.930000	3.427757
1.935000	3.392705
1.940000	3.353109
1.945000	3.313188
1.950000	3.273268
1.955000	3.236269
1.960000	3.199918
1.965000	3.159998
1.970000	3.120402
1.975000	3.085026
1.980000	3.044781
1.985000	3.007132
1.990000	2.972080
1.995000	2.934756
2.000000	2.895485
2.005000	2.855889
2.010000	2.818890
2.015000	2.784162
2.020000	2.754303
2.025000	2.716654
2.030000	2.682252
2.035000	2.650120
2.040000	2.613446
2.045000	2.583586
2.050000	2.549184
2.055000	2.516728
2.060000	2.485895
2.065000	2.458308
2.070000	2.429747
2.075000	2.403782
2.080000	2.373274
2.085000	2.349582
2.090000	2.323293
2.095000	2.297653
2.100000	2.271364
2.105000	2.244101
2.110000	2.224303
2.115000	2.205154
2.120000	2.185356
2.125000	2.166532
2.130000	2.149331
2.135000	2.133103
2.140000	2.118498
2.145000	2.103568
2.150000	2.087665
2.155000	2.075007
2.160000	2.067542
2.165000	2.054560
2.170000	2.046446
2.175000	2.038008
2.180000	2.029569
2.185000	2.023727
2.190000	2.019508
2.195000	2.015613
2.200000	2.009447
2.205000	2.008473
2.210000	2.005228
2.215000	2.006526
2.220000	2.008149
2.225000	2.010421
2.230000	2.016912
2.235000	2.019184
2.240000	2.021455
2.245000	2.028596
2.250000	2.037359
2.255000	2.044823
2.260000	2.053911
2.265000	2.065271
2.270000	2.075656
2.275000	2.087016
2.280000	2.099024
2.285000	2.116226
2.290000	2.128234
2.295000	2.142515
2.300000	2.160690
2.305000	2.173348
2.310000	2.195742
2.315000	2.214891
2.320000	2.237610
2.325000	2.258057
2.330000	2.279477
2.335000	2.302196
2.340000	2.329135
2.345000	2.349906
2.350000	2.376520
2.355000	2.403782
2.360000	2.429747
2.365000	2.455387
2.370000	2.484272
2.375000	2.517377
2.380000	2.544315
2.385000	2.575473
2.390000	2.606630
2.395000	2.636814
2.400000	2.671541
2.405000	2.703023
2.410000	2.733207
2.415000	2.772803
2.420000	2.803960
2.425000	2.839337
2.430000	2.871792
2.435000	2.907169
2.440000	2.941896
2.445000	2.978571
2.450000	3.011676
2.455000	3.052245
2.460000	3.088920
2.465000	3.121700
2.470000	3.161296
2.475000	3.194076
2.480000	3.229778
2.485000	3.266777
2.490000	3.307346
2.495000	3.338828
2.500000	3.373556
2.505000	3.410880
2.510000	3.442037
2.515000	3.479686
2.520000	3.511492
2.525000	3.546544
2.530000	3.580947
2.535000	3.608534
2.540000	3.641315
2.545000	3.674419
2.550000	3.705901
2.555000	3.735111
2.560000	3.762049
2.565000	3.789961
2.570000	3.818522
2.575000	3.849355
2.580000	3.875644
2.585000	3.903880
2.590000	3.928871
2.595000	3.952239
2.600000	3.971388
2.605000	3.990861
2.610000	4.013580
2.615000	4.037273
2.620000	4.057395
2.625000	4.077193
2.630000	4.093097
2.635000	4.110947
2.640000	4.127499
2.645000	4.145026
2.650000	4.157683
2.655000	4.172937
2.660000	4.183972
2.665000	4.197928
2.670000	4.207016
2.675000	4.219673
2.680000	4.222919
2.685000	4.232331
2.690000	4.240770
2.695000	4.247910
2.700000	4.249208
2.705000	4.251804
2.710000	4.252778
2.715000	4.257971
2.720000	4.259269
2.725000	4.258620
2.730000	4.258296
2.735000	4.257322
2.740000	4.253427
2.745000	4.250182
2.750000	4.249533
2.755000	4.243691
2.760000	4.236875
2.765000	4.225515
2.770000	4.217401
2.775000	4.214156
2.780000	4.198902
2.785000	4.187218
2.790000	4.174236
2.795000	4.161578
2.800000	4.150868
2.805000	4.135938
2.810000	4.113868
2.815000	4.108026
2.820000	4.082711
2.825000	4.073299
2.830000	4.049281
2.835000	4.028185
2.840000	4.007738
2.845000	3.985993
2.850000	3.963274
2.855000	3.937634
2.860000	3.913942
2.865000	3.886679
2.870000	3.865583
2.875000	3.834101
2.880000	3.812031
2.885000	3.778602
2.890000	3.750690
2.895000	3.722454
2.900000	3.689349
2.905000	3.661437
2.910000	3.628008
2.915000	3.603017
2.920000	3.570561
2.925000	3.534536
2.930000	3.504352
2.935000	3.471247
2.940000	3.436195
2.945000	3.406011
2.950000	3.369337
2.955000	3.332337
2.960000	3.301829
2.965000	3.265154
2.970000	3.229453
2.975000	3.196024
2.980000	3.161945
2.985000	3.125595
2.990000	3.090543
2.995000	3.053868
3.000000	3.020114
3.005000	2.986685
3.010000	2.949037
3.015000	2.922423
3.020000	2.891266
3.025000	2.855889
3.030000	2.824407
3.035000	2.789030
3.040000	2.761768
3.045000	2.725417
3.050000	2.697181
3.055000	2.669594
3.060000	2.636489
3.065000	2.607604
3.070000	2.581315
3.075000	2.554052
3.080000	2.523544
3.085000	2.496281
3.090000	2.477457
3.095000	2.450519
3.100000	2.426177
3.105000	2.401511
3.110000	2.379765
3.115000	2.358669
3.120000	2.337248
3.125000	2.321345
3.130000	2.301223
3.135000	2.284670
3.140000	2.265846
3.145000	2.251241
3.150000	2.235013
3.155000	2.221382
3.160000	2.211321
3.165000	2.201584
3.170000	2.184058
3.175000	2.175295
3.180000	2.168479
3.185000	2.160690
3.190000	2.153550
3.195000	2.148681
3.200000	2.141217
3.205000	2.136673
3.210000	2.135375
3.215000	2.135050
3.220000	2.135050
3.225000	2.136024
3.230000	2.137647
3.235000	2.139269
3.240000	2.141866
3.245000	2.145436
3.250000	2.151602
3.255000	2.154523
3.260000	2.162313
3.265000	2.169128
3.270000	2.179514
3.275000	2.190549
3.280000	2.202233
3.285000	2.211970
3.290000	2.224952
3.295000	2.237610
3.300000	2.249618
3.305000	2.264223
3.310000	2.280776
3.315000	2.299275
3.320000	2.318424
3.325000	2.334327
3.330000	2.355748
3.335000	2.377169
3.340000	2.399239
3.345000	2.423580
3.350000	2.444027
3.355000	2.469343
3.360000	2.490439
3.365000	2.517052
3.370000	2.540421
3.375000	2.565411
3.380000	2.593648
3.385000	2.622858
3.390000	2.652392
3.395000	2.679980
3.400000	2.704970
3.405000	2.736777
3.410000	2.766636
3.415000	2.793574
3.420000	2.830898
3.425000	2.862056
3.430000	2.890616
3.435000	2.925344
3.440000	2.952931
3.445000	2.987334
3.450000	3.019465
3.455000	3.052245
3.460000	3.086648
3.465000	3.117481
3.470000	3.146691
3.475000	3.184664
3.480000	3.216146
3.485000	3.248277
3.490000	3.280733
3.495000	3.312864
3.500000	3.344021
3.505000	3.377775
3.510000	3.406011
3.515000	3.440414
3.520000	3.473195
3.525000	3.501106
3.530000	3.532913
3.535000	3.561474
3.540000	3.591982
3.545000	3.618596
3.550000	3.648455
3.555000	3.674419
3.560000	3.698436
3.565000	3.728296
3.570000	3.752313
3.575000	3.775681
3.580000	3.805864
3.585000	3.823066
3.590000	3.849680
3.595000	3.870776
3.600000	3.887977
3.605000	3.911670
3.610000	3.931468
3.615000	3.950941
3.620000	3.970739
3.625000	3.986318
3.630000	4.004493
3.635000	4.021045
3.640000	4.033703
3.645000	4.050255
3.650000	4.059992
3.655000	4.072000
3.660000	4.080763
3.665000	4.092123
3.670000	4.104781
3.675000	4.112245
3.680000	4.114842
3.685000	4.129122
3.690000	4.131070
3.695000	4.136262
3.700000	4.138534
3.705000	4.138534
3.710000	4.139833
3.715000	4.146324
3.720000	4.145675
3.725000	4.146973
3.730000	4.144052
3.735000	4.143078
3.740000	4.140806
3.745000	4.133991
3.750000	4.130096
3.755000	4.123929
3.760000	4.112570
3.765000	4.109000
3.770000	4.101535
3.775000	4.091474
3.780000	4.077518
3.785000	4.073299
3.790000	4.060965
3.795000	4.046036
3.800000	4.031431
3.805000	4.008712
3.810000	3.995081
3.815000	3.982423
3.820000	3.968792
3.825000	3.948020
3.830000	3.931143
3.835000	3.911670
3.840000	3.887653
3.845000	3.868828
3.850000	3.843838
3.855000	3.818198
3.860000	3.800347
3.865000	3.774383
3.870000	3.750365
3.875000	3.720182
3.880000	3.694542
3.885000	3.674744
3.890000	3.645209
3.895000	3.620543
3.900000	3.589710
3.905000	3.562447
3.910000	3.530316
3.915000	3.504676
3.920000	3.476765
3.925000	3.447555
3.930000	3.414774
3.935000	3.385889
3.940000	3.350512
3.945000	3.320653
3.950000	3.288522
3.955000	3.257040
3.960000	3.224585
3.965000	3.195050
3.970000	3.163568
3.975000	3.128841
3.980000	3.097683
3.985000	3.067175
3.990000	3.037640
3.995000	3.006158
4.000000	2.975650
4.005000	2.944817
4.010000	2.913985
4.015000	2.887695
4.020000	2.860433
4.025000	2.829275
4.030000	2.800065
4.035000	2.772478
4.040000	2.747163
4.045000	2.720874
4.050000	2.691015
4.055000	2.665375
4.060000	2.638761
4.065000	2.613446
4.070000	2.590727
4.075000	2.565736
4.080000	2.543991
4.085000	2.521921
4.090000	2.497255
4.095000	2.482000
4.100000	2.459606
4.105000	2.441756
4.110000	2.423905
4.115000	2.405730
4.120000	2.386581
4.125000	2.370353
4.130000	2.358994
4.135000	2.345038
4.140000	2.331082
4.145000	2.319722
4.150000	2.308038
4.155000	2.297328
4.160000	2.287267
4.165000	2.280776
4.170000	2.269741
4.175000	2.266495
4.180000	2.260004
4.185000	2.253513
4.190000	2.249294
4.195000	2.246373
4.200000	2.245399
4.205000	2.241504
4.210000	2.243452
4.215000	2.245724
4.220000	2.247346
4.225000	2.247996
4.230000	2.253188
4.235000	2.257083
4.240000	2.263574
4.245000	2.267793
4.250000	2.275583
4.255000	2.285644
4.260000	2.292784
4.265000	2.302846
4.270000	2.313556
4.275000	2.327512
4.280000	2.339520
4.285000	2.351529
4.290000	2.366783
4.295000	2.383985
4.300000	2.397616
4.305000	2.411572
4.310000	2.427800
4.315000	2.445650
4.320000	2.471939
4.325000	2.486869
4.330000	2.506667
4.335000	2.529710
4.340000	2.551455
4.345000	2.576122
4.350000	2.598192
4.355000	2.621235
4.360000	2.644603
4.365000	2.671217
4.370000	2.695234
4.375000	2.722496
4.380000	2.748136
4.385000	2.776048
4.390000	2.801364
4.395000	2.830249
4.400000	2.858485
4.405000	2.885099
4.410000	2.912037
4.415000	2.942545
4.420000	2.972405
4.425000	3.002588
4.430000	3.030500
4.435000	3.058087
4.440000	3.089245
4.445000	3.117806
4.450000	3.148639
4.455000	3.182392
4.460000	3.208357
4.465000	3.239190
4.470000	3.270022
4.475000	3.300855
4.480000	3.325522
4.485000	3.356030
4.490000	3.387836
4.495000	3.417046
4.500000	3.441063
4.505000	3.465405
4.510000	3.495589
4.515000	3.524150
4.520000	3.552386
4.525000	3.575105
4.530000	3.603666
4.535000	3.625411
4.540000	3.646507
4.545000	3.673446
4.550000	3.693893
4.555000	3.718883
4.560000	3.743550
4.565000	3.762699
4.570000	3.782496
4.575000	3.807487
4.580000	3.820469
4.585000	3.844162
4.590000	3.862337
4.595000	3.875319
4.600000	3.889924
4.605000	3.907126
4.610000	3.921082
4.615000	3.937310
4.620000	3.950941
4.625000	3.965871
4.630000	3.972037
4.635000	3.988914
4.640000	3.997028
4.645000	4.004493
4.650000	4.012931
4.655000	4.022992
4.660000	4.028834
4.665000	4.035001
4.670000	4.037597
4.675000	4.041168
4.680000	4.044413
4.685000	4.050255
4.690000	4.051229
4.695000	4.052527
4.700000	4.047334
4.705000	4.041817
4.710000	4.041168
4.715000	4.040518
4.720000	4.039220
4.725000	4.036624
4.730000	4.031431
4.735000	4.018449
4.740000	4.008387
4.745000	4.004817
4.750000	3.995730
4.755000	3.987940
4.760000	3.972686
4.765000	3.964572
4.770000	3.954836
4.775000	3.936661
4.780000	3.923678
4.785000	3.913617
4.790000	3.895442
4.795000	3.878890
4.800000	3.862337
4.805000	3.844487
4.810000	3.823715
4.815000	3.807487
4.820000	3.785417
4.825000	3.769190
4.830000	3.746471
4.835000	3.725050
4.840000	3.703629
4.845000	3.679288
4.850000	3.660139
4.855000	3.634499
4.860000	3.607885
4.865000	3.589061
4.870000	3.562447
4.875000	3.534860
4.880000	3.513439
4.885000	3.486826
4.890000	3.456642
4.895000	3.430353
4.900000	3.401468
4.905000	3.375503
4.910000	3.345969
4.915000	3.320653
4.920000	3.288198
4.925000	3.265154
4.930000	3.233997
4.935000	3.208357
4.940000	3.178173
4.945000	3.149937
4.950000	3.123323
4.955000	3.092490
4.960000	3.063929
4.965000	3.036991
4.970000	3.004211
4.975000	2.980843
4.980000	2.955852
4.985000	2.927940
4.990000	2.901651
4.995000	2.874713
5.000000	2.848749
5.005000	2.820188
5.010000	2.795846
5.015000	2.773127
5.020000	2.752356
5.025000	2.723795
5.030000	2.703997
5.035000	2.679980
5.040000	2.658234
5.045000	2.635840
5.050000	2.617665
5.055000	2.594297
5.060000	2.576122
5.065000	2.556973
5.070000	2.538473
5.075000	2.522895
5.080000	2.503097
5.085000	2.490439
5.090000	2.479079
5.095000	2.460255
5.100000	2.446299
5.105000	2.432668
5.110000	2.423905
5.115000	2.413844
5.120000	2.401511
5.125000	2.393072
5.130000	2.385932
5.135000	2.376195
5.140000	2.370678
5.145000	2.363213
5.150000	2.356722
5.155000	2.354125
5.160000	2.350231
5.165000	2.349906
5.170000	2.346336
5.175000	2.346011
5.180000	2.346336
5.185000	2.346985
5.190000	2.349582
5.195000	2.352503
5.200000	2.353476
5.205000	2.356722
5.210000	2.363213
5.215000	2.370678
5.220000	2.380414
5.225000	2.386906
5.230000	2.396642
5.235000	2.406054
5.240000	2.413844
5.245000	2.428449
5.250000	2.439159
5.255000	2.447598
5.260000	2.466746
5.265000	2.479079
5.270000	2.493684
5.275000	2.506342
5.280000	2.524842
5.285000	2.542368
5.290000	2.558271
5.295000	2.576122
5.300000	2.594621
5.305000	2.615393
5.310000	2.635515
5.315000	2.658234
5.320000	2.681278
5.325000	2.703348
5.330000	2.721523
5.335000	2.746838
5.340000	2.772478
5.345000	2.791302
5.350000	2.819214
5.355000	2.842258
5.360000	2.868222
5.365000	2.895160
5.370000	2.920151
5.375000	2.941896
5.380000	2.970133
5.385000	2.996097
5.390000	3.020763
5.395000	3.049324
5.400000	3.073991
5.405000	3.094762
5.410000	3.126569
5.415000	3.159024
5.420000	3.182068
5.425000	3.208357
5.430000	3.235944
5.435000	3.261909
5.440000	3.287224
5.445000	3.316109
5.450000	3.342398
5.455000	3.365766
5.460000	3.393354
5.465000	3.418669
5.470000	3.444958
5.475000	3.469624
5.480000	3.494940
5.485000	3.516685
5.490000	3.539079
5.495000	3.565368
5.500000	3.586789
5.505000	3.605613
5.510000	3.627034
5.515000	3.644885
5.520000	3.669875
5.525000	3.685454
5.530000	3.711419
5.535000	3.724076
5.540000	3.745497
5.545000	3.761400
5.550000	3.777628
5.555000	3.791584
5.560000	3.808461
5.565000	3.822741
5.570000	3.837346
5.575000	3.853250
5.580000	3.866556
5.585000	3.876618
5.590000	3.884407
5.595000	3.894468
5.600000	3.905503
5.605000	3.912968
5.610000	3.915564
5.615000	3.927573
5.620000	3.936985
5.625000	3.934064
5.630000	3.943152
5.635000	3.950941
5.640000	3.951915
5.645000	3.954836
5.650000	3.953537
5.655000	3.957432
5.660000	3.953213
5.665000	3.954187
5.670000	3.952888
5.675000	3.949643
5.680000	3.943152
5.685000	3.939257
5.690000	3.934389
5.695000	3.932117
5.700000	3.922056
5.705000	3.915889
5.710000	3.908424
5.715000	3.899012
5.720000	3.884732
5.725000	3.877591
5.730000	3.867855
5.735000	3.853899
5.740000	3.841241
5.745000	3.825987
5.750000	3.814303
5.755000	3.800672
5.760000	3.780874
5.765000	3.767891
5.770000	3.750690
5.775000	3.734462
5.780000	3.717585
5.785000	3.696165
5.790000	3.679937
5.795000	3.661437
5.800000	3.636771
5.805000	3.619894
5.810000	3.601070
5.815000	3.579000
5.820000	3.557255
5.825000	3.531615
5.830000	3.514738
5.835000	3.488124
5.840000	3.465730
5.845000	3.442686
5.850000	3.416073
5.855000	3.391082
5.860000	3.365442
5.865000	3.343372
5.870000	3.316759
5.875000	3.290469
5.880000	3.267751
5.885000	3.241137
5.890000	3.216471
5.895000	3.189208
5.900000	3.164866
5.905000	3.139226
5.910000	3.111964
5.915000	3.088920
5.920000	3.060684
5.925000	3.037965
5.930000	3.011351
5.935000	2.988957
5.940000	2.966887
5.945000	2.938651
5.950000	2.917555
5.955000	2.894187
5.960000	2.870169
5.965000	2.848424
5.970000	2.825056
5.975000	2.803311
5.980000	2.780592
5.985000	2.765662
5.990000	2.740022
5.995000	2.719900
6.000000	2.702699
6.005000	2.682252
6.010000	2.664725
6.015000	2.645901
6.020000	2.628375
6.025000	2.613121
6.030000	2.595595
6.035000	2.581315
6.040000	2.566060
6.045000	2.555026
6.050000	2.542043
6.055000	2.529386
6.060000	2.516728
6.065000	2.505693
6.070000	2.494983
6.075000	2.486220
6.080000	2.479404
6.085000	2.472588
6.090000	2.467395
6.095000	2.459606
6.100000	2.451817
6.105000	2.448247
6.110000	2.447273
6.115000	2.444352
6.120000	2.442405
6.125000	2.440782
6.130000	2.441106
6.135000	2.441106
6.140000	2.442080
6.145000	2.444352
6.150000	2.445001
6.155000	2.447598
6.160000	2.450519
6.165000	2.456685
6.170000	2.465773
6.175000	2.472588
6.180000	2.478755
6.185000	2.483623
6.190000	2.493684
6.195000	2.501474
6.200000	2.514456
6.205000	2.523868
6.210000	2.537500
6.215000	2.549508
6.220000	2.560543
6.225000	2.575473
6.230000	2.590402
6.235000	2.605981
6.240000	2.622533
6.245000	2.637463
6.250000	2.656287
6.255000	2.673164
6.260000	2.691339
6.265000	2.712760
6.270000	2.726067
6.275000	2.748136
6.280000	2.768908
6.285000	2.786109
6.290000	2.811425
6.295000	2.831547
6.300000	2.851021
6.305000	2.872766
6.310000	2.896783
6.315000	2.919502
6.320000	2.939624
6.325000	2.963642
6.330000	2.985062
6.335000	3.007457
6.340000	3.034070
6.345000	3.051921
6.350000	3.081131
6.355000	3.107095
6.360000	3.121376
6.365000	3.152533
6.370000	3.178498
6.375000	3.198945
6.380000	3.224909
6.385000	3.253146
6.390000	3.272943
6.395000	3.299882
6.400000	3.321302
6.405000	3.344670
6.410000	3.365766
6.415000	3.389135
6.420000	3.413801
6.425000	3.434897
6.430000	3.455019
6.435000	3.479361
6.440000	3.499159
6.445000	3.524150
6.450000	3.542000
6.455000	3.560825
6.460000	3.579000
6.465000	3.600745
6.470000	3.616648
6.475000	3.634823
6.480000	3.647481
6.485000	3.666630
6.490000	3.682209
6.495000	3.695191
6.500000	3.711094
6.505000	3.720182
6.510000	3.740953
6.515000	3.753611
6.520000	3.764646
6.525000	3.775681
6.530000	3.785417
6.535000	3.799373
6.540000	3.808136
6.545000	3.816575
6.550000	3.823390
6.555000	3.831829
6.560000	3.837996
6.565000	3.843513
6.570000	3.852925
6.575000	3.856495
6.580000	3.861039
6.585000	3.863635
6.590000	3.865907
6.595000	3.868179
6.600000	3.867855
6.605000	3.864934
6.610000	3.867530
6.615000	3.865583
6.620000	3.867206
6.625000	3.859416
6.630000	3.858118
6.635000	3.855197
6.640000	3.846759
6.645000	3.843188
6.650000	3.836048
6.655000	3.826636
6.660000	3.818522
6.665000	3.812031
6.670000	3.802619
6.675000	3.792882
6.680000	3.778277
6.685000	3.772111
6.690000	3.760102
6.695000	3.748418
6.700000	3.732515
6.705000	3.716612
6.710000	3.704603
6.715000	3.691296
6.720000	3.676691
6.725000	3.657867
6.730000	3.642937
6.735000	3.624762
6.740000	3.608859
6.745000	3.589710
6.750000	3.573807
6.755000	3.557255
6.760000	3.534536
6.765000	3.518957
6.770000	3.497212
6.775000	3.476116
6.780000	3.455019
6.785000	3.434897
6.790000	3.414450
6.795000	3.388161
6.800000	3.367065
6.805000	3.343372
6.810000	3.317083
6.815000	3.304750
6.820000	3.277812
6.825000	3.254768
6.830000	3.235295
6.835000	3.209655
6.840000	3.188883
6.845000	3.168761
6.850000	3.143121
6.855000	3.120078
6.860000	3.098332
6.865000	3.076587
6.870000	3.053868
6.875000	3.031474
6.880000	3.008430
6.885000	2.985711
6.890000	2.966887
6.895000	2.945142
6.900000	2.924370
6.905000	2.899379
6.910000	2.882178
6.915000	2.863678
6.920000	2.842907
6.925000	2.825381
6.930000	2.807206
6.935000	2.786434
6.940000	2.770206
6.945000	2.753329
6.950000	2.736777
6.955000	2.720549
6.960000	2.704321
6.965000	2.690041
6.970000	2.675111
6.975000	2.663427
6.980000	2.648498
6.985000	2.635191
6.990000	2.626428
6.995000	2.612472
7.000000	2.596893
7.005000	2.586507
7.010000	2.581315
7.015000	2.574174
7.020000	2.565087
7.025000	2.557297
7.030000	2.552105
7.035000	2.544640
7.040000	2.539447
7.045000	2.534903
7.050000	2.530684
7.055000	2.528087
7.060000	2.524517
7.065000	2.526140
7.070000	2.525166
7.075000	2.523219
7.080000	2.524842
7.085000	2.526140
7.090000	2.528737
7.095000	2.530684
7.100000	2.534579
7.105000	2.537175
7.110000	2.543342
7.115000	2.551780
7.120000	2.556648
7.125000	2.561841
7.130000	2.567683
7.135000	2.580016
7.140000	2.590727
7.145000	2.596893
7.150000	2.609876
7.155000	2.623182
7.160000	2.630972
7.165000	2.645577
7.170000	2.657261
7.175000	2.671541
7.180000	2.685173
7.185000	2.700427
7.190000	2.718277
7.195000	2.727689
7.200000	2.746189
7.205000	2.764364
7.210000	2.778320
7.215000	2.793250
7.220000	2.816942
7.225000	2.834468
7.230000	2.851345
7.235000	2.871468
7.240000	2.894187
7.245000	2.911064
7.250000	2.929239
7.255000	2.949037
7.260000	2.972080
7.265000	2.992203
7.270000	3.010702
7.275000	3.032772
7.280000	3.050623
7.285000	3.075938
7.290000	3.096385
7.295000	3.116832
7.300000	3.135656
7.305000	3.159024
7.310000	3.182068
7.315000	3.202839
7.320000	3.224260
7.325000	3.246005
7.330000	3.264830
7.335000	3.284952
7.340000	3.309618
7.345000	3.328443
7.350000	3.347591
7.355000	3.370959
7.360000	3.389135
7.365000	3.412827
7.370000	3.431976
7.375000	3.445932
7.380000	3.468975
7.385000	3.485852
7.390000	3.503378
7.395000	3.522202
7.400000	3.535509
7.405000	3.555632
7.410000	3.572184
7.415000	3.590684
7.420000	3.605289
7.425000	3.615350
7.430000	3.631578
7.435000	3.642288
7.440000	3.656893
7.445000	3.672147
7.450000	3.683182
7.455000	3.693568
7.460000	3.701033
7.465000	3.715962
7.470000	3.721155
7.475000	3.730892
7.480000	3.741927
7.485000	3.748743
7.490000	3.754909
7.495000	3.763348
7.500000	3.764321
7.505000	3.769514
7.510000	3.774383
7.515000	3.778277
7.520000	3.781847
7.525000	3.780549
7.530000	3.783470
7.535000	3.786716
7.540000	3.784768
7.545000	3.786067
7.550000	3.785742
7.555000	3.781847
7.560000	3.781523
7.565000	3.775356
7.570000	3.776330
7.575000	3.770163
7.580000	3.767242
7.585000	3.763023
7.590000	3.757830
7.595000	3.746471
7.600000	3.739980
7.605000	3.727322
7.610000	3.721155
7.615000	3.717261
7.620000	3.703629
7.625000	3.693244
7.630000	3.684156
7.635000	3.675068
7.640000	3.663060
7.645000	3.644236
7.650000	3.629306
7.655000	3.623789
7.660000	3.606587
7.665000	3.591657
7.670000	3.578675
7.675000	3.562123
7.680000	3.545895
7.685000	3.530966
7.690000	3.514413
7.695000	3.495589
7.700000	3.478387
7.705000	3.457616
7.710000	3.443660
7.715000	3.419967
7.720000	3.409906
7.725000	3.384266
7.730000	3.365117
7.735000	3.348565
7.740000	3.325522
7.745000	3.311241
7.750000	3.284952
7.755000	3.267101
7.760000	3.247304
7.765000	3.225558
7.770000	3.206734
7.775000	3.186287
7.780000	3.168761
7.785000	3.144095
7.790000	3.125595
7.795000	3.108394
7.800000	3.086648
7.805000	3.059386
7.810000	3.047377
7.815000	3.025956
7.820000	3.006483
7.825000	2.990255
7.830000	2.970457
7.835000	2.950010
7.840000	2.933133
7.845000	2.915283
7.850000	2.897432
7.855000	2.879582
7.860000	2.865301
7.865000	2.848100
7.870000	2.833819
7.875000	2.817591
7.880000	2.800714
7.885000	2.784162
7.890000	2.772154
7.895000	2.759820
7.900000	2.744242
7.905000	2.728014
7.910000	2.720225
7.915000	2.710812
7.920000	2.698155
7.925000	2.686146
7.930000	2.676410
7.935000	2.666997
7.940000	2.661155
7.945000	2.651094
7.950000	2.643629
7.955000	2.635515
7.960000	2.628700
7.965000	2.624156
7.970000	2.620261
7.975000	2.616367
7.980000	2.611823
7.985000	2.608577
7.990000	2.605332
7.995000	2.603709
8.000000	2.599165
8.005000	2.597542
8.010000	2.604358
8.015000	2.603384
8.020000	2.606955
8.025000	2.605981
8.030000	2.612147
8.035000	2.617989
8.040000	2.620586
8.045000	2.625454
8.050000	2.630323
8.055000	2.634542
8.060000	2.640059
8.065000	2.650120
8.070000	2.657910
8.075000	2.666024
8.080000	2.676085
8.085000	2.684523
8.090000	2.697506
8.095000	2.706918
8.100000	2.717304
8.105000	2.726067
8.110000	2.738724
8.115000	2.754628
8.120000	2.767934
8.125000	2.779294
8.130000	2.793899
8.135000	2.809153
8.140000	2.825705
8.145000	2.839337
8.150000	2.855240
8.155000	2.872441
8.160000	2.889643
8.165000	2.904572
8.170000	2.925669
8.175000	2.937353
8.180000	2.955203
8.185000	2.975001
8.190000	2.992852
8.195000	3.008430
8.200000	3.027255
8.205000	3.043482
8.210000	3.063605
8.215000	3.085999
8.220000	3.100604
8.225000	3.121376
8.230000	3.139876
8.235000	3.160323
8.240000	3.179147
8.245000	3.202190
8.250000	3.221339
8.255000	3.236269
8.260000	3.255417
8.265000	3.274566
8.270000	3.295338
8.275000	3.311890
8.280000	3.330390
8.285000	3.348240
8.290000	3.367065
8.295000	3.384915
8.300000	3.400494
8.305000	3.411853
8.310000	3.434248
8.315000	3.451125
8.320000	3.465081
8.325000	3.480659
8.330000	3.497861
8.335000	3.509545
8.340000	3.525124
8.345000	3.534860
8.350000	3.551413
8.355000	3.566991
8.360000	3.577702
8.365000	3.589061
8.370000	3.601719
8.375000	3.608534
8.380000	3.623139
8.385000	3.632552
8.390000	3.641964
8.395000	3.649428
8.400000	3.654297
8.405000	3.665332
8.410000	3.676367
8.415000	3.679612
8.420000	3.686428
8.425000	3.689998
8.430000	3.694866
8.435000	3.700384
8.440000	3.704278
8.445000	3.711094
8.450000	3.710770
8.455000	3.714340
8.460000	3.714340
8.465000	3.715313
8.470000	3.717585
8.475000	3.718234
8.480000	3.713366
8.485000	3.712392
8.490000	3.708822
8.495000	3.707849
8.500000	3.699735
8.505000	3.695515
8.510000	3.694866
8.515000	3.686752
8.520000	3.682209
8.525000	3.677340
8.530000	3.671823
8.535000	3.663709
8.540000	3.656893
8.545000	3.644560
8.550000	3.638069
8.555000	3.628332
8.560000	3.617622
8.565000	3.607885
8.570000	3.597175
8.575000	3.585815
8.580000	3.576403
8.585000	3.561474
8.590000	3.549790
8.595000	3.534211
8.600000	3.522202
8.605000	3.503054
8.610000	3.492343
8.615000	3.482282
8.620000	3.466054
8.625000	3.448853
8.630000	3.436195
8.635000	3.418345
8.640000	3.402441
8.645000	3.386863
8.650000	3.366416
8.655000	3.349539
8.660000	3.334285
8.665000	3.315136
8.670000	3.301180
8.675000	3.280733
8.680000	3.262882
8.685000	3.246330
8.690000	3.227181
8.695000	3.209980
8.700000	3.192129
8.705000	3.173954
8.710000	3.157077
8.715000	3.136630
8.720000	3.122349
8.725000	3.100604
8.730000	3.086324
8.735000	3.068149
8.740000	3.050298
8.745000	3.034395
8.750000	3.017193
8.755000	2.999667
8.760000	2.982790
8.765000	2.970133
8.770000	2.952282
8.775000	2.937028
8.780000	2.925019
8.785000	2.908143
8.790000	2.894836
8.795000	2.875362
8.800000	2.862705
8.805000	2.847775
8.810000	2.838038
8.815000	2.827003
8.820000	2.814021
8.825000	2.799741
8.830000	2.790978
8.835000	2.776697
8.840000	2.772478
8.845000	2.761119
8.850000	2.751382
8.855000	2.739049
8.860000	2.730935
8.865000	2.721847
8.870000	2.719251
8.875000	2.712760
8.880000	2.705620
8.885000	2.700751
8.890000	2.695558
8.895000	2.691664
8.900000	2.685822
8.905000	2.678032
8.910000	2.682576
8.915000	2.679980
8.920000	2.678032
8.925000	2.676410
8.930000	2.675436
8.935000	2.676734
8.940000	2.677383
8.945000	2.679980
8.950000	2.683225
8.955000	2.683225
8.960000	2.688418
8.965000	2.692637
8.970000	2.694585
8.975000	2.700751
8.980000	2.707567
8.985000	2.715356
8.990000	2.718277
8.995000	2.722821
9.000000	2.729961
9.005000	2.736128
9.010000	2.750408
9.015000	2.761768
9.020000	2.768583
9.025000	2.776373
9.030000	2.788706
9.035000	2.798767
9.040000	2.811749
9.045000	2.822784
9.050000	2.834793
9.055000	2.849073
9.060000	2.860757
9.065000	2.871792
9.070000	2.887695
9.075000	2.899379
9.080000	2.915932
9.085000	2.928914
9.090000	2.942870
9.095000	2.961370
9.100000	2.973378
9.105000	2.989606
9.110000	3.006158
9.115000	3.019465
9.120000	3.039912
9.125000	3.052245
9.130000	3.070421
9.135000	3.087947
9.140000	3.100280
9.145000	3.119104
9.150000	3.132411
9.155000	3.154805
9.160000	3.172656
9.165000	3.183691
9.170000	3.204138
9.175000	3.221988
9.180000	3.236918
9.185000	3.253470
9.190000	3.270022
9.195000	3.284303
9.200000	3.302478
9.205000	3.311890
9.210000	3.332662
9.215000	3.347916
9.220000	3.363495
9.225000	3.378749
9.230000	3.394003
9.235000	3.410555
9.240000	3.419318
9.245000	3.435221
9.250000	3.448528
9.255000	3.463458
9.260000	3.476440
9.265000	3.488773
9.270000	3.499484
9.275000	3.511168
9.280000	3.524150
9.285000	3.531939
9.290000	3.544921
9.295000	3.553684
9.300000	3.563421
9.305000	3.566018
9.310000	3.580947
9.315000	3.587438
9.320000	3.596201
9.325000	3.604315
9.330000	3.610482
9.335000	3.613727
9.340000	3.621841
9.345000	3.627034
9.350000	3.633850
9.355000	3.633201
9.360000	3.638718
9.365000	3.638394
9.370000	3.645209
9.375000	3.644236
9.380000	3.643911
9.385000	3.646183
9.390000	3.647481
9.395000	3.647157
9.400000	3.642288
9.405000	3.639367
9.410000	3.641639
9.415000	3.638394
9.420000	3.635148
9.425000	3.632876
9.430000	3.629631
9.435000	3.628657
9.440000	3.622490
9.445000	3.614052
9.450000	3.610482
9.455000	3.606263
9.460000	3.595228
9.465000	3.589710
9.470000	3.580298
9.475000	3.572833
9.480000	3.564070
9.485000	3.557904
9.490000	3.546869
9.495000	3.534536
9.500000	3.525124
9.505000	3.514413
9.510000	3.502080
9.515000	3.492668
9.520000	3.482282
9.525000	3.467353
9.530000	3.455344
9.535000	3.443335
9.540000	3.431327
9.545000	3.417046
9.550000	3.403415
9.555000	3.390108
9.560000	3.373231
9.565000	3.357003
9.570000	3.346618
9.575000	3.328767
9.580000	3.315136
9.585000	3.303776
9.590000	3.281382
9.595000	3.270347
9.600000	3.251523
9.605000	3.231725
9.610000	3.224260
9.615000	3.206085
9.620000	3.190182
9.625000	3.174928
9.630000	3.161296
9.635000	3.143446
9.640000	3.129165
9.645000	3.111315
9.650000	3.098332
9.655000	3.085026
9.660000	3.065552
9.665000	3.051596
9.670000	3.040237
9.675000	3.022062
9.680000	3.007132
9.685000	2.994150
9.690000	2.982790
9.695000	2.968510
9.700000	2.951958
9.705000	2.937028
9.710000	2.928265
9.715000	2.920476
9.720000	2.904248
9.725000	2.893213
9.730000	2.879582
9.735000	2.872766
9.740000	2.863678
9.745000	2.849073
9.750000	2.838038
9.755000	2.833819
9.760000	2.821811
9.765000	2.815969
9.770000	2.807530
9.775000	2.795197
9.780000	2.790329
9.785000	2.784811
9.790000	2.779294
9.795000	2.771504
9.800000	2.767285
9.805000	2.760145
9.810000	2.760470
9.815000	2.756250
9.820000	2.752680
9.825000	2.750084
9.830000	2.747812
9.835000	2.746514
9.840000	2.743917
9.845000	2.742943
9.850000	2.745215
9.855000	2.744566
9.860000	2.746514
9.865000	2.746514
9.870000	2.749759
9.875000	2.750408
9.880000	2.755926
9.885000	2.760470
9.890000	2.766312
9.895000	2.766312
9.900000	2.772154
9.905000	2.772154
9.910000	2.778645
9.915000	2.788706
9.920000	2.794548
9.925000	2.802013
9.930000	2.813372
9.935000	2.818565
9.940000	2.828302
9.945000	2.836091
9.950000	2.844530
9.955000	2.855889
9.960000	2.863678
9.965000	2.871468
9.970000	2.884450
9.975000	2.897432
9.980000	2.908143
9.985000	2.920800
9.990000	2.933782
9.995000	2.942870
10.000000	2.952931
10.005000	2.968185
10.010000	2.980518
10.015000	2.994474
10.020000	3.006158
10.025000	3.021413
10.030000	3.034395
10.035000	3.049649
10.040000	3.063605
10.045000	3.081131
10.050000	3.092815
10.055000	3.109367
10.060000	3.121376
10.065000	3.133060
10.070000	3.150586
10.075000	3.164542
10.080000	3.179796
10.085000	3.195375
10.090000	3.207059
10.095000	3.222313
10.100000	3.234321
10.105000	3.248926
10.110000	3.265154
10.115000	3.277812
10.120000	3.296312
10.125000	3.307996
10.130000	3.320329
10.135000	3.330065
10.140000	3.346942
10.145000	3.358626
10.150000	3.373556
10.155000	3.385889
10.160000	3.397573
10.165000	3.413476
10.170000	3.415099
10.175000	3.433274
10.180000	3.446256
10.185000	3.454695
10.190000	3.466054
10.195000	3.475791
10.200000	3.483905
10.205000	3.491370
10.210000	3.500782
10.215000	3.509869
10.220000	3.518957
10.225000	3.525448
10.230000	3.533237
10.235000	3.538755
10.240000	3.543948
10.245000	3.552711
10.250000	3.557579
10.255000	3.564719
10.260000	3.567316
10.265000	3.570886
10.270000	3.574456
10.275000	3.576728
10.280000	3.578351
10.285000	3.582894
10.290000	3.583544
10.295000	3.587763
10.300000	3.586140
10.305000	3.581921
10.310000	3.587438
10.315000	3.584842
10.320000	3.584842
10.325000	3.580947
10.330000	3.579649
10.335000	3.579000
10.340000	3.574131
10.345000	3.571210
10.350000	3.570237
10.355000	3.565693
10.360000	3.557904
10.365000	3.551737
10.370000	3.547842
10.375000	3.541351
10.380000	3.534860
10.385000	3.528369
10.390000	3.524474
10.395000	3.512790
10.400000	3.504676
10.405000	3.494940
10.410000	3.487150
10.415000	3.480010
10.420000	3.468651
10.425000	3.457291
10.430000	3.451774
10.435000	3.438142
10.440000	3.429704
10.445000	3.416073
10.450000	3.402766
10.455000	3.394003
10.460000	3.383293
10.465000	3.369337
10.470000	3.359275
10.475000	3.345319
10.480000	3.333311
10.485000	3.322925
10.490000	3.308320
10.495000	3.298259
10.500000	3.280084
10.505000	3.269049
10.510000	3.255417
10.515000	3.241462
10.520000	3.227506
10.525000	3.217444
10.530000	3.204787
10.535000	3.189857
10.540000	3.175577
10.545000	3.163244
10.550000	3.149288
10.555000	3.134683
10.560000	3.123648
10.565000	3.110341
10.570000	3.093139
10.575000	3.086648
10.580000	3.066526
10.585000	3.055815
10.590000	3.043807
10.595000	3.031474
10.600000	3.018492
10.605000	3.004536
10.610000	2.995773
10.615000	2.983440
10.620000	2.969159
10.625000	2.964291
10.630000	2.951308
10.635000	2.940598
10.640000	2.932809
10.645000	2.924046
10.650000	2.914309
10.655000	2.903923
10.660000	2.894187
10.665000	2.887695
10.670000	2.878932
10.675000	2.870819
10.680000	2.865301
10.685000	2.858810
10.690000	2.851670
10.695000	2.846477
10.700000	2.837714
10.705000	2.833819
10.710000	2.829600
10.715000	2.824407
10.720000	2.822784
10.725000	2.819214
10.730000	2.814995
10.735000	2.814670
10.740000	2.810127
10.745000	2.809153
10.750000	2.807206
10.755000	2.809153
10.760000	2.807206
10.765000	2.808179
10.770000	2.807206
10.775000	2.811425
10.780000	2.811425
10.785000	2.814346
10.790000	2.816293
10.795000	2.817591
10.800000	2.819863
10.805000	2.819539
10.810000	2.824407
10.815000	2.833819
10.820000	2.836416
10.825000	2.839661
10.830000	2.848100
10.835000	2.853942
10.840000	2.858161
10.845000	2.865626
10.850000	2.873090
10.855000	2.880555
10.860000	2.888994
10.865000	2.898081
10.870000	2.903599
10.875000	2.912362
10.880000	2.925344
10.885000	2.933458
10.890000	2.940598
10.895000	2.949361
10.900000	2.961694
10.905000	2.971755
10.910000	2.981168
10.915000	2.993501
10.920000	3.006158
10.925000	3.014921
10.930000	3.028228
10.935000	3.041210
10.940000	3.051272
10.945000	3.061982
10.950000	3.076587
10.955000	3.090543
10.960000	3.100280
10.965000	3.109692
10.970000	3.124946
10.975000	3.133709
10.980000	3.146691
10.985000	3.162919
10.990000	3.173629
10.995000	3.185962
11.000000	3.198296
11.005000	3.204787
11.010000	3.221015
11.015000	3.234321
11.020000	3.247628
11.025000	3.258663
11.030000	3.270996
11.035000	3.282356
11.040000	3.298259
11.045000	3.308320
11.050000	3.320004
11.055000	3.327793
11.060000	3.341749
11.065000	3.348565
11.070000	3.361223
11.075000	3.373880
11.080000	3.382968
11.085000	3.394003
11.090000	3.406661
11.095000	3.413801
11.100000	3.416397
11.105000	3.423862
11.110000	3.435546
11.115000	3.446906
11.120000	3.453072
11.125000	3.457616
11.130000	3.468651
11.135000	3.476116
11.140000	3.481958
11.145000	3.485852
11.150000	3.490721
11.155000	3.495913
11.160000	3.501431
11.165000	3.505650
11.170000	3.513115
11.175000	3.513764
11.180000	3.516685
11.185000	3.520904
11.190000	3.521878
11.195000	3.521878
11.200000	3.525124
11.205000	3.522527
11.210000	3.526746
11.215000	3.527071
11.220000	3.529343
11.225000	3.526746
11.230000	3.525124
11.235000	3.527071
11.240000	3.522527
11.245000	3.522202
11.250000	3.518632
11.255000	3.515711
11.260000	3.511168
11.265000	3.509545
11.270000	3.502405
11.275000	3.500457
11.280000	3.493642
11.285000	3.491045
11.290000	3.486177
11.295000	3.480984
11.300000	3.473195
11.305000	3.463782
11.310000	3.457940
11.315000	3.452748
11.320000	3.444634
11.325000	3.434572
11.330000	3.429379
11.335000	3.418020
11.340000	3.415099
11.345000	3.405687
11.350000	3.393678
11.355000	3.387187
11.360000	3.376477
11.365000	3.366740
11.370000	3.354407
11.375000	3.344346
11.380000	3.334609
11.385000	3.320329
11.390000	3.315785
11.395000	3.305075
11.400000	3.287548
11.405000	3.271645
11.410000	3.269698
11.415000	3.255417
11.420000	3.247953
11.425000	3.232049
11.430000	3.221988
11.435000	3.211602
11.440000	3.201541
11.445000	3.185962
11.450000	3.178822
11.455000	3.166165
11.460000	3.154805
11.465000	3.141174
11.470000	3.131437
11.475000	3.114885
11.480000	3.110341
11.485000	3.097034
11.490000	3.089245
11.495000	3.075938
11.500000	3.062631
11.505000	3.050623
11.510000	3.044456
11.515000	3.036342
11.520000	3.024009
11.525000	3.015571
11.530000	3.003887
11.535000	2.995124
11.540000	2.987334
11.545000	2.977273
11.550000	2.970133
11.555000	2.963966
11.560000	2.951633
11.565000	2.945466
11.570000	2.936703
11.575000	2.932484
11.580000	2.927291
11.585000	2.921125
11.590000	2.912686
11.595000	2.906520
11.600000	2.899379
11.605000	2.895160
11.610000	2.892239
11.615000	2.887046
11.620000	2.883801
11.625000	2.876336
11.630000	2.874713
11.635000	2.870169
11.640000	2.870494
11.645000	2.869845
11.650000	2.866275
11.655000	2.864977
11.660000	2.865950
11.665000	2.863678
11.670000	2.864652
11.675000	2.865626
11.680000	2.864977
11.685000	2.866275
11.690000	2.868222
11.695000	2.867898
11.700000	2.869845
11.705000	2.871143
11.710000	2.875687
11.715000	2.879582
11.720000	2.881853
11.725000	2.886722
11.730000	2.891915
11.735000	2.897108
11.740000	2.899704
11.745000	2.903274
11.750000	2.910414
11.755000	2.916906
11.760000	2.923072
11.765000	2.930212
11.770000	2.934107
11.775000	2.940923
11.780000	2.949037
11.785000	2.957150
11.790000	2.966887
11.795000	2.973703
11.800000	2.978247
11.805000	2.990255
11.810000	2.996746
11.815000	3.005185
11.820000	3.016220
11.825000	3.024983
11.830000	3.036667
11.835000	3.041535
11.840000	3.051272
11.845000	3.063605
11.850000	3.071394
11.855000	3.089245
11.860000	3.093789
11.865000	3.101578
11.870000	3.116183
11.875000	3.124621
11.880000	3.135332
11.885000	3.147016
11.890000	3.157726
11.895000	3.169410
11.900000	3.178498
11.905000	3.186612
11.910000	3.202839
11.915000	3.208032
11.920000	3.223286
11.925000	3.230751
11.930000	3.242760
11.935000	3.253795
11.940000	3.260610
11.945000	3.271645
11.950000	3.282356
11.955000	3.287873
11.960000	3.301829
11.965000	3.311890
11.970000	3.320653
11.975000	3.328118
11.980000	3.339153
11.985000	3.346618
11.990000	3.351811
11.995000	3.363170
12.000000	3.369661
12.005000	3.374205
12.010000	3.386538
12.015000	3.392380
12.020000	3.401468
12.025000	3.408283
12.030000	3.418020
12.035000	3.418020
12.040000	3.421590
12.045000	3.430029
12.050000	3.434572
12.055000	3.443335
12.060000	3.445607
12.065000	3.450476
12.070000	3.452423
12.075000	3.455344
12.080000	3.457291
12.085000	3.460861
12.090000	3.463458
12.095000	3.466379
12.100000	3.466379
12.105000	3.466703
12.110000	3.472545
12.115000	3.471572
12.120000	3.477089
12.125000	3.473195
12.130000	3.474493
12.135000	3.474817
12.140000	3.470598
12.145000	3.468002
12.150000	3.468975
12.155000	3.465730
12.160000	3.462484
12.165000	3.457940
12.170000	3.455344
12.175000	3.452748
12.180000	3.449827
12.185000	3.446581
12.190000	3.443984
12.195000	3.437169
12.200000	3.432950
12.205000	3.424511
12.210000	3.419967
12.215000	3.418994
12.220000	3.415099
12.225000	3.406011
12.230000	3.400169
12.235000	3.391731
12.240000	3.384915
12.245000	3.379722
12.250000	3.369661
12.255000	3.363495
12.260000	3.352135
12.265000	3.347591
12.270000	3.340127
12.275000	3.328118
12.280000	3.322925
12.285000	3.316109
12.290000	3.306373
12.295000	3.299233
12.300000	3.283978
12.305000	3.272619
12.310000	3.270022
12.315000	3.257040
12.320000	3.249575
12.325000	3.236269
12.330000	3.227181
12.335000	3.222637
12.340000	3.208681
12.345000	3.204462
12.350000	3.189857
12.355000	3.176226
12.360000	3.172980
12.365000	3.162270
12.370000	3.155454
12.375000	3.141498
12.380000	3.130788
12.385000	3.124621
12.390000	3.114236
12.395000	3.105797
12.400000	3.092815
12.405000	3.088271
12.410000	3.081131
12.415000	3.068798
12.420000	3.060035
12.425000	3.052245
12.430000	3.045430
12.435000	3.037965
12.440000	3.027255
12.445000	3.020439
12.450000	3.015571
12.455000	3.007781
12.460000	2.999667
12.465000	2.995124
12.470000	2.987010
12.475000	2.975650
12.480000	2.970133
12.485000	2.966563
12.490000	2.962992
12.495000	2.956177
12.500000	2.948387
12.505000	2.943195
12.510000	2.938651
12.515000	2.939949
12.520000	2.937028
12.525000	2.932160
12.530000	2.930537
12.535000	2.927291
12.540000	2.925019
12.545000	2.924370
12.550000	2.922748
12.555000	2.922748
12.560000	2.919502
12.565000	2.921774
12.570000	2.919502
12.575000	2.917879
12.580000	2.917555
12.585000	2.917879
12.590000	2.920151
12.595000	2.922098
12.600000	2.921774
12.605000	2.924046
12.610000	2.924695
12.615000	2.926318
12.620000	2.931835
12.625000	2.934107
12.630000	2.934432
12.635000	2.937677
12.640000	2.939624
12.645000	2.944493
12.650000	2.950984
12.655000	2.954229
12.660000	2.960396
12.665000	2.968185
12.670000	2.973378
12.675000	2.975326
12.680000	2.980843
12.685000	2.989931
12.690000	2.995773
12.695000	3.000316
12.700000	3.005509
12.705000	3.012325
12.710000	3.019790
12.715000	3.030176
12.720000	3.036667
12.725000	3.041210
12.730000	3.052570
12.735000	3.056140
12.740000	3.066850
12.745000	3.076912
12.750000	3.086648
12.755000	3.092490
12.760000	3.098332
12.765000	3.110016
12.770000	3.117481
12.775000	3.125595
12.780000	3.132086
12.785000	3.144095
12.790000	3.153831
12.795000	3.160323
12.800000	3.170059
12.805000	3.176226
12.810000	3.188559
12.815000	3.196673
12.820000	3.205111
12.825000	3.211278
12.830000	3.223936
12.835000	3.231725
12.840000	3.236918
12.845000	3.247953
12.850000	3.254444
12.855000	3.266128
12.860000	3.273268
12.865000	3.281057
12.870000	3.286250
12.875000	3.300531
12.880000	3.306697
12.885000	3.311241
12.890000	3.316434
12.895000	3.321951
12.900000	3.329092
12.905000	3.334934
12.910000	3.344995
12.915000	3.347591
12.920000	3.354082
12.925000	3.360898
12.930000	3.368687
12.935000	3.375179
12.940000	3.379073
12.945000	3.382968
12.950000	3.386214
12.955000	3.392380
12.960000	3.394327
12.965000	3.398871
12.970000	3.406336
12.975000	3.406661
12.980000	3.412503
12.985000	3.416397
12.990000	3.416722
12.995000	3.415748
13.000000	3.416073
13.005000	3.417371
13.010000	3.419643
13.015000	3.418669
13.020000	3.421266
13.025000	3.418994
13.030000	3.418994
13.035000	3.421266
13.040000	3.417695
13.045000	3.419967
13.050000	3.419967
13.055000	3.416722
13.060000	3.418020
13.065000	3.417046
13.070000	3.413801
13.075000	3.411529
13.080000	3.406336
13.085000	3.406011
13.090000	3.403740
13.095000	3.394977
13.100000	3.389135
13.105000	3.383942
13.110000	3.385564
13.115000	3.381345
13.120000	3.373556
13.125000	3.368038
13.130000	3.364793
13.135000	3.357328
13.140000	3.350512
13.145000	3.344670
13.150000	3.341100
13.155000	3.337206
13.160000	3.328118
13.165000	3.320653
13.170000	3.316759
13.175000	3.309943
13.180000	3.307346
13.185000	3.297610
13.190000	3.287224
13.195000	3.279110
13.200000	3.272619
13.205000	3.265479
13.210000	3.256716
13.215000	3.249900
13.220000	3.245356
13.225000	3.234321
13.230000	3.225558
13.235000	3.219716
13.240000	3.209980
13.245000	3.203813
13.250000	3.196673
13.255000	3.188559
13.260000	3.182068
13.265000	3.172980
13.270000	3.166814
13.275000	3.159998
13.280000	3.147016
13.285000	3.140200
13.290000	3.131762
13.295000	3.125595
13.300000	3.114560
13.305000	3.110016
13.310000	3.101902
13.315000	3.095411
13.320000	3.090218
13.325000	3.085350
13.330000	3.075613
13.335000	3.066201
13.340000	3.060684
13.345000	3.053544
13.350000	3.051596
13.355000	3.043807
13.360000	3.040886
13.365000	3.034395
13.370000	3.026930
13.375000	3.022386
13.380000	3.017842
13.385000	3.010053
13.390000	3.006483
13.395000	3.003237
13.400000	2.998694
13.405000	2.992527
13.410000	2.993501
13.415000	2.987010
13.420000	2.985711
13.425000	2.979220
13.430000	2.979220
13.435000	2.976299
13.440000	2.972405
13.445000	2.973054
13.450000	2.972729
13.455000	2.971755
13.460000	2.970133
13.465000	2.970457
13.470000	2.971106
13.475000	2.969159
13.480000	2.970133
13.485000	2.971755
13.490000	2.968834
13.495000	2.970782
13.500000	2.970457
13.505000	2.970457
13.510000	2.974676
13.515000	2.973703
13.520000	2.976624
13.525000	2.976624
13.530000	2.977922
13.535000	2.984738
13.540000	2.985062
13.545000	2.990904
13.550000	2.994150
13.555000	2.996097
13.560000	2.998694
13.565000	3.005185
13.570000	3.006808
13.575000	3.013623
13.580000	3.016869
13.585000	3.023684
13.590000	3.027904
13.595000	3.033097
13.600000	3.036991
13.605000	3.040561
13.610000	3.048026
13.615000	3.054193
13.620000	3.057438
13.625000	3.064903
13.630000	3.073342
13.635000	3.081780
13.640000	3.087947
13.645000	3.092490
13.650000	3.097359
13.655000	3.105797
13.660000	3.110990
13.665000	3.117481
13.670000	3.126893
13.675000	3.132411
13.680000	3.139226
13.685000	3.146042
13.690000	3.156103
13.695000	3.160647
13.700000	3.168761
13.705000	3.174603
13.710000	3.184340
13.715000	3.188559
13.720000	3.200243
13.725000	3.203813
13.730000	3.208681
13.735000	3.219392
13.740000	3.219392
13.745000	3.229453
13.750000	3.234970
13.755000	3.244383
13.760000	3.252821
13.765000	3.258014
13.770000	3.263856
13.775000	3.271645
13.780000	3.274891
13.785000	3.282356
13.790000	3.284952
13.795000	3.296961
13.800000	3.300531
13.805000	3.306048
13.810000	3.311241
13.815000	3.316759
13.820000	3.319680
13.825000	3.323574
13.830000	3.328118
13.835000	3.332337
13.840000	3.338828
13.845000	3.342398
13.850000	3.345319
13.855000	3.349863
13.860000	3.349863
13.865000	3.352135
13.870000	3.354732
13.875000	3.358951
13.880000	3.357977
13.885000	3.367389
13.890000	3.365442
13.895000	3.368363
13.900000	3.368038
13.905000	3.369661
13.910000	3.373556
13.915000	3.371284
13.920000	3.374530
13.925000	3.372258
13.930000	3.374854
13.935000	3.374530
13.940000	3.374530
13.945000	3.371933
13.950000	3.371609
13.955000	3.371284
13.960000	3.368363
13.965000	3.365117
13.970000	3.366740
13.975000	3.362845
13.980000	3.360898
13.985000	3.359600
13.990000	3.355056
13.995000	3.351811
14.000000	3.346942
14.005000	3.343697
14.010000	3.346293
14.015000	3.343048
14.020000	3.336881
14.025000	3.334285
14.030000	3.326495
14.035000	3.324872
14.040000	3.320004
14.045000	3.315136
14.050000	3.313513
14.055000	3.308969
14.060000	3.303127
14.065000	3.300855
14.070000	3.289496
14.075000	3.284303
14.080000	3.278785
14.085000	3.273593
14.090000	3.270672
14.095000	3.264180
14.100000	3.255093
14.105000	3.250549
14.110000	3.245032
14.115000	3.237242
14.120000	3.233348
14.125000	3.225883
14.130000	3.222962
14.135000	3.215173
14.140000	3.207059
14.145000	3.204462
14.150000	3.197971
14.155000	3.190506
14.160000	3.184015
14.165000	3.176226
14.170000	3.174278
14.175000	3.166165
14.180000	3.160323
14.185000	3.155454
14.190000	3.145068
14.195000	3.137279
14.200000	3.131762
14.205000	3.124621
14.210000	3.122674
14.215000	3.115209
14.220000	3.112937
14.225000	3.105148
14.230000	3.098657
14.235000	3.095087
14.240000	3.089245
14.245000	3.086973
14.250000	3.084376
14.255000	3.075613
14.260000	3.071719
14.265000	3.066526
14.270000	3.061333
14.275000	3.058087
14.280000	3.053544
14.285000	3.051921
14.290000	3.044781
14.295000	3.045105
14.300000	3.038614
14.305000	3.036018
14.310000	3.035693
14.315000	3.032123
14.320000	3.028553
14.325000	3.025956
14.330000	3.023684
14.335000	3.022062
14.340000	3.020439
14.345000	3.019790
14.350000	3.018167
14.355000	3.017842
14.360000	3.015246
14.365000	3.014272
14.370000	3.015895
14.375000	3.014921
14.380000	3.012974
14.385000	3.016544
14.390000	3.014597
14.395000	3.016869
14.400000	3.015246
14.405000	3.015895
14.410000	3.018492
14.415000	3.020439
14.420000	3.023035
14.425000	3.023360
14.430000	3.024334
14.435000	3.028228
14.440000	3.028877
14.445000	3.031474
14.450000	3.036018
14.455000	3.037316
14.460000	3.042184
14.465000	3.042509
14.470000	3.048026
14.475000	3.051272
14.480000	3.052894
14.485000	3.057438
14.490000	3.059061
14.495000	3.062631
14.500000	3.067500
14.505000	3.069447
14.510000	3.080482
14.515000	3.085999
14.520000	3.089245
14.525000	3.092166
14.530000	3.095411
14.535000	3.100604
14.540000	3.106446
14.545000	3.112613
14.550000	3.116183
14.555000	3.121700
14.560000	3.126893
14.565000	3.132086
14.570000	3.134683
14.575000	3.141498
14.580000	3.147665
14.585000	3.158051
14.590000	3.160972
14.595000	3.168436
14.600000	3.172331
14.605000	3.175901
14.610000	3.182392
14.615000	3.185638
14.620000	3.192129
14.625000	3.198945
14.630000	3.204138
14.635000	3.210953
14.640000	3.210953
14.645000	3.220690
14.650000	3.223936
14.655000	3.227830
14.660000	3.234970
14.665000	3.236269
14.670000	3.247304
14.675000	3.250874
14.680000	3.253470
14.685000	3.257689
14.690000	3.264505
14.695000	3.268400
14.700000	3.270022
14.705000	3.272619
14.710000	3.277163
14.715000	3.282031
14.720000	3.284627
14.725000	3.289496
14.730000	3.295338
14.735000	3.299882
14.740000	3.301829
14.745000	3.306048
14.750000	3.307671
14.755000	3.310267
14.760000	3.312539
14.765000	3.316109
14.770000	3.313838
14.775000	3.317408
14.780000	3.320653
14.785000	3.320653
14.790000	3.320329
14.795000	3.322925
14.800000	3.321627
14.805000	3.322601
14.810000	3.325197
14.815000	3.324548
14.820000	3.325197
14.825000	3.325522
14.830000	3.325197
14.835000	3.325522
14.840000	3.323899
14.845000	3.325522
14.850000	3.323899
14.855000	3.325197
14.860000	3.323250
14.865000	3.321627
14.870000	3.322925
14.875000	3.320004
14.880000	3.312864
14.885000	3.317732
14.890000	3.315136
14.895000	3.314162
14.900000	3.308645
14.905000	3.308320
14.910000	3.307996
14.915000	3.305399
14.920000	3.303127
14.925000	3.299233
14.930000	3.293066
14.935000	3.287548
14.940000	3.286899
14.945000	3.281057
14.950000	3.280084
14.955000	3.274566
14.960000	3.271970
14.965000	3.271645
14.970000	3.267101
14.975000	3.258014
14.980000	3.256716
14.985000	3.252496
14.990000	3.247953
14.995000	3.243409
