0.000000 	 1.490138 
0.050000 	 1.488509 
0.100000 	 1.489161 
0.150000 	 1.487206 
0.200000 	 1.490464 
0.250000 	 1.489812 
0.300000 	 1.488509 
0.350000 	 1.489487 
0.400000 	 1.489812 
0.450000 	 1.489487 
0.500000 	 1.490138 
0.550000 	 1.488835 
0.600000 	 1.491441 
0.650000 	 1.485251 
0.700000 	 1.491441 
0.750000 	 1.490464 
0.800000 	 1.493071 
0.850000 	 1.490138 
0.900000 	 1.488835 
0.950000 	 1.491441 
1.000000 	 1.490464 
1.050000 	 1.490138 
1.100000 	 1.489161 
1.150000 	 1.491116 
1.200000 	 1.490790 
1.250000 	 1.489812 
1.300000 	 1.487532 
1.350000 	 1.488835 
1.400000 	 1.491116 
1.450000 	 1.491441 
1.500000 	 1.489487 
1.550000 	 1.487532 
1.600000 	 1.489487 
1.650000 	 1.489812 
1.700000 	 1.487532 
1.750000 	 1.488509 
1.800000 	 1.485902 
1.850000 	 1.488835 
1.900000 	 1.488183 
1.950000 	 1.490790 
2.000000 	 1.487857 
2.050000 	 1.488183 
2.100000 	 1.489812 
2.150000 	 1.488509 
2.200000 	 1.489812 
2.250000 	 1.490138 
2.300000 	 1.488183 
2.350000 	 1.488183 
2.400000 	 1.490464 
2.450000 	 1.488509 
2.500000 	 1.486880 
2.550000 	 1.487857 
2.600000 	 1.488835 
2.650000 	 1.487206 
2.700000 	 1.488509 
2.750000 	 1.489161 
2.800000 	 1.492419 
2.850000 	 1.490464 
2.900000 	 1.486228 
2.950000 	 1.486554 
3.000000 	 1.491116 
3.050000 	 1.488835 
3.100000 	 1.488835 
3.150000 	 1.484599 
3.200000 	 1.492093 
3.250000 	 1.488835 
3.300000 	 1.490138 
3.350000 	 1.492419 
3.400000 	 1.488835 
3.450000 	 1.488509 
3.500000 	 1.486880 
3.550000 	 1.490790 
3.600000 	 1.491767 
3.650000 	 1.488509 
3.700000 	 1.486554 
3.750000 	 1.493071 
3.800000 	 1.491767 
3.850000 	 1.490138 
3.900000 	 1.489487 
3.950000 	 1.490464 
4.000000 	 1.487857 
4.050000 	 1.487532 
4.100000 	 1.487857 
4.150000 	 1.491767 
4.200000 	 1.489161 
4.250000 	 1.487532 
4.300000 	 1.488835 
4.350000 	 1.489487 
4.400000 	 1.488835 
4.450000 	 1.486554 
4.500000 	 1.488509 
4.550000 	 1.488509 
4.600000 	 1.490790 
4.650000 	 1.490138 
4.700000 	 1.486554 
4.750000 	 1.490138 
4.800000 	 1.487206 
4.850000 	 1.491441 
4.900000 	 1.487532 
4.950000 	 1.489161 
5.000000 	 1.490464 
5.050000 	 1.491116 
5.100000 	 1.486554 
5.150000 	 1.491767 
5.200000 	 1.490464 
5.250000 	 1.489161 
5.300000 	 1.489487 
5.350000 	 1.488835 
5.400000 	 1.488835 
5.450000 	 1.490464 
5.500000 	 1.488835 
5.550000 	 1.487857 
5.600000 	 1.486554 
5.650000 	 1.489487 
5.700000 	 1.489161 
5.750000 	 1.489487 
5.800000 	 1.490790 
5.850000 	 1.492419 
5.900000 	 1.492093 
5.950000 	 1.490464 
6.000000 	 1.486880 
6.050000 	 1.493722 
6.100000 	 1.489161 
6.150000 	 1.488509 
6.200000 	 1.487532 
6.250000 	 1.487532 
6.300000 	 1.489161 
6.350000 	 1.492419 
6.400000 	 1.488835 
6.450000 	 1.489161 
6.500000 	 1.489487 
6.550000 	 1.491116 
6.600000 	 1.488509 
6.650000 	 1.489812 
6.700000 	 1.487532 
6.750000 	 1.489812 
6.800000 	 1.489487 
6.850000 	 1.492093 
6.900000 	 1.488509 
6.950000 	 1.491116 
7.000000 	 1.490464 
7.050000 	 1.488509 
7.100000 	 1.489812 
7.150000 	 1.490138 
7.200000 	 1.488183 
7.250000 	 1.490464 
7.300000 	 1.489812 
7.350000 	 1.490464 
7.400000 	 1.489487 
7.450000 	 1.490464 
7.500000 	 1.487857 
7.550000 	 1.488509 
7.600000 	 1.492745 
7.650000 	 1.487532 
7.700000 	 1.487857 
7.750000 	 1.489487 
7.800000 	 1.489161 
7.850000 	 1.490138 
7.900000 	 1.488509 
7.950000 	 1.491116 
8.000000 	 1.491767 
8.050000 	 1.489487 
8.100000 	 1.490464 
8.150000 	 1.493396 
8.200000 	 1.491441 
8.250000 	 1.493722 
8.300000 	 1.488183 
8.350000 	 1.491767 
8.400000 	 1.490138 
8.450000 	 1.490138 
8.500000 	 1.490790 
8.550000 	 1.491767 
8.600000 	 1.489487 
8.650000 	 1.487206 
8.700000 	 1.493071 
8.750000 	 1.492093 
8.800000 	 1.487206 
8.850000 	 1.490464 
8.900000 	 1.491116 
8.950000 	 1.488509 
9.000000 	 1.491767 
9.050000 	 1.487532 
9.100000 	 1.494374 
9.150000 	 1.488835 
9.200000 	 1.492419 
9.250000 	 1.491116 
9.300000 	 1.489812 
9.350000 	 1.489161 
9.400000 	 1.490464 
9.450000 	 1.490790 
9.500000 	 1.489812 
9.550000 	 1.488835 
9.600000 	 1.489161 
9.650000 	 1.490138 
9.700000 	 1.487532 
9.750000 	 1.488835 
9.800000 	 1.488509 
9.850000 	 1.491441 
9.900000 	 1.491116 
9.950000 	 1.490138 
10.000000 	 1.491441 
10.050000 	 1.492419 
10.100000 	 1.487857 
10.150000 	 1.489487 
10.200000 	 1.488509 
10.250000 	 1.489487 
10.300000 	 1.488509 
10.350000 	 1.488835 
10.400000 	 1.486880 
10.450000 	 1.491767 
10.500000 	 1.490138 
10.550000 	 1.490790 
10.600000 	 1.492419 
10.650000 	 1.489487 
10.700000 	 1.491767 
10.750000 	 1.490790 
10.800000 	 1.486880 
10.850000 	 1.486880 
10.900000 	 1.491441 
10.950000 	 1.492745 
11.000000 	 1.492419 
11.050000 	 1.489161 
11.100000 	 1.490464 
11.150000 	 1.488183 
11.200000 	 1.491116 
11.250000 	 1.487857 
11.300000 	 1.491767 
11.350000 	 1.491116 
11.400000 	 1.488509 
11.450000 	 1.491767 
11.500000 	 1.493396 
11.550000 	 1.492093 
11.600000 	 1.490790 
11.650000 	 1.491116 
11.700000 	 1.493722 
11.750000 	 1.489487 
11.800000 	 1.488183 
11.850000 	 1.491441 
11.900000 	 1.491116 
11.950000 	 1.492419 
12.000000 	 1.491441 
12.050000 	 1.490790 
12.100000 	 1.489487 
12.150000 	 1.488835 
12.200000 	 1.492745 
12.250000 	 1.490464 
12.300000 	 1.490790 
12.350000 	 1.492419 
12.400000 	 1.490464 
12.450000 	 1.490790 
12.500000 	 1.491116 
12.550000 	 1.490790 
12.600000 	 1.491441 
12.650000 	 1.488835 
12.700000 	 1.490790 
12.750000 	 1.490464 
12.800000 	 1.490138 
12.850000 	 1.487532 
12.900000 	 1.490138 
12.950000 	 1.487857 
13.000000 	 1.492745 
13.050000 	 1.487532 
13.100000 	 1.491441 
13.150000 	 1.490138 
13.200000 	 1.489487 
13.250000 	 1.485902 
13.300000 	 1.492745 
13.350000 	 1.487857 
13.400000 	 1.491767 
13.450000 	 1.490790 
13.500000 	 1.491767 
13.550000 	 1.489487 
13.600000 	 1.494700 
13.650000 	 1.489812 
13.700000 	 1.489812 
13.750000 	 1.492093 
13.800000 	 1.489487 
13.850000 	 1.491767 
13.900000 	 1.489812 
13.950000 	 1.487857 
14.000000 	 1.489812 
14.050000 	 1.491767 
14.100000 	 1.490790 
14.150000 	 1.491767 
14.200000 	 1.488183 
14.250000 	 1.488835 
14.300000 	 1.491441 
14.350000 	 1.490138 
14.400000 	 1.490790 
14.450000 	 1.489812 
14.500000 	 1.493071 
14.550000 	 1.490464 
14.600000 	 1.489812 
14.650000 	 1.489161 
14.700000 	 1.489487 
14.750000 	 1.490464 
14.800000 	 1.490790 
14.850000 	 1.486228 
14.900000 	 1.489487 
14.950000 	 1.491767 
15.000000 	 1.489161 
15.050000 	 1.493722 
15.100000 	 1.488183 
15.150000 	 1.488183 
15.200000 	 1.489487 
15.250000 	 1.489487 
15.300000 	 1.490790 
15.350000 	 1.490138 
15.400000 	 1.490790 
15.450000 	 1.490790 
15.500000 	 1.491116 
15.550000 	 1.491116 
15.600000 	 1.491767 
15.650000 	 1.490464 
15.700000 	 1.490464 
15.750000 	 1.488509 
15.800000 	 1.489161 
15.850000 	 1.490138 
15.900000 	 1.494700 
15.950000 	 1.487206 
16.000000 	 1.492419 
16.050000 	 1.491767 
16.100000 	 1.490464 
16.150000 	 1.491767 
16.200000 	 1.491441 
16.250000 	 1.491767 
16.300000 	 1.488835 
16.350000 	 1.491116 
16.400000 	 1.491116 
16.450000 	 1.488183 
16.500000 	 1.492745 
16.550000 	 1.491767 
16.600000 	 1.490464 
16.650000 	 1.489487 
16.700000 	 1.490464 
16.750000 	 1.493071 
16.800000 	 1.491767 
16.850000 	 1.489161 
16.900000 	 1.489161 
16.950000 	 1.491441 
17.000000 	 1.491767 
17.050000 	 1.490790 
17.100000 	 1.493071 
17.150000 	 1.490138 
17.200000 	 1.489161 
17.250000 	 1.494048 
17.300000 	 1.489487 
17.350000 	 1.489487 
17.400000 	 1.490790 
17.450000 	 1.490464 
17.500000 	 1.491767 
17.550000 	 1.489487 
17.600000 	 1.493722 
17.650000 	 1.490138 
17.700000 	 1.494700 
17.750000 	 1.488835 
17.800000 	 1.491441 
17.850000 	 1.487857 
17.900000 	 1.490790 
17.950000 	 1.491767 
18.000000 	 1.490464 
18.050000 	 1.491441 
18.100000 	 1.494048 
18.150000 	 1.486880 
18.200000 	 1.494374 
18.250000 	 1.489487 
18.300000 	 1.492745 
18.350000 	 1.488509 
18.400000 	 1.491767 
18.450000 	 1.494048 
18.500000 	 1.493071 
18.550000 	 1.493722 
18.600000 	 1.492093 
18.650000 	 1.493071 
18.700000 	 1.487532 
18.750000 	 1.490138 
18.800000 	 1.489812 
18.850000 	 1.492093 
18.900000 	 1.488835 
18.950000 	 1.493071 
19.000000 	 1.490464 
19.050000 	 1.490464 
19.100000 	 1.487532 
19.150000 	 1.490464 
19.200000 	 1.492745 
19.250000 	 1.491116 
19.300000 	 1.489812 
19.350000 	 1.490138 
19.400000 	 1.488509 
19.450000 	 1.490138 
19.500000 	 1.491441 
19.550000 	 1.493722 
19.600000 	 1.490138 
19.650000 	 1.490138 
19.700000 	 1.491767 
19.750000 	 1.488835 
19.800000 	 1.491767 
19.850000 	 1.489487 
19.900000 	 1.491116 
19.950000 	 1.490138 
