0.000000 	 1.905561 
0.050000 	 1.903606 
0.100000 	 1.902629 
0.150000 	 1.902303 
0.200000 	 1.902955 
0.250000 	 1.904584 
0.300000 	 1.906213 
0.350000 	 1.904584 
0.400000 	 1.901977 
0.450000 	 1.904584 
0.500000 	 1.903932 
0.550000 	 1.904910 
0.600000 	 1.902303 
0.650000 	 1.902955 
0.700000 	 1.902629 
0.750000 	 1.904584 
0.800000 	 1.901326 
0.850000 	 1.906539 
0.900000 	 1.904584 
0.950000 	 1.905887 
1.000000 	 1.904258 
1.050000 	 1.905236 
1.100000 	 1.903932 
1.150000 	 1.903606 
1.200000 	 1.903606 
1.250000 	 1.906213 
1.300000 	 1.904258 
1.350000 	 1.906539 
1.400000 	 1.902303 
1.450000 	 1.901326 
1.500000 	 1.903606 
1.550000 	 1.903281 
1.600000 	 1.903281 
1.650000 	 1.903932 
1.700000 	 1.902629 
1.750000 	 1.900348 
1.800000 	 1.902955 
1.850000 	 1.901326 
1.900000 	 1.902955 
1.950000 	 1.903932 
2.000000 	 1.906213 
2.050000 	 1.904258 
2.100000 	 1.905561 
2.150000 	 1.906865 
2.200000 	 1.901326 
2.250000 	 1.904258 
2.300000 	 1.905561 
2.350000 	 1.902629 
2.400000 	 1.903606 
2.450000 	 1.901977 
2.500000 	 1.905561 
2.550000 	 1.904584 
2.600000 	 1.902629 
2.650000 	 1.904910 
2.700000 	 1.904584 
2.750000 	 1.899371 
2.800000 	 1.905887 
2.850000 	 1.902955 
2.900000 	 1.903606 
2.950000 	 1.903932 
3.000000 	 1.901977 
3.050000 	 1.905561 
3.100000 	 1.904258 
3.150000 	 1.901000 
3.200000 	 1.902303 
3.250000 	 1.905236 
3.300000 	 1.902303 
3.350000 	 1.902955 
3.400000 	 1.904258 
3.450000 	 1.902629 
3.500000 	 1.904584 
3.550000 	 1.904258 
3.600000 	 1.903281 
3.650000 	 1.904910 
3.700000 	 1.902955 
3.750000 	 1.905236 
3.800000 	 1.904258 
3.850000 	 1.900348 
3.900000 	 1.903932 
3.950000 	 1.905236 
4.000000 	 1.906213 
4.050000 	 1.903606 
4.100000 	 1.906213 
4.150000 	 1.901977 
4.200000 	 1.902955 
4.250000 	 1.903281 
4.300000 	 1.903606 
4.350000 	 1.902629 
4.400000 	 1.904258 
4.450000 	 1.905561 
4.500000 	 1.903281 
4.550000 	 1.902955 
4.600000 	 1.902303 
4.650000 	 1.902955 
4.700000 	 1.903281 
4.750000 	 1.901977 
4.800000 	 1.903281 
4.850000 	 1.902955 
4.900000 	 1.901977 
4.950000 	 1.901326 
5.000000 	 1.901000 
5.050000 	 1.902955 
5.100000 	 1.903932 
5.150000 	 1.904584 
5.200000 	 1.902955 
5.250000 	 1.904910 
5.300000 	 1.904258 
5.350000 	 1.905887 
5.400000 	 1.903932 
5.450000 	 1.902629 
5.500000 	 1.902303 
5.550000 	 1.903281 
5.600000 	 1.902629 
5.650000 	 1.901326 
5.700000 	 1.903281 
5.750000 	 1.900348 
5.800000 	 1.904258 
5.850000 	 1.902629 
5.900000 	 1.903932 
5.950000 	 1.902629 
6.000000 	 1.903932 
6.050000 	 1.906539 
6.100000 	 1.907191 
6.150000 	 1.902955 
6.200000 	 1.902303 
6.250000 	 1.904584 
6.300000 	 1.901652 
6.350000 	 1.904584 
6.400000 	 1.902303 
6.450000 	 1.903932 
6.500000 	 1.903606 
6.550000 	 1.903932 
6.600000 	 1.901652 
6.650000 	 1.903281 
6.700000 	 1.902629 
6.750000 	 1.903281 
6.800000 	 1.903281 
6.850000 	 1.903281 
6.900000 	 1.903932 
6.950000 	 1.902955 
7.000000 	 1.905236 
7.050000 	 1.904584 
7.100000 	 1.902955 
7.150000 	 1.901652 
7.200000 	 1.903932 
7.250000 	 1.902303 
7.300000 	 1.901652 
7.350000 	 1.904584 
7.400000 	 1.900022 
7.450000 	 1.903606 
7.500000 	 1.901977 
7.550000 	 1.903932 
7.600000 	 1.903932 
7.650000 	 1.904910 
7.700000 	 1.902629 
7.750000 	 1.903606 
7.800000 	 1.904584 
7.850000 	 1.901977 
7.900000 	 1.904584 
7.950000 	 1.902629 
8.000000 	 1.902629 
8.050000 	 1.902955 
8.100000 	 1.903932 
8.150000 	 1.904584 
8.200000 	 1.902303 
8.250000 	 1.904584 
8.300000 	 1.903606 
8.350000 	 1.903281 
8.400000 	 1.901977 
8.450000 	 1.903932 
8.500000 	 1.902955 
8.550000 	 1.902303 
8.600000 	 1.903932 
8.650000 	 1.904258 
8.700000 	 1.902303 
8.750000 	 1.901652 
8.800000 	 1.902629 
8.850000 	 1.904584 
8.900000 	 1.902629 
8.950000 	 1.900674 
9.000000 	 1.901977 
9.050000 	 1.902303 
9.100000 	 1.902629 
9.150000 	 1.902955 
9.200000 	 1.902955 
9.250000 	 1.903932 
9.300000 	 1.902629 
9.350000 	 1.902303 
9.400000 	 1.904584 
9.450000 	 1.904910 
9.500000 	 1.903932 
9.550000 	 1.903606 
9.600000 	 1.900674 
9.650000 	 1.902955 
9.700000 	 1.901652 
9.750000 	 1.903932 
9.800000 	 1.903932 
9.850000 	 1.900348 
9.900000 	 1.904258 
9.950000 	 1.901000 
10.000000 	 1.900674 
10.050000 	 1.904584 
10.100000 	 1.901977 
10.150000 	 1.901652 
10.200000 	 1.901000 
10.250000 	 1.902629 
10.300000 	 1.901977 
10.350000 	 1.901977 
10.400000 	 1.900674 
10.450000 	 1.901977 
10.500000 	 1.901326 
10.550000 	 1.903606 
10.600000 	 1.901000 
10.650000 	 1.902303 
10.700000 	 1.902629 
10.750000 	 1.901652 
10.800000 	 1.904584 
10.850000 	 1.901977 
10.900000 	 1.902955 
10.950000 	 1.903606 
11.000000 	 1.901326 
11.050000 	 1.903932 
11.100000 	 1.901000 
11.150000 	 1.902629 
11.200000 	 1.902303 
11.250000 	 1.902955 
11.300000 	 1.903281 
11.350000 	 1.901000 
11.400000 	 1.904584 
11.450000 	 1.899697 
11.500000 	 1.903932 
11.550000 	 1.903281 
11.600000 	 1.904258 
11.650000 	 1.904910 
11.700000 	 1.904258 
11.750000 	 1.903606 
11.800000 	 1.902303 
11.850000 	 1.903932 
11.900000 	 1.900348 
11.950000 	 1.903606 
12.000000 	 1.900348 
12.050000 	 1.905236 
12.100000 	 1.902955 
12.150000 	 1.901977 
12.200000 	 1.904584 
12.250000 	 1.901652 
12.300000 	 1.903281 
12.350000 	 1.903281 
12.400000 	 1.902629 
12.450000 	 1.900348 
12.500000 	 1.902303 
12.550000 	 1.903606 
12.600000 	 1.901652 
12.650000 	 1.904584 
12.700000 	 1.902955 
12.750000 	 1.899371 
12.800000 	 1.901326 
12.850000 	 1.906213 
12.900000 	 1.901000 
12.950000 	 1.903606 
13.000000 	 1.903606 
13.050000 	 1.903281 
13.100000 	 1.903932 
13.150000 	 1.905561 
13.200000 	 1.902629 
13.250000 	 1.902303 
13.300000 	 1.904584 
13.350000 	 1.902955 
13.400000 	 1.903281 
13.450000 	 1.902955 
13.500000 	 1.903606 
13.550000 	 1.900348 
13.600000 	 1.902629 
13.650000 	 1.903932 
13.700000 	 1.903281 
13.750000 	 1.903606 
13.800000 	 1.903606 
13.850000 	 1.904584 
13.900000 	 1.906213 
13.950000 	 1.903932 
14.000000 	 1.905236 
14.050000 	 1.901977 
14.100000 	 1.905887 
14.150000 	 1.902629 
14.200000 	 1.905236 
14.250000 	 1.901977 
14.300000 	 1.901000 
14.350000 	 1.902629 
14.400000 	 1.902955 
14.450000 	 1.903281 
14.500000 	 1.902303 
14.550000 	 1.903606 
14.600000 	 1.902955 
14.650000 	 1.901652 
14.700000 	 1.904584 
14.750000 	 1.903606 
14.800000 	 1.903281 
14.850000 	 1.902629 
14.900000 	 1.901000 
14.950000 	 1.903932 
15.000000 	 1.900674 
15.050000 	 1.902629 
15.100000 	 1.901326 
15.150000 	 1.900674 
15.200000 	 1.904584 
15.250000 	 1.902629 
15.300000 	 1.901977 
15.350000 	 1.901977 
15.400000 	 1.902629 
15.450000 	 1.902629 
15.500000 	 1.904910 
15.550000 	 1.901977 
15.600000 	 1.903281 
15.650000 	 1.901977 
15.700000 	 1.903932 
15.750000 	 1.901326 
15.800000 	 1.901977 
15.850000 	 1.904258 
15.900000 	 1.900348 
15.950000 	 1.904584 
16.000000 	 1.904258 
16.050000 	 1.902955 
16.100000 	 1.901977 
16.150000 	 1.903932 
16.200000 	 1.903281 
16.250000 	 1.901326 
16.300000 	 1.901000 
16.350000 	 1.901000 
16.400000 	 1.903932 
16.450000 	 1.902303 
16.500000 	 1.904910 
16.550000 	 1.901652 
16.600000 	 1.901977 
16.650000 	 1.903932 
16.700000 	 1.900022 
16.750000 	 1.902955 
16.800000 	 1.899371 
16.850000 	 1.904258 
16.900000 	 1.901977 
16.950000 	 1.902955 
17.000000 	 1.897416 
17.050000 	 1.901977 
17.100000 	 1.905887 
17.150000 	 1.903606 
17.200000 	 1.902629 
17.250000 	 1.903932 
17.300000 	 1.900674 
17.350000 	 1.903281 
17.400000 	 1.900674 
17.450000 	 1.903606 
17.500000 	 1.902955 
17.550000 	 1.903606 
17.600000 	 1.903281 
17.650000 	 1.903606 
17.700000 	 1.900022 
17.750000 	 1.902303 
17.800000 	 1.903281 
17.850000 	 1.903932 
17.900000 	 1.901326 
17.950000 	 1.901977 
18.000000 	 1.903932 
18.050000 	 1.902955 
18.100000 	 1.900022 
18.150000 	 1.903606 
18.200000 	 1.905561 
18.250000 	 1.907191 
18.300000 	 1.904258 
18.350000 	 1.902629 
18.400000 	 1.902629 
18.450000 	 1.906213 
18.500000 	 1.901000 
18.550000 	 1.901977 
18.600000 	 1.906865 
18.650000 	 1.900348 
18.700000 	 1.900674 
18.750000 	 1.900348 
18.800000 	 1.904584 
18.850000 	 1.901000 
18.900000 	 1.903281 
18.950000 	 1.901326 
19.000000 	 1.902629 
19.050000 	 1.902303 
19.100000 	 1.901977 
19.150000 	 1.902955 
19.200000 	 1.904258 
19.250000 	 1.902955 
19.300000 	 1.905561 
19.350000 	 1.904584 
19.400000 	 1.903606 
19.450000 	 1.901326 
19.500000 	 1.903281 
19.550000 	 1.903932 
19.600000 	 1.902955 
19.650000 	 1.902955 
19.700000 	 1.901652 
19.750000 	 1.903606 
19.800000 	 1.907191 
19.850000 	 1.902303 
19.900000 	 1.903281 
19.950000 	 1.904584 
