0.000000 	 0.248953 
0.002000 	 0.247664 
0.004000 	 0.247664 
0.006000 	 0.246376 
0.008000 	 0.247664 
0.010000 	 0.247664 
0.012000 	 0.245087 
0.014000 	 0.247664 
0.016000 	 0.248953 
0.018000 	 0.246376 
0.020000 	 0.246376 
0.022000 	 0.247664 
0.024000 	 0.246376 
0.026000 	 0.246376 
0.028000 	 0.247664 
0.030000 	 0.246376 
0.032000 	 0.247664 
0.034000 	 0.246376 
0.036000 	 0.246376 
0.038000 	 0.247664 
0.040000 	 0.247664 
0.042000 	 0.247664 
0.044000 	 0.247664 
0.046000 	 0.247664 
0.048000 	 0.247664 
0.050000 	 0.246376 
0.052000 	 0.248953 
0.054000 	 0.248953 
0.056000 	 0.248953 
0.058000 	 0.248953 
0.060000 	 0.248953 
0.062000 	 0.246376 
0.064000 	 0.246376 
0.066000 	 0.245087 
0.068000 	 0.247664 
0.070000 	 0.246376 
0.072000 	 0.248953 
0.074000 	 0.247664 
0.076000 	 0.247664 
0.078000 	 0.246376 
0.080000 	 0.246376 
0.082000 	 0.248953 
0.084000 	 0.247664 
0.086000 	 0.246376 
0.088000 	 0.248953 
0.090000 	 0.248953 
0.092000 	 0.248953 
0.094000 	 0.246376 
0.096000 	 0.248953 
0.098000 	 0.248953 
0.100000 	 0.248953 
0.102000 	 0.248953 
0.104000 	 0.248953 
0.106000 	 0.248953 
0.108000 	 0.246376 
0.110000 	 0.247664 
0.112000 	 0.248953 
0.114000 	 0.247664 
0.116000 	 0.247664 
0.118000 	 0.247664 
0.120000 	 0.246376 
0.122000 	 0.247664 
0.124000 	 0.243798 
0.126000 	 0.243798 
0.128000 	 0.246376 
0.130000 	 0.246376 
0.132000 	 0.250242 
0.134000 	 0.247664 
0.136000 	 0.246376 
0.138000 	 0.247664 
0.140000 	 0.246376 
0.142000 	 0.246376 
0.144000 	 0.247664 
0.146000 	 0.246376 
0.148000 	 0.246376 
0.150000 	 0.247664 
0.152000 	 0.246376 
0.154000 	 0.248953 
0.156000 	 0.246376 
0.158000 	 0.247664 
0.160000 	 0.245087 
0.162000 	 0.247664 
0.164000 	 0.247664 
0.166000 	 0.248953 
0.168000 	 0.247664 
0.170000 	 0.246376 
0.172000 	 0.246376 
0.174000 	 0.248953 
0.176000 	 0.247664 
0.178000 	 0.246376 
0.180000 	 0.246376 
0.182000 	 0.247664 
0.184000 	 0.247664 
0.186000 	 0.247664 
0.188000 	 0.246376 
0.190000 	 0.247664 
0.192000 	 0.248953 
0.194000 	 0.248953 
0.196000 	 0.245087 
0.198000 	 0.248953 
0.200000 	 0.247664 
0.202000 	 0.248953 
0.204000 	 0.247664 
0.206000 	 0.246376 
0.208000 	 0.248953 
0.210000 	 0.247664 
0.212000 	 0.246376 
0.214000 	 0.247664 
0.216000 	 0.250242 
0.218000 	 0.246376 
0.220000 	 0.248953 
0.222000 	 0.246376 
0.224000 	 0.247664 
0.226000 	 0.247664 
0.228000 	 0.247664 
0.230000 	 0.247664 
0.232000 	 0.247664 
0.234000 	 0.247664 
0.236000 	 0.246376 
0.238000 	 0.246376 
0.240000 	 0.248953 
0.242000 	 0.246376 
0.244000 	 0.247664 
0.246000 	 0.247664 
0.248000 	 0.247664 
0.250000 	 0.247664 
0.252000 	 0.246376 
0.254000 	 0.247664 
0.256000 	 0.246376 
0.258000 	 0.247664 
0.260000 	 0.246376 
0.262000 	 0.245087 
0.264000 	 0.247664 
0.266000 	 0.247664 
0.268000 	 0.248953 
0.270000 	 0.245087 
0.272000 	 0.247664 
0.274000 	 0.246376 
0.276000 	 0.248953 
0.278000 	 0.247664 
0.280000 	 0.246376 
0.282000 	 0.247664 
0.284000 	 0.247664 
0.286000 	 0.246376 
0.288000 	 0.250242 
0.290000 	 0.247664 
0.292000 	 0.248953 
0.294000 	 0.247664 
0.296000 	 0.245087 
0.298000 	 0.246376 
0.300000 	 0.250242 
0.302000 	 0.248953 
0.304000 	 0.246376 
0.306000 	 0.247664 
0.308000 	 0.247664 
0.310000 	 0.247664 
0.312000 	 0.248953 
0.314000 	 0.248953 
0.316000 	 0.246376 
0.318000 	 0.246376 
0.320000 	 0.246376 
0.322000 	 0.247664 
0.324000 	 0.248953 
0.326000 	 0.247664 
0.328000 	 0.246376 
0.330000 	 0.247664 
0.332000 	 0.248953 
0.334000 	 0.248953 
0.336000 	 0.247664 
0.338000 	 0.248953 
0.340000 	 0.247664 
0.342000 	 0.248953 
0.344000 	 0.246376 
0.346000 	 0.246376 
0.348000 	 0.246376 
0.350000 	 0.246376 
0.352000 	 0.246376 
0.354000 	 0.246376 
0.356000 	 0.248953 
0.358000 	 0.247664 
0.360000 	 0.246376 
0.362000 	 0.247664 
0.364000 	 0.245087 
0.366000 	 0.246376 
0.368000 	 0.243798 
0.370000 	 0.246376 
0.372000 	 0.247664 
0.374000 	 0.246376 
0.376000 	 0.246376 
0.378000 	 0.247664 
0.380000 	 0.245087 
0.382000 	 0.246376 
0.384000 	 0.246376 
0.386000 	 0.248953 
0.388000 	 0.247664 
0.390000 	 0.247664 
0.392000 	 0.247664 
0.394000 	 0.247664 
0.396000 	 0.247664 
0.398000 	 0.247664 
0.400000 	 0.247664 
0.402000 	 0.247664 
0.404000 	 0.246376 
0.406000 	 0.246376 
0.408000 	 0.246376 
0.410000 	 0.245087 
0.412000 	 0.247664 
0.414000 	 0.248953 
0.416000 	 0.245087 
0.418000 	 0.247664 
0.420000 	 0.247664 
0.422000 	 0.247664 
0.424000 	 0.247664 
0.426000 	 0.250242 
0.428000 	 0.246376 
0.430000 	 0.247664 
0.432000 	 0.246376 
0.434000 	 0.247664 
0.436000 	 0.246376 
0.438000 	 0.248953 
0.440000 	 0.248953 
0.442000 	 0.248953 
0.444000 	 0.246376 
0.446000 	 0.247664 
0.448000 	 0.246376 
0.450000 	 0.245087 
0.452000 	 0.246376 
0.454000 	 0.246376 
0.456000 	 0.247664 
0.458000 	 0.248953 
0.460000 	 0.247664 
0.462000 	 0.247664 
0.464000 	 0.247664 
0.466000 	 0.247664 
0.468000 	 0.247664 
0.470000 	 0.246376 
0.472000 	 0.247664 
0.474000 	 0.247664 
0.476000 	 0.247664 
0.478000 	 0.247664 
0.480000 	 0.245087 
0.482000 	 0.248953 
0.484000 	 0.247664 
0.486000 	 0.247664 
0.488000 	 0.247664 
0.490000 	 0.247664 
0.492000 	 0.247664 
0.494000 	 0.246376 
0.496000 	 0.247664 
0.498000 	 0.246376 
0.500000 	 0.245087 
0.502000 	 0.248953 
0.504000 	 0.247664 
0.506000 	 0.248953 
0.508000 	 0.246376 
0.510000 	 0.248953 
0.512000 	 0.247664 
0.514000 	 0.246376 
0.516000 	 0.247664 
0.518000 	 0.246376 
0.520000 	 0.246376 
0.522000 	 0.246376 
0.524000 	 0.247664 
0.526000 	 0.248953 
0.528000 	 0.247664 
0.530000 	 0.246376 
0.532000 	 0.247664 
0.534000 	 0.247664 
0.536000 	 0.246376 
0.538000 	 0.246376 
0.540000 	 0.247664 
0.542000 	 0.247664 
0.544000 	 0.246376 
0.546000 	 0.248953 
0.548000 	 0.247664 
0.550000 	 0.247664 
0.552000 	 0.247664 
0.554000 	 0.248953 
0.556000 	 0.248953 
0.558000 	 0.248953 
0.560000 	 0.250242 
0.562000 	 0.246376 
0.564000 	 0.247664 
0.566000 	 0.246376 
0.568000 	 0.246376 
0.570000 	 0.246376 
0.572000 	 0.247664 
0.574000 	 0.248953 
0.576000 	 0.247664 
0.578000 	 0.248953 
0.580000 	 0.247664 
0.582000 	 0.248953 
0.584000 	 0.247664 
0.586000 	 0.247664 
0.588000 	 0.248953 
0.590000 	 0.248953 
0.592000 	 0.247664 
0.594000 	 0.245087 
0.596000 	 0.245087 
0.598000 	 0.248953 
0.600000 	 0.248953 
0.602000 	 0.246376 
0.604000 	 0.246376 
0.606000 	 0.247664 
0.608000 	 0.246376 
0.610000 	 0.247664 
0.612000 	 0.246376 
0.614000 	 0.247664 
0.616000 	 0.246376 
0.618000 	 0.248953 
0.620000 	 0.247664 
0.622000 	 0.247664 
0.624000 	 0.246376 
0.626000 	 0.246376 
0.628000 	 0.248953 
0.630000 	 0.246376 
0.632000 	 0.247664 
0.634000 	 0.246376 
0.636000 	 0.247664 
0.638000 	 0.247664 
0.640000 	 0.247664 
0.642000 	 0.246376 
0.644000 	 0.247664 
0.646000 	 0.248953 
0.648000 	 0.250242 
0.650000 	 0.248953 
0.652000 	 0.246376 
0.654000 	 0.247664 
0.656000 	 0.247664 
0.658000 	 0.247664 
0.660000 	 0.246376 
0.662000 	 0.246376 
0.664000 	 0.246376 
0.666000 	 0.248953 
0.668000 	 0.248953 
0.670000 	 0.247664 
0.672000 	 0.247664 
0.674000 	 0.247664 
0.676000 	 0.247664 
0.678000 	 0.246376 
0.680000 	 0.248953 
0.682000 	 0.247664 
0.684000 	 0.247664 
0.686000 	 0.246376 
0.688000 	 0.247664 
0.690000 	 0.246376 
0.692000 	 0.246376 
0.694000 	 0.248953 
0.696000 	 0.248953 
0.698000 	 0.247664 
0.700000 	 0.248953 
0.702000 	 0.248953 
0.704000 	 0.248953 
0.706000 	 0.246376 
0.708000 	 0.247664 
0.710000 	 0.247664 
0.712000 	 0.247664 
0.714000 	 0.246376 
0.716000 	 0.247664 
0.718000 	 0.246376 
0.720000 	 0.247664 
0.722000 	 0.247664 
0.724000 	 0.246376 
0.726000 	 0.248953 
0.728000 	 0.247664 
0.730000 	 0.247664 
0.732000 	 0.247664 
0.734000 	 0.247664 
0.736000 	 0.247664 
0.738000 	 0.246376 
0.740000 	 0.248953 
0.742000 	 0.246376 
0.744000 	 0.246376 
0.746000 	 0.246376 
0.748000 	 0.245087 
0.750000 	 0.247664 
0.752000 	 0.247664 
0.754000 	 0.247664 
0.756000 	 0.248953 
0.758000 	 0.246376 
0.760000 	 0.247664 
0.762000 	 0.247664 
0.764000 	 0.247664 
0.766000 	 0.246376 
0.768000 	 0.247664 
0.770000 	 0.248953 
0.772000 	 0.247664 
0.774000 	 0.246376 
0.776000 	 0.246376 
0.778000 	 0.247664 
0.780000 	 0.246376 
0.782000 	 0.247664 
0.784000 	 0.248953 
0.786000 	 0.247664 
0.788000 	 0.248953 
0.790000 	 0.247664 
0.792000 	 0.247664 
0.794000 	 0.246376 
0.796000 	 0.247664 
0.798000 	 0.247664 
0.800000 	 0.247664 
0.802000 	 0.248953 
0.804000 	 0.246376 
0.806000 	 0.247664 
0.808000 	 0.247664 
0.810000 	 0.246376 
0.812000 	 0.247664 
0.814000 	 0.245087 
0.816000 	 0.247664 
0.818000 	 0.248953 
0.820000 	 0.248953 
0.822000 	 0.250242 
0.824000 	 0.247664 
0.826000 	 0.246376 
0.828000 	 0.247664 
0.830000 	 0.246376 
0.832000 	 0.246376 
0.834000 	 0.247664 
0.836000 	 0.247664 
0.838000 	 0.247664 
0.840000 	 0.248953 
0.842000 	 0.246376 
0.844000 	 0.246376 
0.846000 	 0.247664 
0.848000 	 0.248953 
0.850000 	 0.246376 
0.852000 	 0.247664 
0.854000 	 0.246376 
0.856000 	 0.246376 
0.858000 	 0.246376 
0.860000 	 0.247664 
0.862000 	 0.248953 
0.864000 	 0.246376 
0.866000 	 0.248953 
0.868000 	 0.245087 
0.870000 	 0.248953 
0.872000 	 0.248953 
0.874000 	 0.246376 
0.876000 	 0.248953 
0.878000 	 0.247664 
0.880000 	 0.247664 
0.882000 	 0.248953 
0.884000 	 0.250242 
0.886000 	 0.246376 
0.888000 	 0.246376 
0.890000 	 0.246376 
0.892000 	 0.248953 
0.894000 	 0.245087 
0.896000 	 0.246376 
0.898000 	 0.247664 
0.900000 	 0.248953 
0.902000 	 0.247664 
0.904000 	 0.247664 
0.906000 	 0.246376 
0.908000 	 0.247664 
0.910000 	 0.246376 
0.912000 	 0.247664 
0.914000 	 0.246376 
0.916000 	 0.248953 
0.918000 	 0.248953 
0.920000 	 0.246376 
0.922000 	 0.247664 
0.924000 	 0.246376 
0.926000 	 0.247664 
0.928000 	 0.248953 
0.930000 	 0.246376 
0.932000 	 0.246376 
0.934000 	 0.247664 
0.936000 	 0.247664 
0.938000 	 0.246376 
0.940000 	 0.248953 
0.942000 	 0.248953 
0.944000 	 0.246376 
0.946000 	 0.246376 
0.948000 	 0.246376 
0.950000 	 0.247664 
0.952000 	 0.247664 
0.954000 	 0.246376 
0.956000 	 0.247664 
0.958000 	 0.247664 
0.960000 	 0.247664 
0.962000 	 0.250242 
0.964000 	 0.243798 
0.966000 	 0.248953 
0.968000 	 0.247664 
0.970000 	 0.245087 
0.972000 	 0.247664 
0.974000 	 0.247664 
0.976000 	 0.247664 
0.978000 	 0.246376 
0.980000 	 0.247664 
0.982000 	 0.247664 
0.984000 	 0.247664 
0.986000 	 0.246376 
0.988000 	 0.246376 
0.990000 	 0.247664 
0.992000 	 0.247664 
0.994000 	 0.246376 
0.996000 	 0.248953 
0.998000 	 0.247664 
1.000000 	 0.246376 
1.002000 	 0.248953 
1.004000 	 0.247664 
1.006000 	 0.247664 
1.008000 	 0.247664 
1.010000 	 0.247664 
1.012000 	 0.248953 
1.014000 	 0.247664 
1.016000 	 0.248953 
1.018000 	 0.247664 
1.020000 	 0.247664 
1.022000 	 0.248953 
1.024000 	 0.247664 
1.026000 	 0.245087 
1.028000 	 0.245087 
1.030000 	 0.248953 
1.032000 	 0.247664 
1.034000 	 0.247664 
1.036000 	 0.245087 
1.038000 	 0.248953 
1.040000 	 0.246376 
1.042000 	 0.247664 
1.044000 	 0.246376 
1.046000 	 0.248953 
1.048000 	 0.250242 
1.050000 	 0.250242 
1.052000 	 0.248953 
1.054000 	 0.246376 
1.056000 	 0.247664 
1.058000 	 0.246376 
1.060000 	 0.247664 
1.062000 	 0.246376 
1.064000 	 0.246376 
1.066000 	 0.247664 
1.068000 	 0.246376 
1.070000 	 0.247664 
1.072000 	 0.247664 
1.074000 	 0.246376 
1.076000 	 0.247664 
1.078000 	 0.246376 
1.080000 	 0.247664 
1.082000 	 0.247664 
1.084000 	 0.246376 
1.086000 	 0.247664 
1.088000 	 0.250242 
1.090000 	 0.247664 
1.092000 	 0.246376 
1.094000 	 0.246376 
1.096000 	 0.248953 
1.098000 	 0.247664 
1.100000 	 0.250242 
1.102000 	 0.252820 
1.104000 	 0.254109 
1.106000 	 0.254109 
1.108000 	 0.256687 
1.110000 	 0.252820 
1.112000 	 0.254109 
1.114000 	 0.254109 
1.116000 	 0.252820 
1.118000 	 0.252820 
1.120000 	 0.250242 
1.122000 	 0.246376 
1.124000 	 0.246376 
1.126000 	 0.243798 
1.128000 	 0.246376 
1.130000 	 0.245087 
1.132000 	 0.243798 
1.134000 	 0.243798 
1.136000 	 0.246376 
1.138000 	 0.246376 
1.140000 	 0.247664 
1.142000 	 0.247664 
1.144000 	 0.247664 
1.146000 	 0.246376 
1.148000 	 0.248953 
1.150000 	 0.247664 
1.152000 	 0.247664 
1.154000 	 0.247664 
1.156000 	 0.247664 
1.158000 	 0.247664 
1.160000 	 0.248953 
1.162000 	 0.247664 
1.164000 	 0.245087 
1.166000 	 0.246376 
1.168000 	 0.243798 
1.170000 	 0.247664 
1.172000 	 0.247664 
1.174000 	 0.248953 
1.176000 	 0.246376 
1.178000 	 0.248953 
1.180000 	 0.245087 
1.182000 	 0.247664 
1.184000 	 0.250242 
1.186000 	 0.245087 
1.188000 	 0.250242 
1.190000 	 0.246376 
1.192000 	 0.246376 
1.194000 	 0.247664 
1.196000 	 0.248953 
1.198000 	 0.246376 
1.200000 	 0.246376 
1.202000 	 0.248953 
1.204000 	 0.247664 
1.206000 	 0.247664 
1.208000 	 0.248953 
1.210000 	 0.247664 
1.212000 	 0.246376 
1.214000 	 0.246376 
1.216000 	 0.247664 
1.218000 	 0.247664 
1.220000 	 0.248953 
1.222000 	 0.248953 
1.224000 	 0.247664 
1.226000 	 0.247664 
1.228000 	 0.247664 
1.230000 	 0.246376 
1.232000 	 0.247664 
1.234000 	 0.248953 
1.236000 	 0.246376 
1.238000 	 0.248953 
1.240000 	 0.250242 
1.242000 	 0.246376 
1.244000 	 0.247664 
1.246000 	 0.247664 
1.248000 	 0.247664 
1.250000 	 0.248953 
1.252000 	 0.247664 
1.254000 	 0.246376 
1.256000 	 0.247664 
1.258000 	 0.248953 
1.260000 	 0.246376 
1.262000 	 0.246376 
1.264000 	 0.246376 
1.266000 	 0.248953 
1.268000 	 0.248953 
1.270000 	 0.246376 
1.272000 	 0.255398 
1.274000 	 0.247664 
1.276000 	 0.256687 
1.278000 	 0.247664 
1.280000 	 0.254109 
1.282000 	 0.245087 
1.284000 	 0.252820 
1.286000 	 0.247664 
1.288000 	 0.246376 
1.290000 	 0.245087 
1.292000 	 0.245087 
1.294000 	 0.248953 
1.296000 	 0.243798 
1.298000 	 0.246376 
1.300000 	 0.246376 
1.302000 	 0.247664 
1.304000 	 0.246376 
1.306000 	 0.247664 
1.308000 	 0.247664 
1.310000 	 0.247664 
1.312000 	 0.248953 
1.314000 	 0.247664 
1.316000 	 0.250242 
1.318000 	 0.248953 
1.320000 	 0.248953 
1.322000 	 0.248953 
1.324000 	 0.247664 
1.326000 	 0.247664 
1.328000 	 0.248953 
1.330000 	 0.246376 
1.332000 	 0.247664 
1.334000 	 0.247664 
1.336000 	 0.248953 
1.338000 	 0.250242 
1.340000 	 0.247664 
1.342000 	 0.248953 
1.344000 	 0.247664 
1.346000 	 0.246376 
1.348000 	 0.248953 
1.350000 	 0.247664 
1.352000 	 0.247664 
1.354000 	 0.248953 
1.356000 	 0.251531 
1.358000 	 0.247664 
1.360000 	 0.247664 
1.362000 	 0.248953 
1.364000 	 0.247664 
1.366000 	 0.247664 
1.368000 	 0.250242 
1.370000 	 0.247664 
1.372000 	 0.247664 
1.374000 	 0.247664 
1.376000 	 0.246376 
1.378000 	 0.246376 
1.380000 	 0.248953 
1.382000 	 0.247664 
1.384000 	 0.246376 
1.386000 	 0.246376 
1.388000 	 0.247664 
1.390000 	 0.247664 
1.392000 	 0.247664 
1.394000 	 0.246376 
1.396000 	 0.248953 
1.398000 	 0.248953 
1.400000 	 0.246376 
1.402000 	 0.247664 
1.404000 	 0.248953 
1.406000 	 0.247664 
1.408000 	 0.247664 
1.410000 	 0.247664 
1.412000 	 0.246376 
1.414000 	 0.247664 
1.416000 	 0.247664 
1.418000 	 0.247664 
1.420000 	 0.247664 
1.422000 	 0.248953 
1.424000 	 0.248953 
1.426000 	 0.247664 
1.428000 	 0.248953 
1.430000 	 0.246376 
1.432000 	 0.247664 
1.434000 	 0.247664 
1.436000 	 0.246376 
1.438000 	 0.247664 
1.440000 	 0.246376 
1.442000 	 0.247664 
1.444000 	 0.247664 
1.446000 	 0.245087 
1.448000 	 0.247664 
1.450000 	 0.247664 
1.452000 	 0.247664 
1.454000 	 0.247664 
1.456000 	 0.248953 
1.458000 	 0.246376 
1.460000 	 0.248953 
1.462000 	 0.246376 
1.464000 	 0.246376 
1.466000 	 0.248953 
1.468000 	 0.247664 
1.470000 	 0.246376 
1.472000 	 0.248953 
1.474000 	 0.248953 
1.476000 	 0.248953 
1.478000 	 0.247664 
1.480000 	 0.248953 
1.482000 	 0.246376 
1.484000 	 0.250242 
1.486000 	 0.247664 
1.488000 	 0.247664 
1.490000 	 0.246376 
1.492000 	 0.247664 
1.494000 	 0.248953 
1.496000 	 0.246376 
1.498000 	 0.248953 
1.500000 	 0.247664 
1.502000 	 0.246376 
1.504000 	 0.248953 
1.506000 	 0.246376 
1.508000 	 0.247664 
1.510000 	 0.247664 
1.512000 	 0.247664 
1.514000 	 0.247664 
1.516000 	 0.246376 
1.518000 	 0.247664 
1.520000 	 0.248953 
1.522000 	 0.248953 
1.524000 	 0.248953 
1.526000 	 0.246376 
1.528000 	 0.246376 
1.530000 	 0.247664 
1.532000 	 0.247664 
1.534000 	 0.247664 
1.536000 	 0.246376 
1.538000 	 0.246376 
1.540000 	 0.247664 
1.542000 	 0.246376 
1.544000 	 0.247664 
1.546000 	 0.246376 
1.548000 	 0.248953 
1.550000 	 0.247664 
1.552000 	 0.248953 
1.554000 	 0.248953 
1.556000 	 0.247664 
1.558000 	 0.247664 
1.560000 	 0.246376 
1.562000 	 0.248953 
1.564000 	 0.247664 
1.566000 	 0.247664 
1.568000 	 0.248953 
1.570000 	 0.247664 
1.572000 	 0.248953 
1.574000 	 0.248953 
1.576000 	 0.245087 
1.578000 	 0.248953 
1.580000 	 0.246376 
1.582000 	 0.247664 
1.584000 	 0.246376 
1.586000 	 0.247664 
1.588000 	 0.246376 
1.590000 	 0.246376 
1.592000 	 0.247664 
1.594000 	 0.248953 
1.596000 	 0.246376 
1.598000 	 0.250242 
1.600000 	 0.247664 
1.602000 	 0.248953 
1.604000 	 0.246376 
1.606000 	 0.248953 
1.608000 	 0.246376 
1.610000 	 0.247664 
1.612000 	 0.247664 
1.614000 	 0.246376 
1.616000 	 0.247664 
1.618000 	 0.248953 
1.620000 	 0.248953 
1.622000 	 0.247664 
1.624000 	 0.247664 
1.626000 	 0.247664 
1.628000 	 0.247664 
1.630000 	 0.246376 
1.632000 	 0.247664 
1.634000 	 0.246376 
1.636000 	 0.245087 
1.638000 	 0.248953 
1.640000 	 0.247664 
1.642000 	 0.246376 
1.644000 	 0.247664 
1.646000 	 0.246376 
1.648000 	 0.247664 
1.650000 	 0.247664 
1.652000 	 0.246376 
1.654000 	 0.247664 
1.656000 	 0.248953 
1.658000 	 0.247664 
1.660000 	 0.247664 
1.662000 	 0.246376 
1.664000 	 0.247664 
1.666000 	 0.247664 
1.668000 	 0.247664 
1.670000 	 0.246376 
1.672000 	 0.248953 
1.674000 	 0.250242 
1.676000 	 0.246376 
1.678000 	 0.248953 
1.680000 	 0.247664 
1.682000 	 0.248953 
1.684000 	 0.248953 
1.686000 	 0.248953 
1.688000 	 0.247664 
1.690000 	 0.250242 
1.692000 	 0.246376 
1.694000 	 0.247664 
1.696000 	 0.250242 
1.698000 	 0.248953 
1.700000 	 0.247664 
1.702000 	 0.247664 
1.704000 	 0.248953 
1.706000 	 0.248953 
1.708000 	 0.248953 
1.710000 	 0.247664 
1.712000 	 0.247664 
1.714000 	 0.247664 
1.716000 	 0.246376 
1.718000 	 0.247664 
1.720000 	 0.248953 
1.722000 	 0.248953 
1.724000 	 0.247664 
1.726000 	 0.247664 
1.728000 	 0.248953 
1.730000 	 0.248953 
1.732000 	 0.247664 
1.734000 	 0.250242 
1.736000 	 0.247664 
1.738000 	 0.250242 
1.740000 	 0.247664 
1.742000 	 0.248953 
1.744000 	 0.248953 
1.746000 	 0.248953 
1.748000 	 0.247664 
1.750000 	 0.247664 
1.752000 	 0.248953 
1.754000 	 0.247664 
1.756000 	 0.246376 
1.758000 	 0.247664 
1.760000 	 0.246376 
1.762000 	 0.247664 
1.764000 	 0.247664 
1.766000 	 0.250242 
1.768000 	 0.247664 
1.770000 	 0.246376 
1.772000 	 0.248953 
1.774000 	 0.248953 
1.776000 	 0.246376 
1.778000 	 0.247664 
1.780000 	 0.247664 
1.782000 	 0.246376 
1.784000 	 0.246376 
1.786000 	 0.247664 
1.788000 	 0.250242 
1.790000 	 0.246376 
1.792000 	 0.248953 
1.794000 	 0.246376 
1.796000 	 0.247664 
1.798000 	 0.250242 
1.800000 	 0.248953 
1.802000 	 0.246376 
1.804000 	 0.246376 
1.806000 	 0.247664 
1.808000 	 0.247664 
1.810000 	 0.245087 
1.812000 	 0.247664 
1.814000 	 0.246376 
1.816000 	 0.247664 
1.818000 	 0.246376 
1.820000 	 0.247664 
1.822000 	 0.247664 
1.824000 	 0.247664 
1.826000 	 0.246376 
1.828000 	 0.247664 
1.830000 	 0.248953 
1.832000 	 0.247664 
1.834000 	 0.247664 
1.836000 	 0.246376 
1.838000 	 0.247664 
1.840000 	 0.247664 
1.842000 	 0.246376 
1.844000 	 0.246376 
1.846000 	 0.247664 
1.848000 	 0.247664 
1.850000 	 0.248953 
1.852000 	 0.247664 
1.854000 	 0.248953 
1.856000 	 0.247664 
1.858000 	 0.246376 
1.860000 	 0.247664 
1.862000 	 0.247664 
1.864000 	 0.247664 
1.866000 	 0.247664 
1.868000 	 0.247664 
1.870000 	 0.247664 
1.872000 	 0.250242 
1.874000 	 0.247664 
1.876000 	 0.247664 
1.878000 	 0.247664 
1.880000 	 0.247664 
1.882000 	 0.246376 
1.884000 	 0.245087 
1.886000 	 0.246376 
1.888000 	 0.248953 
1.890000 	 0.248953 
1.892000 	 0.246376 
1.894000 	 0.248953 
1.896000 	 0.246376 
1.898000 	 0.247664 
1.900000 	 0.248953 
1.902000 	 0.247664 
1.904000 	 0.246376 
1.906000 	 0.247664 
1.908000 	 0.246376 
1.910000 	 0.247664 
1.912000 	 0.247664 
1.914000 	 0.246376 
1.916000 	 0.248953 
1.918000 	 0.248953 
1.920000 	 0.247664 
1.922000 	 0.248953 
1.924000 	 0.247664 
1.926000 	 0.246376 
1.928000 	 0.247664 
1.930000 	 0.247664 
1.932000 	 0.247664 
1.934000 	 0.246376 
1.936000 	 0.247664 
1.938000 	 0.247664 
1.940000 	 0.247664 
1.942000 	 0.246376 
1.944000 	 0.246376 
1.946000 	 0.248953 
1.948000 	 0.247664 
1.950000 	 0.250242 
1.952000 	 0.247664 
1.954000 	 0.246376 
1.956000 	 0.246376 
1.958000 	 0.248953 
1.960000 	 0.247664 
1.962000 	 0.248953 
1.964000 	 0.246376 
1.966000 	 0.247664 
1.968000 	 0.248953 
1.970000 	 0.247664 
1.972000 	 0.247664 
1.974000 	 0.247664 
1.976000 	 0.247664 
1.978000 	 0.248953 
1.980000 	 0.246376 
1.982000 	 0.247664 
1.984000 	 0.248953 
1.986000 	 0.246376 
1.988000 	 0.248953 
1.990000 	 0.247664 
1.992000 	 0.248953 
1.994000 	 0.247664 
1.996000 	 0.246376 
1.998000 	 0.246376 
2.000000 	 0.248953 
2.002000 	 0.248953 
2.004000 	 0.247664 
2.006000 	 0.247664 
2.008000 	 0.246376 
2.010000 	 0.247664 
2.012000 	 0.248953 
2.014000 	 0.245087 
2.016000 	 0.250242 
2.018000 	 0.247664 
2.020000 	 0.246376 
2.022000 	 0.247664 
2.024000 	 0.247664 
2.026000 	 0.247664 
2.028000 	 0.248953 
2.030000 	 0.246376 
2.032000 	 0.245087 
2.034000 	 0.248953 
2.036000 	 0.247664 
2.038000 	 0.247664 
2.040000 	 0.247664 
2.042000 	 0.246376 
2.044000 	 0.246376 
2.046000 	 0.248953 
2.048000 	 0.246376 
2.050000 	 0.248953 
2.052000 	 0.248953 
2.054000 	 0.247664 
2.056000 	 0.250242 
2.058000 	 0.247664 
2.060000 	 0.247664 
2.062000 	 0.248953 
2.064000 	 0.246376 
2.066000 	 0.248953 
2.068000 	 0.246376 
2.070000 	 0.246376 
2.072000 	 0.250242 
2.074000 	 0.247664 
2.076000 	 0.247664 
2.078000 	 0.247664 
2.080000 	 0.250242 
2.082000 	 0.246376 
2.084000 	 0.247664 
2.086000 	 0.246376 
2.088000 	 0.247664 
2.090000 	 0.248953 
2.092000 	 0.247664 
2.094000 	 0.247664 
2.096000 	 0.250242 
2.098000 	 0.248953 
2.100000 	 0.247664 
2.102000 	 0.248953 
2.104000 	 0.247664 
2.106000 	 0.247664 
2.108000 	 0.247664 
2.110000 	 0.247664 
2.112000 	 0.245087 
2.114000 	 0.246376 
2.116000 	 0.247664 
2.118000 	 0.247664 
2.120000 	 0.245087 
2.122000 	 0.247664 
2.124000 	 0.248953 
2.126000 	 0.248953 
2.128000 	 0.246376 
2.130000 	 0.247664 
2.132000 	 0.247664 
2.134000 	 0.248953 
2.136000 	 0.247664 
2.138000 	 0.248953 
2.140000 	 0.248953 
2.142000 	 0.247664 
2.144000 	 0.248953 
2.146000 	 0.246376 
2.148000 	 0.247664 
2.150000 	 0.246376 
2.152000 	 0.247664 
2.154000 	 0.248953 
2.156000 	 0.250242 
2.158000 	 0.245087 
2.160000 	 0.247664 
2.162000 	 0.246376 
2.164000 	 0.246376 
2.166000 	 0.248953 
2.168000 	 0.247664 
2.170000 	 0.247664 
2.172000 	 0.246376 
2.174000 	 0.247664 
2.176000 	 0.248953 
2.178000 	 0.247664 
2.180000 	 0.245087 
2.182000 	 0.248953 
2.184000 	 0.248953 
2.186000 	 0.247664 
2.188000 	 0.246376 
2.190000 	 0.247664 
2.192000 	 0.247664 
2.194000 	 0.247664 
2.196000 	 0.247664 
2.198000 	 0.247664 
2.200000 	 0.247664 
2.202000 	 0.247664 
2.204000 	 0.247664 
2.206000 	 0.248953 
2.208000 	 0.248953 
2.210000 	 0.248953 
2.212000 	 0.247664 
2.214000 	 0.247664 
2.216000 	 0.248953 
2.218000 	 0.250242 
2.220000 	 0.248953 
2.222000 	 0.248953 
2.224000 	 0.247664 
2.226000 	 0.247664 
2.228000 	 0.251531 
2.230000 	 0.247664 
2.232000 	 0.250242 
2.234000 	 0.248953 
2.236000 	 0.247664 
2.238000 	 0.246376 
2.240000 	 0.247664 
2.242000 	 0.246376 
2.244000 	 0.246376 
2.246000 	 0.247664 
2.248000 	 0.247664 
2.250000 	 0.248953 
2.252000 	 0.248953 
2.254000 	 0.246376 
2.256000 	 0.247664 
2.258000 	 0.247664 
2.260000 	 0.246376 
2.262000 	 0.247664 
2.264000 	 0.247664 
2.266000 	 0.248953 
2.268000 	 0.247664 
2.270000 	 0.246376 
2.272000 	 0.247664 
2.274000 	 0.247664 
2.276000 	 0.248953 
2.278000 	 0.247664 
2.280000 	 0.250242 
2.282000 	 0.248953 
2.284000 	 0.248953 
2.286000 	 0.247664 
2.288000 	 0.248953 
2.290000 	 0.246376 
2.292000 	 0.248953 
2.294000 	 0.246376 
2.296000 	 0.246376 
2.298000 	 0.247664 
2.300000 	 0.248953 
2.302000 	 0.247664 
2.304000 	 0.245087 
2.306000 	 0.247664 
2.308000 	 0.246376 
2.310000 	 0.247664 
2.312000 	 0.247664 
2.314000 	 0.246376 
2.316000 	 0.248953 
2.318000 	 0.248953 
2.320000 	 0.247664 
2.322000 	 0.247664 
2.324000 	 0.250242 
2.326000 	 0.247664 
2.328000 	 0.246376 
2.330000 	 0.247664 
2.332000 	 0.248953 
2.334000 	 0.246376 
2.336000 	 0.245087 
2.338000 	 0.247664 
2.340000 	 0.248953 
2.342000 	 0.248953 
2.344000 	 0.247664 
2.346000 	 0.246376 
2.348000 	 0.248953 
2.350000 	 0.247664 
2.352000 	 0.248953 
2.354000 	 0.247664 
2.356000 	 0.247664 
2.358000 	 0.246376 
2.360000 	 0.247664 
2.362000 	 0.248953 
2.364000 	 0.247664 
2.366000 	 0.247664 
2.368000 	 0.246376 
2.370000 	 0.248953 
2.372000 	 0.247664 
2.374000 	 0.248953 
2.376000 	 0.247664 
2.378000 	 0.248953 
2.380000 	 0.247664 
2.382000 	 0.247664 
2.384000 	 0.247664 
2.386000 	 0.246376 
2.388000 	 0.247664 
2.390000 	 0.247664 
2.392000 	 0.248953 
2.394000 	 0.247664 
2.396000 	 0.246376 
2.398000 	 0.247664 
2.400000 	 0.247664 
2.402000 	 0.250242 
2.404000 	 0.247664 
2.406000 	 0.247664 
2.408000 	 0.246376 
2.410000 	 0.247664 
2.412000 	 0.247664 
2.414000 	 0.250242 
2.416000 	 0.247664 
2.418000 	 0.247664 
2.420000 	 0.246376 
2.422000 	 0.247664 
2.424000 	 0.250242 
2.426000 	 0.246376 
2.428000 	 0.245087 
2.430000 	 0.246376 
2.432000 	 0.246376 
2.434000 	 0.246376 
2.436000 	 0.248953 
2.438000 	 0.247664 
2.440000 	 0.248953 
2.442000 	 0.246376 
2.444000 	 0.246376 
2.446000 	 0.248953 
2.448000 	 0.247664 
2.450000 	 0.247664 
2.452000 	 0.246376 
2.454000 	 0.247664 
2.456000 	 0.247664 
2.458000 	 0.247664 
2.460000 	 0.247664 
2.462000 	 0.247664 
2.464000 	 0.246376 
2.466000 	 0.247664 
2.468000 	 0.248953 
2.470000 	 0.247664 
2.472000 	 0.248953 
2.474000 	 0.248953 
2.476000 	 0.246376 
2.478000 	 0.246376 
2.480000 	 0.246376 
2.482000 	 0.246376 
2.484000 	 0.247664 
2.486000 	 0.247664 
2.488000 	 0.247664 
2.490000 	 0.247664 
2.492000 	 0.247664 
2.494000 	 0.248953 
2.496000 	 0.247664 
2.498000 	 0.247664 
2.500000 	 0.247664 
2.502000 	 0.246376 
2.504000 	 0.246376 
2.506000 	 0.248953 
2.508000 	 0.246376 
2.510000 	 0.248953 
2.512000 	 0.248953 
2.514000 	 0.245087 
2.516000 	 0.248953 
2.518000 	 0.247664 
2.520000 	 0.247664 
2.522000 	 0.248953 
2.524000 	 0.247664 
2.526000 	 0.245087 
2.528000 	 0.247664 
2.530000 	 0.248953 
2.532000 	 0.247664 
2.534000 	 0.248953 
2.536000 	 0.246376 
2.538000 	 0.248953 
2.540000 	 0.248953 
2.542000 	 0.245087 
2.544000 	 0.248953 
2.546000 	 0.246376 
2.548000 	 0.246376 
2.550000 	 0.247664 
2.552000 	 0.246376 
2.554000 	 0.248953 
2.556000 	 0.247664 
2.558000 	 0.247664 
2.560000 	 0.246376 
2.562000 	 0.248953 
2.564000 	 0.250242 
2.566000 	 0.248953 
2.568000 	 0.246376 
2.570000 	 0.246376 
2.572000 	 0.248953 
2.574000 	 0.247664 
2.576000 	 0.246376 
2.578000 	 0.246376 
2.580000 	 0.247664 
2.582000 	 0.247664 
2.584000 	 0.246376 
2.586000 	 0.247664 
2.588000 	 0.248953 
2.590000 	 0.247664 
2.592000 	 0.246376 
2.594000 	 0.246376 
2.596000 	 0.247664 
2.598000 	 0.247664 
2.600000 	 0.248953 
2.602000 	 0.246376 
2.604000 	 0.247664 
2.606000 	 0.246376 
2.608000 	 0.247664 
2.610000 	 0.248953 
2.612000 	 0.250242 
2.614000 	 0.248953 
2.616000 	 0.247664 
2.618000 	 0.247664 
2.620000 	 0.247664 
2.622000 	 0.248953 
2.624000 	 0.247664 
2.626000 	 0.246376 
2.628000 	 0.248953 
2.630000 	 0.246376 
2.632000 	 0.246376 
2.634000 	 0.248953 
2.636000 	 0.247664 
2.638000 	 0.248953 
2.640000 	 0.246376 
2.642000 	 0.247664 
2.644000 	 0.247664 
2.646000 	 0.247664 
2.648000 	 0.246376 
2.650000 	 0.248953 
2.652000 	 0.247664 
2.654000 	 0.246376 
2.656000 	 0.247664 
2.658000 	 0.246376 
2.660000 	 0.247664 
2.662000 	 0.247664 
2.664000 	 0.246376 
2.666000 	 0.247664 
2.668000 	 0.247664 
2.670000 	 0.247664 
2.672000 	 0.250242 
2.674000 	 0.247664 
2.676000 	 0.246376 
2.678000 	 0.248953 
2.680000 	 0.250242 
2.682000 	 0.251531 
2.684000 	 0.254109 
2.686000 	 0.255398 
2.688000 	 0.255398 
2.690000 	 0.255398 
2.692000 	 0.254109 
2.694000 	 0.251531 
2.696000 	 0.251531 
2.698000 	 0.248953 
2.700000 	 0.248953 
2.702000 	 0.245087 
2.704000 	 0.246376 
2.706000 	 0.245087 
2.708000 	 0.245087 
2.710000 	 0.242509 
2.712000 	 0.246376 
2.714000 	 0.245087 
2.716000 	 0.245087 
2.718000 	 0.246376 
2.720000 	 0.246376 
2.722000 	 0.246376 
2.724000 	 0.250242 
2.726000 	 0.248953 
2.728000 	 0.246376 
2.730000 	 0.248953 
2.732000 	 0.246376 
2.734000 	 0.248953 
2.736000 	 0.247664 
2.738000 	 0.245087 
2.740000 	 0.247664 
2.742000 	 0.248953 
2.744000 	 0.246376 
2.746000 	 0.247664 
2.748000 	 0.246376 
2.750000 	 0.247664 
2.752000 	 0.246376 
2.754000 	 0.248953 
2.756000 	 0.250242 
2.758000 	 0.247664 
2.760000 	 0.246376 
2.762000 	 0.248953 
2.764000 	 0.246376 
2.766000 	 0.245087 
2.768000 	 0.246376 
2.770000 	 0.248953 
2.772000 	 0.247664 
2.774000 	 0.247664 
2.776000 	 0.246376 
2.778000 	 0.248953 
2.780000 	 0.247664 
2.782000 	 0.248953 
2.784000 	 0.248953 
2.786000 	 0.247664 
2.788000 	 0.247664 
2.790000 	 0.245087 
2.792000 	 0.246376 
2.794000 	 0.247664 
2.796000 	 0.247664 
2.798000 	 0.247664 
2.800000 	 0.247664 
2.802000 	 0.248953 
2.804000 	 0.247664 
2.806000 	 0.246376 
2.808000 	 0.248953 
2.810000 	 0.247664 
2.812000 	 0.247664 
2.814000 	 0.246376 
2.816000 	 0.247664 
2.818000 	 0.250242 
2.820000 	 0.247664 
2.822000 	 0.246376 
2.824000 	 0.246376 
2.826000 	 0.247664 
2.828000 	 0.245087 
2.830000 	 0.247664 
2.832000 	 0.247664 
2.834000 	 0.247664 
2.836000 	 0.246376 
2.838000 	 0.247664 
2.840000 	 0.248953 
2.842000 	 0.247664 
2.844000 	 0.247664 
2.846000 	 0.247664 
2.848000 	 0.247664 
2.850000 	 0.248953 
2.852000 	 0.248953 
2.854000 	 0.247664 
2.856000 	 0.247664 
2.858000 	 0.248953 
2.860000 	 0.251531 
2.862000 	 0.254109 
2.864000 	 0.252820 
2.866000 	 0.255398 
2.868000 	 0.256687 
2.870000 	 0.254109 
2.872000 	 0.254109 
2.874000 	 0.251531 
2.876000 	 0.254109 
2.878000 	 0.250242 
2.880000 	 0.245087 
2.882000 	 0.245087 
2.884000 	 0.245087 
2.886000 	 0.245087 
2.888000 	 0.245087 
2.890000 	 0.243798 
2.892000 	 0.243798 
2.894000 	 0.247664 
2.896000 	 0.248953 
2.898000 	 0.246376 
2.900000 	 0.246376 
2.902000 	 0.247664 
2.904000 	 0.246376 
2.906000 	 0.247664 
2.908000 	 0.247664 
2.910000 	 0.246376 
2.912000 	 0.248953 
2.914000 	 0.247664 
2.916000 	 0.248953 
2.918000 	 0.248953 
2.920000 	 0.246376 
2.922000 	 0.247664 
2.924000 	 0.245087 
2.926000 	 0.246376 
2.928000 	 0.247664 
2.930000 	 0.246376 
2.932000 	 0.247664 
2.934000 	 0.247664 
2.936000 	 0.247664 
2.938000 	 0.248953 
2.940000 	 0.247664 
2.942000 	 0.247664 
2.944000 	 0.247664 
2.946000 	 0.250242 
2.948000 	 0.250242 
2.950000 	 0.250242 
2.952000 	 0.246376 
2.954000 	 0.247664 
2.956000 	 0.247664 
2.958000 	 0.247664 
2.960000 	 0.247664 
2.962000 	 0.250242 
2.964000 	 0.247664 
2.966000 	 0.248953 
2.968000 	 0.248953 
2.970000 	 0.246376 
2.972000 	 0.250242 
2.974000 	 0.250242 
2.976000 	 0.248953 
2.978000 	 0.246376 
2.980000 	 0.247664 
2.982000 	 0.247664 
2.984000 	 0.246376 
2.986000 	 0.247664 
2.988000 	 0.248953 
2.990000 	 0.247664 
2.992000 	 0.245087 
2.994000 	 0.247664 
2.996000 	 0.247664 
2.998000 	 0.247664 
3.000000 	 0.248953 
3.002000 	 0.248953 
3.004000 	 0.247664 
3.006000 	 0.247664 
3.008000 	 0.248953 
3.010000 	 0.247664 
3.012000 	 0.248953 
3.014000 	 0.248953 
3.016000 	 0.248953 
3.018000 	 0.247664 
3.020000 	 0.246376 
3.022000 	 0.247664 
3.024000 	 0.247664 
3.026000 	 0.247664 
3.028000 	 0.247664 
3.030000 	 0.245087 
3.032000 	 0.246376 
3.034000 	 0.247664 
3.036000 	 0.248953 
3.038000 	 0.248953 
3.040000 	 0.248953 
3.042000 	 0.248953 
3.044000 	 0.247664 
3.046000 	 0.247664 
3.048000 	 0.247664 
3.050000 	 0.248953 
3.052000 	 0.248953 
3.054000 	 0.246376 
3.056000 	 0.250242 
3.058000 	 0.246376 
3.060000 	 0.247664 
3.062000 	 0.246376 
3.064000 	 0.245087 
3.066000 	 0.246376 
3.068000 	 0.246376 
3.070000 	 0.247664 
3.072000 	 0.247664 
3.074000 	 0.247664 
3.076000 	 0.247664 
3.078000 	 0.250242 
3.080000 	 0.246376 
3.082000 	 0.247664 
3.084000 	 0.248953 
3.086000 	 0.247664 
3.088000 	 0.247664 
3.090000 	 0.247664 
3.092000 	 0.246376 
3.094000 	 0.247664 
3.096000 	 0.247664 
3.098000 	 0.245087 
3.100000 	 0.248953 
3.102000 	 0.246376 
3.104000 	 0.247664 
3.106000 	 0.247664 
3.108000 	 0.247664 
3.110000 	 0.246376 
3.112000 	 0.246376 
3.114000 	 0.247664 
3.116000 	 0.247664 
3.118000 	 0.248953 
3.120000 	 0.247664 
3.122000 	 0.248953 
3.124000 	 0.246376 
3.126000 	 0.247664 
3.128000 	 0.248953 
3.130000 	 0.245087 
3.132000 	 0.248953 
3.134000 	 0.245087 
3.136000 	 0.250242 
3.138000 	 0.245087 
3.140000 	 0.247664 
3.142000 	 0.248953 
3.144000 	 0.247664 
3.146000 	 0.248953 
3.148000 	 0.248953 
3.150000 	 0.250242 
3.152000 	 0.250242 
3.154000 	 0.248953 
3.156000 	 0.247664 
3.158000 	 0.246376 
3.160000 	 0.246376 
3.162000 	 0.247664 
3.164000 	 0.247664 
3.166000 	 0.247664 
3.168000 	 0.247664 
3.170000 	 0.246376 
3.172000 	 0.248953 
3.174000 	 0.247664 
3.176000 	 0.247664 
3.178000 	 0.246376 
3.180000 	 0.246376 
3.182000 	 0.246376 
3.184000 	 0.250242 
3.186000 	 0.248953 
3.188000 	 0.250242 
3.190000 	 0.248953 
3.192000 	 0.245087 
3.194000 	 0.248953 
3.196000 	 0.247664 
3.198000 	 0.247664 
3.200000 	 0.247664 
3.202000 	 0.247664 
3.204000 	 0.248953 
3.206000 	 0.248953 
3.208000 	 0.247664 
3.210000 	 0.247664 
3.212000 	 0.248953 
3.214000 	 0.246376 
3.216000 	 0.247664 
3.218000 	 0.248953 
3.220000 	 0.246376 
3.222000 	 0.246376 
3.224000 	 0.246376 
3.226000 	 0.247664 
3.228000 	 0.250242 
3.230000 	 0.247664 
3.232000 	 0.250242 
3.234000 	 0.247664 
3.236000 	 0.247664 
3.238000 	 0.247664 
3.240000 	 0.247664 
3.242000 	 0.247664 
3.244000 	 0.248953 
3.246000 	 0.250242 
3.248000 	 0.248953 
3.250000 	 0.247664 
3.252000 	 0.246376 
3.254000 	 0.250242 
3.256000 	 0.247664 
3.258000 	 0.247664 
3.260000 	 0.246376 
3.262000 	 0.247664 
3.264000 	 0.247664 
3.266000 	 0.247664 
3.268000 	 0.250242 
3.270000 	 0.248953 
3.272000 	 0.247664 
3.274000 	 0.248953 
3.276000 	 0.246376 
3.278000 	 0.245087 
3.280000 	 0.246376 
3.282000 	 0.247664 
3.284000 	 0.247664 
3.286000 	 0.248953 
3.288000 	 0.247664 
3.290000 	 0.248953 
3.292000 	 0.246376 
3.294000 	 0.247664 
3.296000 	 0.248953 
3.298000 	 0.248953 
3.300000 	 0.247664 
3.302000 	 0.248953 
3.304000 	 0.247664 
3.306000 	 0.247664 
3.308000 	 0.247664 
3.310000 	 0.248953 
3.312000 	 0.247664 
3.314000 	 0.247664 
3.316000 	 0.247664 
3.318000 	 0.247664 
3.320000 	 0.247664 
3.322000 	 0.247664 
3.324000 	 0.245087 
3.326000 	 0.248953 
3.328000 	 0.246376 
3.330000 	 0.246376 
3.332000 	 0.248953 
3.334000 	 0.248953 
3.336000 	 0.247664 
3.338000 	 0.248953 
3.340000 	 0.248953 
3.342000 	 0.248953 
3.344000 	 0.246376 
3.346000 	 0.247664 
3.348000 	 0.248953 
3.350000 	 0.247664 
3.352000 	 0.247664 
3.354000 	 0.247664 
3.356000 	 0.248953 
3.358000 	 0.246376 
3.360000 	 0.248953 
3.362000 	 0.247664 
3.364000 	 0.247664 
3.366000 	 0.247664 
3.368000 	 0.246376 
3.370000 	 0.248953 
3.372000 	 0.250242 
3.374000 	 0.251531 
3.376000 	 0.247664 
3.378000 	 0.247664 
3.380000 	 0.247664 
3.382000 	 0.247664 
3.384000 	 0.248953 
3.386000 	 0.248953 
3.388000 	 0.248953 
3.390000 	 0.250242 
3.392000 	 0.248953 
3.394000 	 0.246376 
3.396000 	 0.247664 
3.398000 	 0.248953 
3.400000 	 0.247664 
3.402000 	 0.247664 
3.404000 	 0.245087 
3.406000 	 0.247664 
3.408000 	 0.247664 
3.410000 	 0.248953 
3.412000 	 0.247664 
3.414000 	 0.247664 
3.416000 	 0.248953 
3.418000 	 0.247664 
3.420000 	 0.247664 
3.422000 	 0.247664 
3.424000 	 0.247664 
3.426000 	 0.246376 
3.428000 	 0.247664 
3.430000 	 0.247664 
3.432000 	 0.247664 
3.434000 	 0.247664 
3.436000 	 0.248953 
3.438000 	 0.248953 
3.440000 	 0.247664 
3.442000 	 0.247664 
3.444000 	 0.248953 
3.446000 	 0.248953 
3.448000 	 0.247664 
3.450000 	 0.248953 
3.452000 	 0.246376 
3.454000 	 0.246376 
3.456000 	 0.246376 
3.458000 	 0.247664 
3.460000 	 0.246376 
3.462000 	 0.248953 
3.464000 	 0.248953 
3.466000 	 0.248953 
3.468000 	 0.250242 
3.470000 	 0.247664 
3.472000 	 0.246376 
3.474000 	 0.247664 
3.476000 	 0.246376 
3.478000 	 0.247664 
3.480000 	 0.247664 
3.482000 	 0.247664 
3.484000 	 0.247664 
3.486000 	 0.245087 
3.488000 	 0.246376 
3.490000 	 0.248953 
3.492000 	 0.248953 
3.494000 	 0.247664 
3.496000 	 0.247664 
3.498000 	 0.248953 
3.500000 	 0.246376 
3.502000 	 0.248953 
3.504000 	 0.248953 
3.506000 	 0.248953 
3.508000 	 0.246376 
3.510000 	 0.248953 
3.512000 	 0.250242 
3.514000 	 0.247664 
3.516000 	 0.248953 
3.518000 	 0.247664 
3.520000 	 0.247664 
3.522000 	 0.247664 
3.524000 	 0.247664 
3.526000 	 0.247664 
3.528000 	 0.247664 
3.530000 	 0.248953 
3.532000 	 0.247664 
3.534000 	 0.250242 
3.536000 	 0.247664 
3.538000 	 0.248953 
3.540000 	 0.246376 
3.542000 	 0.248953 
3.544000 	 0.246376 
3.546000 	 0.247664 
3.548000 	 0.246376 
3.550000 	 0.247664 
3.552000 	 0.247664 
3.554000 	 0.248953 
3.556000 	 0.248953 
3.558000 	 0.246376 
3.560000 	 0.247664 
3.562000 	 0.247664 
3.564000 	 0.248953 
3.566000 	 0.250242 
3.568000 	 0.248953 
3.570000 	 0.247664 
3.572000 	 0.248953 
3.574000 	 0.247664 
3.576000 	 0.247664 
3.578000 	 0.247664 
3.580000 	 0.248953 
3.582000 	 0.247664 
3.584000 	 0.246376 
3.586000 	 0.248953 
3.588000 	 0.247664 
3.590000 	 0.248953 
3.592000 	 0.247664 
3.594000 	 0.248953 
3.596000 	 0.245087 
3.598000 	 0.247664 
3.600000 	 0.248953 
3.602000 	 0.246376 
3.604000 	 0.247664 
3.606000 	 0.248953 
3.608000 	 0.248953 
3.610000 	 0.247664 
3.612000 	 0.250242 
3.614000 	 0.248953 
3.616000 	 0.247664 
3.618000 	 0.247664 
3.620000 	 0.246376 
3.622000 	 0.246376 
3.624000 	 0.248953 
3.626000 	 0.247664 
3.628000 	 0.247664 
3.630000 	 0.246376 
3.632000 	 0.248953 
3.634000 	 0.248953 
3.636000 	 0.247664 
3.638000 	 0.247664 
3.640000 	 0.248953 
3.642000 	 0.247664 
3.644000 	 0.247664 
3.646000 	 0.247664 
3.648000 	 0.246376 
3.650000 	 0.248953 
3.652000 	 0.247664 
3.654000 	 0.246376 
3.656000 	 0.247664 
3.658000 	 0.247664 
3.660000 	 0.247664 
3.662000 	 0.248953 
3.664000 	 0.248953 
3.666000 	 0.248953 
3.668000 	 0.247664 
3.670000 	 0.246376 
3.672000 	 0.248953 
3.674000 	 0.247664 
3.676000 	 0.247664 
3.678000 	 0.246376 
3.680000 	 0.246376 
3.682000 	 0.247664 
3.684000 	 0.247664 
3.686000 	 0.246376 
3.688000 	 0.247664 
3.690000 	 0.248953 
3.692000 	 0.248953 
3.694000 	 0.246376 
3.696000 	 0.248953 
3.698000 	 0.246376 
3.700000 	 0.247664 
3.702000 	 0.248953 
3.704000 	 0.247664 
3.706000 	 0.250242 
3.708000 	 0.251531 
3.710000 	 0.246376 
3.712000 	 0.248953 
3.714000 	 0.248953 
3.716000 	 0.250242 
3.718000 	 0.248953 
3.720000 	 0.247664 
3.722000 	 0.248953 
3.724000 	 0.247664 
3.726000 	 0.247664 
3.728000 	 0.247664 
3.730000 	 0.248953 
3.732000 	 0.248953 
3.734000 	 0.246376 
3.736000 	 0.248953 
3.738000 	 0.248953 
3.740000 	 0.247664 
3.742000 	 0.247664 
3.744000 	 0.246376 
3.746000 	 0.247664 
3.748000 	 0.246376 
3.750000 	 0.246376 
3.752000 	 0.247664 
3.754000 	 0.246376 
3.756000 	 0.248953 
3.758000 	 0.247664 
3.760000 	 0.247664 
3.762000 	 0.246376 
3.764000 	 0.247664 
3.766000 	 0.247664 
3.768000 	 0.247664 
3.770000 	 0.248953 
3.772000 	 0.248953 
3.774000 	 0.247664 
3.776000 	 0.247664 
3.778000 	 0.247664 
3.780000 	 0.247664 
3.782000 	 0.248953 
3.784000 	 0.247664 
3.786000 	 0.247664 
3.788000 	 0.247664 
3.790000 	 0.248953 
3.792000 	 0.247664 
3.794000 	 0.247664 
3.796000 	 0.247664 
3.798000 	 0.247664 
3.800000 	 0.247664 
3.802000 	 0.246376 
3.804000 	 0.246376 
3.806000 	 0.247664 
3.808000 	 0.250242 
3.810000 	 0.246376 
3.812000 	 0.247664 
3.814000 	 0.248953 
3.816000 	 0.247664 
3.818000 	 0.248953 
3.820000 	 0.248953 
3.822000 	 0.247664 
3.824000 	 0.246376 
3.826000 	 0.246376 
3.828000 	 0.248953 
3.830000 	 0.248953 
3.832000 	 0.246376 
3.834000 	 0.247664 
3.836000 	 0.247664 
3.838000 	 0.247664 
3.840000 	 0.248953 
3.842000 	 0.247664 
3.844000 	 0.246376 
3.846000 	 0.247664 
3.848000 	 0.248953 
3.850000 	 0.248953 
3.852000 	 0.248953 
3.854000 	 0.247664 
3.856000 	 0.248953 
3.858000 	 0.247664 
3.860000 	 0.248953 
3.862000 	 0.247664 
3.864000 	 0.247664 
3.866000 	 0.247664 
3.868000 	 0.247664 
3.870000 	 0.247664 
3.872000 	 0.250242 
3.874000 	 0.248953 
3.876000 	 0.247664 
3.878000 	 0.247664 
3.880000 	 0.246376 
3.882000 	 0.247664 
3.884000 	 0.247664 
3.886000 	 0.246376 
3.888000 	 0.246376 
3.890000 	 0.247664 
3.892000 	 0.248953 
3.894000 	 0.247664 
3.896000 	 0.247664 
3.898000 	 0.245087 
3.900000 	 0.246376 
3.902000 	 0.247664 
3.904000 	 0.248953 
3.906000 	 0.250242 
3.908000 	 0.248953 
3.910000 	 0.248953 
3.912000 	 0.250242 
3.914000 	 0.247664 
3.916000 	 0.245087 
3.918000 	 0.246376 
3.920000 	 0.245087 
3.922000 	 0.247664 
3.924000 	 0.246376 
3.926000 	 0.246376 
3.928000 	 0.248953 
3.930000 	 0.248953 
3.932000 	 0.246376 
3.934000 	 0.247664 
3.936000 	 0.246376 
3.938000 	 0.247664 
3.940000 	 0.247664 
3.942000 	 0.247664 
3.944000 	 0.247664 
3.946000 	 0.248953 
3.948000 	 0.248953 
3.950000 	 0.247664 
3.952000 	 0.247664 
3.954000 	 0.248953 
3.956000 	 0.247664 
3.958000 	 0.247664 
3.960000 	 0.247664 
3.962000 	 0.248953 
3.964000 	 0.246376 
3.966000 	 0.248953 
3.968000 	 0.247664 
3.970000 	 0.247664 
3.972000 	 0.247664 
3.974000 	 0.245087 
3.976000 	 0.247664 
3.978000 	 0.247664 
3.980000 	 0.247664 
3.982000 	 0.248953 
3.984000 	 0.246376 
3.986000 	 0.247664 
3.988000 	 0.247664 
3.990000 	 0.247664 
3.992000 	 0.247664 
3.994000 	 0.247664 
3.996000 	 0.248953 
3.998000 	 0.248953 
4.000000 	 0.248953 
4.002000 	 0.246376 
4.004000 	 0.247664 
4.006000 	 0.247664 
4.008000 	 0.247664 
4.010000 	 0.248953 
4.012000 	 0.247664 
4.014000 	 0.247664 
4.016000 	 0.246376 
4.018000 	 0.247664 
4.020000 	 0.246376 
4.022000 	 0.248953 
4.024000 	 0.246376 
4.026000 	 0.246376 
4.028000 	 0.247664 
4.030000 	 0.248953 
4.032000 	 0.246376 
4.034000 	 0.245087 
4.036000 	 0.246376 
4.038000 	 0.246376 
4.040000 	 0.247664 
4.042000 	 0.246376 
4.044000 	 0.250242 
4.046000 	 0.247664 
4.048000 	 0.246376 
4.050000 	 0.247664 
4.052000 	 0.247664 
4.054000 	 0.246376 
4.056000 	 0.248953 
4.058000 	 0.248953 
4.060000 	 0.247664 
4.062000 	 0.247664 
4.064000 	 0.248953 
4.066000 	 0.247664 
4.068000 	 0.246376 
4.070000 	 0.247664 
4.072000 	 0.246376 
4.074000 	 0.247664 
4.076000 	 0.248953 
4.078000 	 0.248953 
4.080000 	 0.247664 
4.082000 	 0.247664 
4.084000 	 0.248953 
4.086000 	 0.247664 
4.088000 	 0.248953 
4.090000 	 0.245087 
4.092000 	 0.246376 
4.094000 	 0.247664 
4.096000 	 0.246376 
4.098000 	 0.246376 
4.100000 	 0.248953 
4.102000 	 0.248953 
4.104000 	 0.247664 
4.106000 	 0.247664 
4.108000 	 0.247664 
4.110000 	 0.247664 
4.112000 	 0.248953 
4.114000 	 0.246376 
4.116000 	 0.248953 
4.118000 	 0.247664 
4.120000 	 0.246376 
4.122000 	 0.248953 
4.124000 	 0.245087 
4.126000 	 0.248953 
4.128000 	 0.246376 
4.130000 	 0.247664 
4.132000 	 0.247664 
4.134000 	 0.246376 
4.136000 	 0.248953 
4.138000 	 0.247664 
4.140000 	 0.248953 
4.142000 	 0.248953 
4.144000 	 0.246376 
4.146000 	 0.247664 
4.148000 	 0.248953 
4.150000 	 0.248953 
4.152000 	 0.246376 
4.154000 	 0.246376 
4.156000 	 0.247664 
4.158000 	 0.248953 
4.160000 	 0.247664 
4.162000 	 0.248953 
4.164000 	 0.246376 
4.166000 	 0.248953 
4.168000 	 0.248953 
4.170000 	 0.245087 
4.172000 	 0.248953 
4.174000 	 0.246376 
4.176000 	 0.247664 
4.178000 	 0.248953 
4.180000 	 0.247664 
4.182000 	 0.250242 
4.184000 	 0.247664 
4.186000 	 0.248953 
4.188000 	 0.247664 
4.190000 	 0.246376 
4.192000 	 0.246376 
4.194000 	 0.247664 
4.196000 	 0.247664 
4.198000 	 0.246376 
4.200000 	 0.247664 
4.202000 	 0.247664 
4.204000 	 0.247664 
4.206000 	 0.248953 
4.208000 	 0.247664 
4.210000 	 0.248953 
4.212000 	 0.248953 
4.214000 	 0.247664 
4.216000 	 0.247664 
4.218000 	 0.248953 
4.220000 	 0.246376 
4.222000 	 0.248953 
4.224000 	 0.250242 
4.226000 	 0.248953 
4.228000 	 0.247664 
4.230000 	 0.247664 
4.232000 	 0.247664 
4.234000 	 0.247664 
4.236000 	 0.246376 
4.238000 	 0.247664 
4.240000 	 0.247664 
4.242000 	 0.246376 
4.244000 	 0.246376 
4.246000 	 0.250242 
4.248000 	 0.248953 
4.250000 	 0.254109 
4.252000 	 0.254109 
4.254000 	 0.256687 
4.256000 	 0.256687 
4.258000 	 0.255398 
4.260000 	 0.252820 
4.262000 	 0.252820 
4.264000 	 0.252820 
4.266000 	 0.248953 
4.268000 	 0.246376 
4.270000 	 0.245087 
4.272000 	 0.246376 
4.274000 	 0.243798 
4.276000 	 0.245087 
4.278000 	 0.243798 
4.280000 	 0.246376 
4.282000 	 0.243798 
4.284000 	 0.248953 
4.286000 	 0.247664 
4.288000 	 0.250242 
4.290000 	 0.248953 
4.292000 	 0.250242 
4.294000 	 0.246376 
4.296000 	 0.247664 
4.298000 	 0.247664 
4.300000 	 0.248953 
4.302000 	 0.247664 
4.304000 	 0.248953 
4.306000 	 0.246376 
4.308000 	 0.246376 
4.310000 	 0.247664 
4.312000 	 0.247664 
4.314000 	 0.247664 
4.316000 	 0.246376 
4.318000 	 0.246376 
4.320000 	 0.248953 
4.322000 	 0.248953 
4.324000 	 0.247664 
4.326000 	 0.247664 
4.328000 	 0.248953 
4.330000 	 0.246376 
4.332000 	 0.245087 
4.334000 	 0.247664 
4.336000 	 0.246376 
4.338000 	 0.247664 
4.340000 	 0.246376 
4.342000 	 0.247664 
4.344000 	 0.247664 
4.346000 	 0.246376 
4.348000 	 0.247664 
4.350000 	 0.248953 
4.352000 	 0.248953 
4.354000 	 0.247664 
4.356000 	 0.247664 
4.358000 	 0.248953 
4.360000 	 0.247664 
4.362000 	 0.246376 
4.364000 	 0.248953 
4.366000 	 0.248953 
4.368000 	 0.248953 
4.370000 	 0.247664 
4.372000 	 0.248953 
4.374000 	 0.248953 
4.376000 	 0.246376 
4.378000 	 0.251531 
4.380000 	 0.248953 
4.382000 	 0.248953 
4.384000 	 0.247664 
4.386000 	 0.247664 
4.388000 	 0.247664 
4.390000 	 0.247664 
4.392000 	 0.246376 
4.394000 	 0.247664 
4.396000 	 0.246376 
4.398000 	 0.247664 
4.400000 	 0.248953 
4.402000 	 0.247664 
4.404000 	 0.247664 
4.406000 	 0.248953 
4.408000 	 0.247664 
4.410000 	 0.246376 
4.412000 	 0.247664 
4.414000 	 0.248953 
4.416000 	 0.248953 
4.418000 	 0.248953 
4.420000 	 0.246376 
4.422000 	 0.250242 
4.424000 	 0.248953 
4.426000 	 0.250242 
4.428000 	 0.254109 
4.430000 	 0.257976 
4.432000 	 0.254109 
4.434000 	 0.256687 
4.436000 	 0.255398 
4.438000 	 0.256687 
4.440000 	 0.256687 
4.442000 	 0.251531 
4.444000 	 0.250242 
4.446000 	 0.250242 
4.448000 	 0.245087 
4.450000 	 0.245087 
4.452000 	 0.245087 
4.454000 	 0.243798 
4.456000 	 0.247664 
4.458000 	 0.246376 
4.460000 	 0.246376 
4.462000 	 0.246376 
4.464000 	 0.247664 
4.466000 	 0.248953 
4.468000 	 0.246376 
4.470000 	 0.248953 
4.472000 	 0.250242 
4.474000 	 0.247664 
4.476000 	 0.247664 
4.478000 	 0.248953 
4.480000 	 0.248953 
4.482000 	 0.248953 
4.484000 	 0.247664 
4.486000 	 0.247664 
4.488000 	 0.247664 
4.490000 	 0.246376 
4.492000 	 0.246376 
4.494000 	 0.246376 
4.496000 	 0.246376 
4.498000 	 0.247664 
4.500000 	 0.247664 
4.502000 	 0.247664 
4.504000 	 0.246376 
4.506000 	 0.250242 
4.508000 	 0.246376 
4.510000 	 0.247664 
4.512000 	 0.248953 
4.514000 	 0.250242 
4.516000 	 0.247664 
4.518000 	 0.246376 
4.520000 	 0.248953 
4.522000 	 0.247664 
4.524000 	 0.246376 
4.526000 	 0.247664 
4.528000 	 0.246376 
4.530000 	 0.247664 
4.532000 	 0.248953 
4.534000 	 0.248953 
4.536000 	 0.248953 
4.538000 	 0.247664 
4.540000 	 0.247664 
4.542000 	 0.247664 
4.544000 	 0.247664 
4.546000 	 0.246376 
4.548000 	 0.248953 
4.550000 	 0.246376 
4.552000 	 0.247664 
4.554000 	 0.248953 
4.556000 	 0.247664 
4.558000 	 0.246376 
4.560000 	 0.246376 
4.562000 	 0.248953 
4.564000 	 0.247664 
4.566000 	 0.248953 
4.568000 	 0.248953 
4.570000 	 0.247664 
4.572000 	 0.248953 
4.574000 	 0.248953 
4.576000 	 0.247664 
4.578000 	 0.247664 
4.580000 	 0.247664 
4.582000 	 0.247664 
4.584000 	 0.247664 
4.586000 	 0.248953 
4.588000 	 0.247664 
4.590000 	 0.247664 
4.592000 	 0.248953 
4.594000 	 0.247664 
4.596000 	 0.247664 
4.598000 	 0.245087 
4.600000 	 0.247664 
4.602000 	 0.247664 
4.604000 	 0.246376 
4.606000 	 0.250242 
4.608000 	 0.247664 
4.610000 	 0.246376 
4.612000 	 0.246376 
4.614000 	 0.245087 
4.616000 	 0.250242 
4.618000 	 0.248953 
4.620000 	 0.247664 
4.622000 	 0.247664 
4.624000 	 0.247664 
4.626000 	 0.247664 
4.628000 	 0.245087 
4.630000 	 0.247664 
4.632000 	 0.247664 
4.634000 	 0.247664 
4.636000 	 0.246376 
4.638000 	 0.247664 
4.640000 	 0.247664 
4.642000 	 0.247664 
4.644000 	 0.247664 
4.646000 	 0.247664 
4.648000 	 0.247664 
4.650000 	 0.248953 
4.652000 	 0.247664 
4.654000 	 0.247664 
4.656000 	 0.248953 
4.658000 	 0.250242 
4.660000 	 0.248953 
4.662000 	 0.248953 
4.664000 	 0.246376 
4.666000 	 0.250242 
4.668000 	 0.247664 
4.670000 	 0.246376 
4.672000 	 0.250242 
4.674000 	 0.247664 
4.676000 	 0.246376 
4.678000 	 0.247664 
4.680000 	 0.248953 
4.682000 	 0.248953 
4.684000 	 0.248953 
4.686000 	 0.251531 
4.688000 	 0.247664 
4.690000 	 0.254109 
4.692000 	 0.246376 
4.694000 	 0.254109 
4.696000 	 0.247664 
4.698000 	 0.254109 
4.700000 	 0.247664 
4.702000 	 0.250242 
4.704000 	 0.247664 
4.706000 	 0.248953 
4.708000 	 0.246376 
4.710000 	 0.247664 
4.712000 	 0.247664 
4.714000 	 0.245087 
4.716000 	 0.248953 
4.718000 	 0.245087 
4.720000 	 0.247664 
4.722000 	 0.247664 
4.724000 	 0.246376 
4.726000 	 0.246376 
4.728000 	 0.248953 
4.730000 	 0.248953 
4.732000 	 0.247664 
4.734000 	 0.247664 
4.736000 	 0.247664 
4.738000 	 0.247664 
4.740000 	 0.246376 
4.742000 	 0.248953 
4.744000 	 0.247664 
4.746000 	 0.247664 
4.748000 	 0.247664 
4.750000 	 0.247664 
4.752000 	 0.248953 
4.754000 	 0.247664 
4.756000 	 0.247664 
4.758000 	 0.248953 
4.760000 	 0.248953 
4.762000 	 0.247664 
4.764000 	 0.247664 
4.766000 	 0.247664 
4.768000 	 0.246376 
4.770000 	 0.247664 
4.772000 	 0.247664 
4.774000 	 0.248953 
4.776000 	 0.246376 
4.778000 	 0.248953 
4.780000 	 0.248953 
4.782000 	 0.246376 
4.784000 	 0.247664 
4.786000 	 0.246376 
4.788000 	 0.247664 
4.790000 	 0.250242 
4.792000 	 0.246376 
4.794000 	 0.247664 
4.796000 	 0.248953 
4.798000 	 0.247664 
4.800000 	 0.247664 
4.802000 	 0.248953 
4.804000 	 0.247664 
4.806000 	 0.250242 
4.808000 	 0.246376 
4.810000 	 0.248953 
4.812000 	 0.248953 
4.814000 	 0.246376 
4.816000 	 0.247664 
4.818000 	 0.247664 
4.820000 	 0.250242 
4.822000 	 0.246376 
4.824000 	 0.248953 
4.826000 	 0.247664 
4.828000 	 0.247664 
4.830000 	 0.247664 
4.832000 	 0.246376 
4.834000 	 0.248953 
4.836000 	 0.247664 
4.838000 	 0.246376 
4.840000 	 0.248953 
4.842000 	 0.246376 
4.844000 	 0.247664 
4.846000 	 0.248953 
4.848000 	 0.247664 
4.850000 	 0.248953 
4.852000 	 0.247664 
4.854000 	 0.248953 
4.856000 	 0.246376 
4.858000 	 0.247664 
4.860000 	 0.248953 
4.862000 	 0.247664 
4.864000 	 0.247664 
4.866000 	 0.248953 
4.868000 	 0.248953 
4.870000 	 0.247664 
4.872000 	 0.248953 
4.874000 	 0.247664 
4.876000 	 0.248953 
4.878000 	 0.248953 
4.880000 	 0.247664 
4.882000 	 0.247664 
4.884000 	 0.248953 
4.886000 	 0.245087 
4.888000 	 0.246376 
4.890000 	 0.246376 
4.892000 	 0.248953 
4.894000 	 0.245087 
4.896000 	 0.247664 
4.898000 	 0.246376 
