0.000000 	 2.570141 
0.033333 	 2.568854 
0.066667 	 2.570141 
0.100000 	 2.568854 
0.133333 	 2.568854 
0.166667 	 2.570141 
0.200000 	 2.570141 
0.233333 	 2.567567 
0.266667 	 2.568854 
0.300000 	 2.568854 
0.333333 	 2.570141 
0.366667 	 2.568854 
0.400000 	 2.567567 
0.433333 	 2.568854 
0.466667 	 2.570141 
0.500000 	 2.568854 
0.533333 	 2.570141 
0.566667 	 2.570141 
0.600000 	 2.570141 
0.633333 	 2.571428 
0.666666 	 2.568854 
0.700000 	 2.571428 
0.733333 	 2.570141 
0.766666 	 2.570141 
0.800000 	 2.568854 
0.833333 	 2.570141 
0.866666 	 2.568854 
0.900000 	 2.568854 
0.933333 	 2.570141 
0.966666 	 2.568854 
1.000000 	 2.568854 
1.033333 	 2.567567 
1.066666 	 2.570141 
1.100000 	 2.570141 
1.133333 	 2.568854 
1.166666 	 2.568854 
1.200000 	 2.568854 
1.233333 	 2.568854 
1.266666 	 2.568854 
1.300000 	 2.567567 
1.333333 	 2.570141 
1.366666 	 2.570141 
1.400000 	 2.567567 
1.433333 	 2.570141 
1.466666 	 2.568854 
1.500000 	 2.568854 
1.533333 	 2.568854 
1.566666 	 2.568854 
1.600000 	 2.568854 
1.633333 	 2.568854 
1.666666 	 2.568854 
1.700000 	 2.568854 
1.733333 	 2.568854 
1.766666 	 2.570141 
1.800000 	 2.570141 
1.833333 	 2.570141 
1.866666 	 2.568854 
1.900000 	 2.570141 
1.933333 	 2.570141 
1.966666 	 2.570141 
1.999999 	 2.568854 
2.033333 	 2.570141 
2.066666 	 2.570141 
2.099999 	 2.568854 
2.133333 	 2.570141 
2.166666 	 2.567567 
2.199999 	 2.568854 
2.233333 	 2.567567 
2.266666 	 2.568854 
2.299999 	 2.568854 
2.333333 	 2.570141 
2.366666 	 2.568854 
2.399999 	 2.568854 
2.433333 	 2.568854 
2.466666 	 2.568854 
2.499999 	 2.570141 
2.533333 	 2.568854 
2.566666 	 2.572715 
2.599999 	 2.568854 
2.633333 	 2.568854 
2.666666 	 2.570141 
2.699999 	 2.570141 
2.733333 	 2.568854 
2.766666 	 2.568854 
2.799999 	 2.568854 
2.833333 	 2.568854 
2.866666 	 2.570141 
2.899999 	 2.570141 
2.933333 	 2.570141 
2.966666 	 2.570141 
2.999999 	 2.568854 
3.033333 	 2.571428 
3.066666 	 2.567567 
3.099999 	 2.570141 
3.133333 	 2.570141 
3.166666 	 2.568854 
3.199999 	 2.570141 
3.233333 	 2.570141 
3.266666 	 2.570141 
3.299999 	 2.568854 
3.333332 	 2.568854 
3.366666 	 2.571428 
3.399999 	 2.568854 
3.433332 	 2.570141 
3.466666 	 2.568854 
3.499999 	 2.570141 
3.533332 	 2.570141 
3.566666 	 2.568854 
3.599999 	 2.567567 
3.633332 	 2.567567 
3.666666 	 2.568854 
3.699999 	 2.570141 
3.733332 	 2.568854 
3.766666 	 2.570141 
3.799999 	 2.567567 
3.833332 	 2.568854 
3.866666 	 2.568854 
3.899999 	 2.570141 
3.933332 	 2.568854 
3.966666 	 2.568854 
3.999999 	 2.568854 
4.033332 	 2.570141 
4.066666 	 2.568854 
4.099999 	 2.571428 
4.133332 	 2.567567 
4.166666 	 2.568854 
4.199999 	 2.567567 
4.233332 	 2.568854 
4.266666 	 2.567567 
4.299999 	 2.570141 
4.333332 	 2.570141 
4.366666 	 2.571428 
4.399999 	 2.570141 
4.433332 	 2.570141 
4.466666 	 2.570141 
4.499999 	 2.568854 
4.533332 	 2.568854 
4.566666 	 2.570141 
4.599999 	 2.568854 
4.633332 	 2.568854 
4.666665 	 2.568854 
4.699999 	 2.570141 
4.733332 	 2.568854 
4.766665 	 2.571428 
4.799999 	 2.568854 
4.833332 	 2.571428 
4.866665 	 2.568854 
4.899999 	 2.568854 
4.933332 	 2.570141 
4.966665 	 2.570141 
4.999999 	 2.571428 
5.033332 	 2.568854 
5.066665 	 2.571428 
5.099999 	 2.568854 
5.133332 	 2.568854 
5.166665 	 2.568854 
5.199999 	 2.568854 
5.233332 	 2.568854 
5.266665 	 2.570141 
5.299999 	 2.568854 
5.333332 	 2.570141 
5.366665 	 2.570141 
5.399999 	 2.568854 
5.433332 	 2.570141 
5.466665 	 2.570141 
5.499999 	 2.567567 
5.533332 	 2.568854 
5.566665 	 2.568854 
5.599999 	 2.570141 
5.633332 	 2.567567 
5.666665 	 2.568854 
5.699999 	 2.568854 
5.733332 	 2.568854 
5.766665 	 2.568854 
5.799999 	 2.568854 
5.833332 	 2.570141 
5.866665 	 2.570141 
5.899999 	 2.570141 
5.933332 	 2.568854 
5.966665 	 2.568854 
5.999998 	 2.568854 
6.033332 	 2.568854 
6.066665 	 2.567567 
6.099998 	 2.568854 
6.133332 	 2.568854 
6.166665 	 2.570141 
6.199998 	 2.568854 
6.233332 	 2.568854 
6.266665 	 2.567567 
6.299998 	 2.568854 
6.333332 	 2.570141 
6.366665 	 2.568854 
6.399998 	 2.568854 
6.433332 	 2.568854 
6.466665 	 2.568854 
6.499998 	 2.570141 
6.533332 	 2.568854 
6.566665 	 2.570141 
6.599998 	 2.570141 
6.633332 	 2.568854 
6.666665 	 2.568854 
6.699998 	 2.571428 
6.733332 	 2.570141 
6.766665 	 2.570141 
6.799998 	 2.568854 
6.833332 	 2.570141 
6.866665 	 2.568854 
6.899998 	 2.568854 
6.933332 	 2.568854 
6.966665 	 2.570141 
6.999998 	 2.570141 
7.033332 	 2.570141 
7.066665 	 2.571428 
7.099998 	 2.568854 
7.133332 	 2.570141 
7.166665 	 2.568854 
7.199998 	 2.571428 
7.233332 	 2.568854 
7.266665 	 2.567567 
7.299998 	 2.567567 
7.333331 	 2.568854 
7.366665 	 2.571428 
7.399998 	 2.570141 
7.433331 	 2.568854 
7.466665 	 2.570141 
7.499998 	 2.570141 
7.533331 	 2.568854 
7.566665 	 2.568854 
7.599998 	 2.568854 
7.633331 	 2.570141 
7.666665 	 2.568854 
7.699998 	 2.568854 
7.733331 	 2.568854 
7.766665 	 2.568854 
7.799998 	 2.570141 
7.833331 	 2.570141 
7.866665 	 2.567567 
7.899998 	 2.571428 
7.933331 	 2.568854 
7.966665 	 2.568854 
7.999998 	 2.568854 
8.033331 	 2.570141 
8.066665 	 2.570141 
8.099998 	 2.568854 
8.133331 	 2.570141 
8.166665 	 2.570141 
8.199998 	 2.570141 
8.233331 	 2.568854 
8.266665 	 2.568854 
8.299998 	 2.570141 
8.333331 	 2.570141 
8.366665 	 2.568854 
8.399998 	 2.571428 
8.433331 	 2.572715 
8.466665 	 2.568854 
8.499998 	 2.571428 
8.533331 	 2.568854 
8.566665 	 2.568854 
8.599998 	 2.570141 
8.633331 	 2.568854 
8.666664 	 2.568854 
8.699998 	 2.568854 
8.733331 	 2.568854 
8.766664 	 2.570141 
8.799998 	 2.568854 
8.833331 	 2.568854 
8.866664 	 2.570141 
8.899998 	 2.568854 
8.933331 	 2.568854 
8.966664 	 2.568854 
8.999998 	 2.568854 
9.033331 	 2.570141 
9.066664 	 2.568854 
9.099998 	 2.568854 
9.133331 	 2.568854 
9.166664 	 2.568854 
9.199998 	 2.570141 
9.233331 	 2.570141 
9.266664 	 2.568854 
9.299998 	 2.570141 
9.333331 	 2.568854 
9.366664 	 2.570141 
9.399998 	 2.567567 
9.433331 	 2.568854 
9.466664 	 2.570141 
9.499998 	 2.571428 
9.533331 	 2.570141 
9.566664 	 2.568854 
9.599998 	 2.568854 
9.633331 	 2.568854 
9.666664 	 2.570141 
9.699998 	 2.568854 
9.733331 	 2.567567 
9.766664 	 2.568854 
9.799998 	 2.570141 
9.833331 	 2.568854 
9.866664 	 2.568854 
9.899998 	 2.570141 
9.933331 	 2.570141 
9.966664 	 2.568854 
9.999997 	 2.570141 
10.033331 	 2.568854 
10.066664 	 2.568854 
10.099997 	 2.568854 
10.133331 	 2.568854 
10.166664 	 2.568854 
10.199997 	 2.570141 
10.233331 	 2.570141 
10.266664 	 2.568854 
10.299997 	 2.568854 
10.333331 	 2.570141 
10.366664 	 2.568854 
10.399997 	 2.567567 
10.433331 	 2.570141 
10.466664 	 2.568854 
10.499997 	 2.568854 
10.533331 	 2.568854 
10.566664 	 2.567567 
10.599997 	 2.564993 
10.633331 	 2.568854 
10.666664 	 2.568854 
10.699997 	 2.570141 
10.733331 	 2.567567 
10.766664 	 2.568854 
10.799997 	 2.570141 
10.833331 	 2.571428 
10.866664 	 2.570141 
10.899997 	 2.570141 
10.933331 	 2.570141 
10.966664 	 2.570141 
10.999997 	 2.568854 
11.033331 	 2.568854 
11.066664 	 2.568854 
11.099997 	 2.570141 
11.133331 	 2.570141 
11.166664 	 2.568854 
11.199997 	 2.570141 
11.233331 	 2.567567 
11.266664 	 2.570141 
11.299997 	 2.568854 
11.333330 	 2.570141 
11.366664 	 2.568854 
11.399997 	 2.570141 
11.433330 	 2.571428 
11.466664 	 2.568854 
11.499997 	 2.568854 
11.533330 	 2.568854 
11.566664 	 2.568854 
11.599997 	 2.567567 
11.633330 	 2.568854 
11.666664 	 2.570141 
11.699997 	 2.568854 
11.733330 	 2.568854 
11.766664 	 2.567567 
11.799997 	 2.568854 
11.833330 	 2.568854 
11.866664 	 2.568854 
11.899997 	 2.568854 
11.933330 	 2.568854 
11.966664 	 2.570141 
11.999997 	 2.570141 
12.033330 	 2.568854 
12.066664 	 2.568854 
12.099997 	 2.570141 
12.133330 	 2.568854 
12.166664 	 2.570141 
12.199997 	 2.570141 
12.233330 	 2.570141 
12.266664 	 2.570141 
12.299997 	 2.570141 
12.333330 	 2.570141 
12.366664 	 2.570141 
12.399997 	 2.567567 
12.433330 	 2.568854 
12.466664 	 2.568854 
12.499997 	 2.571428 
12.533330 	 2.570141 
12.566664 	 2.567567 
12.599997 	 2.568854 
12.633330 	 2.568854 
12.666663 	 2.571428 
12.699997 	 2.570141 
12.733330 	 2.568854 
12.766663 	 2.568854 
12.799997 	 2.568854 
12.833330 	 2.567567 
12.866663 	 2.568854 
12.899997 	 2.570141 
12.933330 	 2.567567 
12.966663 	 2.568854 
12.999997 	 2.568854 
13.033330 	 2.568854 
13.066663 	 2.570141 
13.099997 	 2.568854 
13.133330 	 2.571428 
13.166663 	 2.568854 
13.199997 	 2.568854 
13.233330 	 2.571428 
13.266663 	 2.567567 
13.299997 	 2.568854 
13.333330 	 2.568854 
13.366663 	 2.568854 
13.399997 	 2.570141 
13.433330 	 2.570141 
13.466663 	 2.567567 
13.499997 	 2.568854 
13.533330 	 2.570141 
13.566663 	 2.568854 
13.599997 	 2.571428 
13.633330 	 2.567567 
13.666663 	 2.568854 
13.699997 	 2.570141 
13.733330 	 2.568854 
13.766663 	 2.570141 
13.799997 	 2.568854 
13.833330 	 2.570141 
13.866663 	 2.570141 
13.899997 	 2.570141 
13.933330 	 2.570141 
13.966663 	 2.568854 
13.999996 	 2.568854 
14.033330 	 2.568854 
14.066663 	 2.568854 
14.099996 	 2.568854 
14.133330 	 2.568854 
14.166663 	 2.568854 
14.199996 	 2.570141 
14.233330 	 2.568854 
14.266663 	 2.568854 
14.299996 	 2.571428 
14.333330 	 2.570141 
14.366663 	 2.570141 
14.399996 	 2.568854 
14.433330 	 2.568854 
14.466663 	 2.567567 
14.499996 	 2.568854 
14.533330 	 2.570141 
14.566663 	 2.568854 
14.599996 	 2.570141 
14.633330 	 2.570141 
14.666663 	 2.568854 
14.699996 	 2.568854 
14.733330 	 2.571428 
14.766663 	 2.567567 
14.799996 	 2.567567 
14.833330 	 2.570141 
14.866663 	 2.571428 
14.899996 	 2.568854 
14.933330 	 2.567567 
14.966663 	 2.568854 
14.999996 	 2.570141 
15.033330 	 2.570141 
15.066663 	 2.568854 
15.099996 	 2.570141 
15.133330 	 2.568854 
15.166663 	 2.568854 
15.199996 	 2.570141 
15.233330 	 2.568854 
15.266663 	 2.568854 
15.299996 	 2.570141 
15.333329 	 2.570141 
15.366663 	 2.568854 
15.399996 	 2.570141 
15.433329 	 2.568854 
15.466663 	 2.567567 
15.499996 	 2.570141 
15.533329 	 2.570141 
15.566663 	 2.568854 
15.599996 	 2.568854 
15.633329 	 2.568854 
15.666663 	 2.568854 
15.699996 	 2.570141 
15.733329 	 2.568854 
15.766663 	 2.570141 
15.799996 	 2.568854 
15.833329 	 2.571428 
15.866663 	 2.567567 
15.899996 	 2.570141 
15.933329 	 2.568854 
15.966663 	 2.568854 
15.999996 	 2.568854 
16.033329 	 2.570141 
16.066663 	 2.570141 
16.099996 	 2.570141 
16.133329 	 2.568854 
16.166663 	 2.570141 
16.199996 	 2.570141 
16.233329 	 2.568854 
16.266663 	 2.568854 
16.299996 	 2.568854 
16.333329 	 2.568854 
16.366663 	 2.570141 
16.399996 	 2.568854 
16.433329 	 2.568854 
16.466663 	 2.568854 
16.499996 	 2.570141 
16.533329 	 2.570141 
16.566663 	 2.571428 
16.599996 	 2.568854 
16.633329 	 2.570141 
16.666662 	 2.568854 
16.699996 	 2.568854 
16.733329 	 2.568854 
16.766662 	 2.568854 
16.799996 	 2.570141 
16.833329 	 2.570141 
16.866662 	 2.570141 
16.899996 	 2.567567 
16.933329 	 2.567567 
16.966662 	 2.568854 
16.999996 	 2.570141 
17.033329 	 2.568854 
17.066662 	 2.567567 
17.099996 	 2.568854 
17.133329 	 2.568854 
17.166662 	 2.568854 
17.199996 	 2.568854 
17.233329 	 2.570141 
17.266662 	 2.570141 
17.299996 	 2.570141 
17.333329 	 2.571428 
17.366662 	 2.568854 
17.399996 	 2.568854 
17.433329 	 2.570141 
17.466662 	 2.568854 
17.499996 	 2.568854 
17.533329 	 2.568854 
17.566662 	 2.567567 
17.599996 	 2.571428 
17.633329 	 2.571428 
17.666662 	 2.571428 
17.699996 	 2.570141 
17.733329 	 2.567567 
17.766662 	 2.568854 
17.799996 	 2.570141 
17.833329 	 2.570141 
17.866662 	 2.568854 
17.899996 	 2.568854 
17.933329 	 2.567567 
17.966662 	 2.571428 
17.999995 	 2.568854 
18.033329 	 2.568854 
18.066662 	 2.567567 
18.099995 	 2.568854 
18.133329 	 2.570141 
18.166662 	 2.568854 
18.199995 	 2.568854 
18.233329 	 2.568854 
18.266662 	 2.570141 
18.299995 	 2.570141 
18.333329 	 2.568854 
18.366662 	 2.568854 
18.399995 	 2.567567 
18.433329 	 2.568854 
18.466662 	 2.571428 
18.499995 	 2.568854 
18.533329 	 2.568854 
18.566662 	 2.568854 
18.599995 	 2.570141 
18.633329 	 2.568854 
18.666662 	 2.570141 
18.699995 	 2.568854 
18.733329 	 2.570141 
18.766662 	 2.567567 
18.799995 	 2.568854 
18.833329 	 2.568854 
18.866662 	 2.567567 
18.899995 	 2.570141 
18.933329 	 2.568854 
18.966662 	 2.571428 
18.999995 	 2.570141 
19.033329 	 2.570141 
19.066662 	 2.568854 
19.099995 	 2.567567 
19.133329 	 2.570141 
19.166662 	 2.570141 
19.199995 	 2.570141 
19.233329 	 2.568854 
19.266662 	 2.568854 
19.299995 	 2.568854 
19.333328 	 2.570141 
19.366662 	 2.567567 
19.399995 	 2.568854 
19.433328 	 2.568854 
19.466662 	 2.570141 
19.499995 	 2.570141 
19.533328 	 2.568854 
19.566662 	 2.567567 
19.599995 	 2.568854 
19.633328 	 2.570141 
19.666662 	 2.568854 
19.699995 	 2.567567 
19.733328 	 2.571428 
19.766662 	 2.570141 
19.799995 	 2.570141 
19.833328 	 2.568854 
19.866662 	 2.568854 
19.899995 	 2.571428 
19.933328 	 2.570141 
19.966662 	 2.570141 
