0.000000 	 2.629344 
0.033333 	 2.631918 
0.066667 	 2.629344 
0.100000 	 2.631918 
0.133333 	 2.633205 
0.166667 	 2.631918 
0.200000 	 2.630631 
0.233333 	 2.633205 
0.266667 	 2.631918 
0.300000 	 2.631918 
0.333333 	 2.633205 
0.366667 	 2.631918 
0.400000 	 2.637066 
0.433333 	 2.631918 
0.466667 	 2.631918 
0.500000 	 2.630631 
0.533333 	 2.630631 
0.566667 	 2.631918 
0.600000 	 2.631918 
0.633333 	 2.631918 
0.666666 	 2.631918 
0.700000 	 2.631918 
0.733333 	 2.633205 
0.766666 	 2.631918 
0.800000 	 2.629344 
0.833333 	 2.633205 
0.866666 	 2.634492 
0.900000 	 2.630631 
0.933333 	 2.633205 
0.966666 	 2.633205 
1.000000 	 2.633205 
1.033333 	 2.631918 
1.066666 	 2.633205 
1.100000 	 2.631918 
1.133333 	 2.631918 
1.166666 	 2.633205 
1.200000 	 2.633205 
1.233333 	 2.631918 
1.266666 	 2.629344 
1.300000 	 2.630631 
1.333333 	 2.633205 
1.366666 	 2.633205 
1.400000 	 2.629344 
1.433333 	 2.631918 
1.466666 	 2.629344 
1.500000 	 2.630631 
1.533333 	 2.637066 
1.566666 	 2.629344 
1.600000 	 2.633205 
1.633333 	 2.631918 
1.666666 	 2.631918 
1.700000 	 2.630631 
1.733333 	 2.631918 
1.766666 	 2.630631 
1.800000 	 2.631918 
1.833333 	 2.630631 
1.866666 	 2.631918 
1.900000 	 2.631918 
1.933333 	 2.631918 
1.966666 	 2.634492 
1.999999 	 2.631918 
2.033333 	 2.634492 
2.066666 	 2.633205 
2.099999 	 2.633205 
2.133333 	 2.631918 
2.166666 	 2.631918 
2.199999 	 2.631918 
2.233333 	 2.631918 
2.266666 	 2.631918 
2.299999 	 2.630631 
2.333333 	 2.631918 
2.366666 	 2.630631 
2.399999 	 2.631918 
2.433333 	 2.634492 
2.466666 	 2.633205 
2.499999 	 2.631918 
2.533333 	 2.633205 
2.566666 	 2.633205 
2.599999 	 2.634492 
2.633333 	 2.631918 
2.666666 	 2.631918 
2.699999 	 2.631918 
2.733333 	 2.630631 
2.766666 	 2.630631 
2.799999 	 2.631918 
2.833333 	 2.631918 
2.866666 	 2.631918 
2.899999 	 2.634492 
2.933333 	 2.633205 
2.966666 	 2.634492 
2.999999 	 2.633205 
3.033333 	 2.630631 
3.066666 	 2.633205 
3.099999 	 2.631918 
3.133333 	 2.630631 
3.166666 	 2.630631 
3.199999 	 2.631918 
3.233333 	 2.633205 
3.266666 	 2.631918 
3.299999 	 2.631918 
3.333332 	 2.631918 
3.366666 	 2.633205 
3.399999 	 2.631918 
3.433332 	 2.633205 
3.466666 	 2.633205 
3.499999 	 2.629344 
3.533332 	 2.628057 
3.566666 	 2.634492 
3.599999 	 2.633205 
3.633332 	 2.631918 
3.666666 	 2.631918 
3.699999 	 2.631918 
3.733332 	 2.631918 
3.766666 	 2.630631 
3.799999 	 2.633205 
3.833332 	 2.631918 
3.866666 	 2.631918 
3.899999 	 2.635779 
3.933332 	 2.633205 
3.966666 	 2.630631 
3.999999 	 2.630631 
4.033332 	 2.633205 
4.066666 	 2.633205 
4.099999 	 2.633205 
4.133332 	 2.630631 
4.166666 	 2.631918 
4.199999 	 2.631918 
4.233332 	 2.631918 
4.266666 	 2.631918 
4.299999 	 2.635779 
4.333332 	 2.631918 
4.366666 	 2.631918 
4.399999 	 2.631918 
4.433332 	 2.630631 
4.466666 	 2.631918 
4.499999 	 2.631918 
4.533332 	 2.631918 
4.566666 	 2.633205 
4.599999 	 2.631918 
4.633332 	 2.630631 
4.666665 	 2.631918 
4.699999 	 2.631918 
4.733332 	 2.631918 
4.766665 	 2.631918 
4.799999 	 2.631918 
4.833332 	 2.631918 
4.866665 	 2.630631 
4.899999 	 2.629344 
4.933332 	 2.630631 
4.966665 	 2.631918 
4.999999 	 2.633205 
5.033332 	 2.630631 
5.066665 	 2.633205 
5.099999 	 2.633205 
5.133332 	 2.633205 
5.166665 	 2.631918 
5.199999 	 2.631918 
5.233332 	 2.631918 
5.266665 	 2.629344 
5.299999 	 2.630631 
5.333332 	 2.633205 
5.366665 	 2.633205 
5.399999 	 2.633205 
5.433332 	 2.633205 
5.466665 	 2.629344 
5.499999 	 2.633205 
5.533332 	 2.630631 
5.566665 	 2.631918 
5.599999 	 2.630631 
5.633332 	 2.631918 
5.666665 	 2.637066 
5.699999 	 2.631918 
5.733332 	 2.633205 
5.766665 	 2.630631 
5.799999 	 2.630631 
5.833332 	 2.631918 
5.866665 	 2.630631 
5.899999 	 2.631918 
5.933332 	 2.631918 
5.966665 	 2.633205 
5.999998 	 2.630631 
6.033332 	 2.633205 
6.066665 	 2.629344 
6.099998 	 2.629344 
6.133332 	 2.631918 
6.166665 	 2.631918 
6.199998 	 2.631918 
6.233332 	 2.631918 
6.266665 	 2.631918 
6.299998 	 2.631918 
6.333332 	 2.631918 
6.366665 	 2.631918 
6.399998 	 2.631918 
6.433332 	 2.631918 
6.466665 	 2.633205 
6.499998 	 2.631918 
6.533332 	 2.630631 
6.566665 	 2.633205 
6.599998 	 2.631918 
6.633332 	 2.631918 
6.666665 	 2.631918 
6.699998 	 2.631918 
6.733332 	 2.631918 
6.766665 	 2.631918 
6.799998 	 2.630631 
6.833332 	 2.630631 
6.866665 	 2.631918 
6.899998 	 2.631918 
6.933332 	 2.633205 
6.966665 	 2.631918 
6.999998 	 2.630631 
7.033332 	 2.631918 
7.066665 	 2.631918 
7.099998 	 2.631918 
7.133332 	 2.631918 
7.166665 	 2.630631 
7.199998 	 2.631918 
7.233332 	 2.633205 
7.266665 	 2.631918 
7.299998 	 2.631918 
7.333331 	 2.635779 
7.366665 	 2.631918 
7.399998 	 2.633205 
7.433331 	 2.633205 
7.466665 	 2.631918 
7.499998 	 2.631918 
7.533331 	 2.631918 
7.566665 	 2.631918 
7.599998 	 2.633205 
7.633331 	 2.631918 
7.666665 	 2.633205 
7.699998 	 2.630631 
7.733331 	 2.631918 
7.766665 	 2.631918 
7.799998 	 2.630631 
7.833331 	 2.633205 
7.866665 	 2.631918 
7.899998 	 2.633205 
7.933331 	 2.633205 
7.966665 	 2.634492 
7.999998 	 2.631918 
8.033331 	 2.631918 
8.066665 	 2.634492 
8.099998 	 2.633205 
8.133331 	 2.629344 
8.166665 	 2.631918 
8.199998 	 2.631918 
8.233331 	 2.633205 
8.266665 	 2.633205 
8.299998 	 2.631918 
8.333331 	 2.629344 
8.366665 	 2.633205 
8.399998 	 2.631918 
8.433331 	 2.631918 
8.466665 	 2.634492 
8.499998 	 2.631918 
8.533331 	 2.631918 
8.566665 	 2.633205 
8.599998 	 2.629344 
8.633331 	 2.630631 
8.666664 	 2.631918 
8.699998 	 2.633205 
8.733331 	 2.633205 
8.766664 	 2.631918 
8.799998 	 2.631918 
8.833331 	 2.633205 
8.866664 	 2.630631 
8.899998 	 2.630631 
8.933331 	 2.634492 
8.966664 	 2.633205 
8.999998 	 2.633205 
9.033331 	 2.631918 
9.066664 	 2.633205 
9.099998 	 2.631918 
9.133331 	 2.630631 
9.166664 	 2.629344 
9.199998 	 2.631918 
9.233331 	 2.629344 
9.266664 	 2.631918 
9.299998 	 2.631918 
9.333331 	 2.631918 
9.366664 	 2.630631 
9.399998 	 2.631918 
9.433331 	 2.631918 
9.466664 	 2.629344 
9.499998 	 2.631918 
9.533331 	 2.630631 
9.566664 	 2.630631 
9.599998 	 2.631918 
9.633331 	 2.634492 
9.666664 	 2.631918 
9.699998 	 2.631918 
9.733331 	 2.633205 
9.766664 	 2.630631 
9.799998 	 2.631918 
9.833331 	 2.630631 
9.866664 	 2.629344 
9.899998 	 2.633205 
9.933331 	 2.630631 
9.966664 	 2.631918 
9.999997 	 2.633205 
10.033331 	 2.633205 
10.066664 	 2.631918 
10.099997 	 2.633205 
10.133331 	 2.633205 
10.166664 	 2.631918 
10.199997 	 2.630631 
10.233331 	 2.631918 
10.266664 	 2.633205 
10.299997 	 2.631918 
10.333331 	 2.631918 
10.366664 	 2.631918 
10.399997 	 2.633205 
10.433331 	 2.633205 
10.466664 	 2.631918 
10.499997 	 2.629344 
10.533331 	 2.631918 
10.566664 	 2.633205 
10.599997 	 2.630631 
10.633331 	 2.633205 
10.666664 	 2.631918 
10.699997 	 2.631918 
10.733331 	 2.631918 
10.766664 	 2.630631 
10.799997 	 2.631918 
10.833331 	 2.630631 
10.866664 	 2.631918 
10.899997 	 2.633205 
10.933331 	 2.631918 
10.966664 	 2.631918 
10.999997 	 2.631918 
11.033331 	 2.634492 
11.066664 	 2.629344 
11.099997 	 2.633205 
11.133331 	 2.631918 
11.166664 	 2.631918 
11.199997 	 2.633205 
11.233331 	 2.631918 
11.266664 	 2.634492 
11.299997 	 2.631918 
11.333330 	 2.633205 
11.366664 	 2.633205 
11.399997 	 2.629344 
11.433330 	 2.633205 
11.466664 	 2.633205 
11.499997 	 2.629344 
11.533330 	 2.633205 
11.566664 	 2.630631 
11.599997 	 2.631918 
11.633330 	 2.633205 
11.666664 	 2.633205 
11.699997 	 2.629344 
11.733330 	 2.631918 
11.766664 	 2.631918 
11.799997 	 2.633205 
11.833330 	 2.631918 
11.866664 	 2.633205 
11.899997 	 2.630631 
11.933330 	 2.630631 
11.966664 	 2.633205 
11.999997 	 2.630631 
12.033330 	 2.631918 
12.066664 	 2.635779 
12.099997 	 2.630631 
12.133330 	 2.631918 
12.166664 	 2.635779 
12.199997 	 2.631918 
12.233330 	 2.631918 
12.266664 	 2.631918 
12.299997 	 2.633205 
12.333330 	 2.631918 
12.366664 	 2.631918 
12.399997 	 2.630631 
12.433330 	 2.628057 
12.466664 	 2.631918 
12.499997 	 2.631918 
12.533330 	 2.631918 
12.566664 	 2.631918 
12.599997 	 2.629344 
12.633330 	 2.633205 
12.666663 	 2.633205 
12.699997 	 2.631918 
12.733330 	 2.631918 
12.766663 	 2.631918 
12.799997 	 2.631918 
12.833330 	 2.631918 
12.866663 	 2.631918 
12.899997 	 2.631918 
12.933330 	 2.630631 
12.966663 	 2.634492 
12.999997 	 2.630631 
13.033330 	 2.630631 
13.066663 	 2.631918 
13.099997 	 2.634492 
13.133330 	 2.631918 
13.166663 	 2.631918 
13.199997 	 2.631918 
13.233330 	 2.634492 
13.266663 	 2.633205 
13.299997 	 2.630631 
13.333330 	 2.630631 
13.366663 	 2.630631 
13.399997 	 2.633205 
13.433330 	 2.633205 
13.466663 	 2.634492 
13.499997 	 2.634492 
13.533330 	 2.633205 
13.566663 	 2.631918 
13.599997 	 2.633205 
13.633330 	 2.633205 
13.666663 	 2.629344 
13.699997 	 2.633205 
13.733330 	 2.631918 
13.766663 	 2.633205 
13.799997 	 2.631918 
13.833330 	 2.631918 
13.866663 	 2.631918 
13.899997 	 2.630631 
13.933330 	 2.633205 
13.966663 	 2.631918 
13.999996 	 2.634492 
14.033330 	 2.631918 
14.066663 	 2.631918 
14.099996 	 2.631918 
14.133330 	 2.633205 
14.166663 	 2.633205 
14.199996 	 2.633205 
14.233330 	 2.631918 
14.266663 	 2.633205 
14.299996 	 2.631918 
14.333330 	 2.631918 
14.366663 	 2.633205 
14.399996 	 2.633205 
14.433330 	 2.631918 
14.466663 	 2.633205 
14.499996 	 2.633205 
14.533330 	 2.633205 
14.566663 	 2.631918 
14.599996 	 2.634492 
14.633330 	 2.631918 
14.666663 	 2.631918 
14.699996 	 2.635779 
14.733330 	 2.633205 
14.766663 	 2.631918 
14.799996 	 2.631918 
14.833330 	 2.631918 
14.866663 	 2.630631 
14.899996 	 2.633205 
14.933330 	 2.631918 
14.966663 	 2.630631 
14.999996 	 2.631918 
15.033330 	 2.631918 
15.066663 	 2.630631 
15.099996 	 2.633205 
15.133330 	 2.631918 
15.166663 	 2.635779 
15.199996 	 2.631918 
15.233330 	 2.630631 
15.266663 	 2.630631 
15.299996 	 2.629344 
15.333329 	 2.631918 
15.366663 	 2.631918 
15.399996 	 2.630631 
15.433329 	 2.633205 
15.466663 	 2.631918 
15.499996 	 2.633205 
15.533329 	 2.631918 
15.566663 	 2.629344 
15.599996 	 2.630631 
15.633329 	 2.634492 
15.666663 	 2.631918 
15.699996 	 2.631918 
15.733329 	 2.631918 
15.766663 	 2.630631 
15.799996 	 2.629344 
15.833329 	 2.633205 
15.866663 	 2.631918 
15.899996 	 2.631918 
15.933329 	 2.630631 
15.966663 	 2.633205 
15.999996 	 2.629344 
16.033329 	 2.631918 
16.066663 	 2.633205 
16.099996 	 2.633205 
16.133329 	 2.629344 
16.166663 	 2.631918 
16.199996 	 2.628057 
16.233329 	 2.633205 
16.266663 	 2.633205 
16.299996 	 2.630631 
16.333329 	 2.634492 
16.366663 	 2.630631 
16.399996 	 2.631918 
16.433329 	 2.633205 
16.466663 	 2.633205 
16.499996 	 2.634492 
16.533329 	 2.631918 
16.566663 	 2.633205 
16.599996 	 2.631918 
16.633329 	 2.633205 
16.666662 	 2.633205 
16.699996 	 2.631918 
16.733329 	 2.630631 
16.766662 	 2.633205 
16.799996 	 2.633205 
16.833329 	 2.629344 
16.866662 	 2.630631 
16.899996 	 2.630631 
16.933329 	 2.631918 
16.966662 	 2.631918 
16.999996 	 2.631918 
17.033329 	 2.631918 
17.066662 	 2.629344 
17.099996 	 2.630631 
17.133329 	 2.633205 
17.166662 	 2.631918 
17.199996 	 2.631918 
17.233329 	 2.631918 
17.266662 	 2.631918 
17.299996 	 2.633205 
17.333329 	 2.631918 
17.366662 	 2.631918 
17.399996 	 2.630631 
17.433329 	 2.630631 
17.466662 	 2.631918 
17.499996 	 2.631918 
17.533329 	 2.629344 
17.566662 	 2.629344 
17.599996 	 2.633205 
17.633329 	 2.634492 
17.666662 	 2.631918 
17.699996 	 2.630631 
17.733329 	 2.633205 
17.766662 	 2.631918 
17.799996 	 2.631918 
17.833329 	 2.631918 
17.866662 	 2.631918 
17.899996 	 2.634492 
17.933329 	 2.631918 
17.966662 	 2.633205 
17.999995 	 2.631918 
18.033329 	 2.634492 
18.066662 	 2.633205 
18.099995 	 2.634492 
18.133329 	 2.630631 
18.166662 	 2.633205 
18.199995 	 2.631918 
18.233329 	 2.631918 
18.266662 	 2.631918 
18.299995 	 2.633205 
18.333329 	 2.633205 
18.366662 	 2.631918 
18.399995 	 2.631918 
18.433329 	 2.631918 
18.466662 	 2.631918 
18.499995 	 2.630631 
18.533329 	 2.629344 
18.566662 	 2.631918 
18.599995 	 2.633205 
18.633329 	 2.633205 
18.666662 	 2.634492 
18.699995 	 2.631918 
18.733329 	 2.631918 
18.766662 	 2.630631 
18.799995 	 2.631918 
18.833329 	 2.631918 
18.866662 	 2.630631 
18.899995 	 2.631918 
18.933329 	 2.631918 
18.966662 	 2.630631 
18.999995 	 2.633205 
19.033329 	 2.631918 
19.066662 	 2.631918 
19.099995 	 2.631918 
19.133329 	 2.630631 
19.166662 	 2.631918 
19.199995 	 2.631918 
19.233329 	 2.630631 
19.266662 	 2.633205 
19.299995 	 2.633205 
19.333328 	 2.631918 
19.366662 	 2.633205 
19.399995 	 2.630631 
19.433328 	 2.631918 
19.466662 	 2.631918 
19.499995 	 2.633205 
19.533328 	 2.630631 
19.566662 	 2.631918 
19.599995 	 2.633205 
19.633328 	 2.633205 
19.666662 	 2.633205 
19.699995 	 2.633205 
19.733328 	 2.629344 
19.766662 	 2.631918 
19.799995 	 2.631918 
19.833328 	 2.633205 
19.866662 	 2.630631 
19.899995 	 2.631918 
19.933328 	 2.630631 
19.966662 	 2.630631 
