time (s) 	 Voltage output 	 Flowrate (scfm) 
0.000000 	 2.787849 	 3.977037 
0.005000 	 2.787849 	 3.977037 
0.010000 	 2.787849 	 3.977037 
0.015000 	 2.787849 	 3.977037 
0.020000 	 2.787849 	 3.977037 
0.025000 	 2.787849 	 3.977037 
0.030000 	 2.787849 	 3.977037 
0.035000 	 2.787849 	 3.977037 
0.040000 	 2.787849 	 3.977037 
0.045000 	 2.787849 	 3.977037 
0.050000 	 2.787849 	 3.977037 
0.055000 	 2.787849 	 3.977037 
0.060000 	 2.787849 	 3.977037 
0.065000 	 2.787849 	 3.977037 
0.070000 	 2.787849 	 3.977037 
0.075000 	 2.787849 	 3.977037 
0.080000 	 2.787849 	 3.977037 
0.085000 	 2.787849 	 3.977037 
0.090000 	 2.787849 	 3.977037 
0.095000 	 2.787849 	 3.977037 
0.100000 	 2.787849 	 3.977037 
0.105000 	 2.787849 	 3.977037 
0.110000 	 2.787849 	 3.977037 
0.115000 	 2.787849 	 3.977037 
0.120000 	 2.787849 	 3.977037 
0.125000 	 2.787849 	 3.977037 
0.130000 	 2.787849 	 3.977037 
0.135000 	 2.787849 	 3.977037 
0.140000 	 2.787849 	 3.977037 
0.145000 	 2.787849 	 3.977037 
0.150000 	 2.787849 	 3.977037 
0.155000 	 2.787849 	 3.977037 
0.160000 	 2.787849 	 3.977037 
0.165000 	 2.777665 	 3.930671 
0.170000 	 2.787849 	 3.977037 
0.175000 	 2.787849 	 3.977037 
0.180000 	 2.787849 	 3.977037 
0.185000 	 2.787849 	 3.977037 
0.190000 	 2.787849 	 3.977037 
0.195000 	 2.787849 	 3.977037 
0.200000 	 2.787849 	 3.977037 
0.205000 	 2.787849 	 3.977037 
0.210000 	 2.787849 	 3.977037 
0.215000 	 2.787849 	 3.977037 
0.220000 	 2.787849 	 3.977037 
0.225000 	 2.787849 	 3.977037 
0.230000 	 2.787849 	 3.977037 
0.235000 	 2.777665 	 3.930671 
0.240000 	 2.787849 	 3.977037 
0.245000 	 2.787849 	 3.977037 
0.250000 	 2.787849 	 3.977037 
0.255000 	 2.787849 	 3.977037 
0.260000 	 2.787849 	 3.977037 
0.265000 	 2.787849 	 3.977037 
0.270000 	 2.787849 	 3.977037 
0.275000 	 2.777665 	 3.930671 
0.280000 	 2.787849 	 3.977037 
0.285000 	 2.787849 	 3.977037 
0.290000 	 2.787849 	 3.977037 
0.295000 	 2.787849 	 3.977037 
0.300000 	 2.787849 	 3.977037 
0.305000 	 2.787849 	 3.977037 
0.310000 	 2.787849 	 3.977037 
0.315000 	 2.787849 	 3.977037 
0.320000 	 2.787849 	 3.977037 
0.325000 	 2.787849 	 3.977037 
0.330000 	 2.787849 	 3.977037 
0.335000 	 2.787849 	 3.977037 
0.340000 	 2.787849 	 3.977037 
0.345000 	 2.787849 	 3.977037 
0.350000 	 2.787849 	 3.977037 
0.355000 	 2.787849 	 3.977037 
0.360000 	 2.777665 	 3.930671 
0.365000 	 2.787849 	 3.977037 
0.370000 	 2.787849 	 3.977037 
0.375000 	 2.787849 	 3.977037 
0.380000 	 2.787849 	 3.977037 
0.385000 	 2.787849 	 3.977037 
0.390000 	 2.777665 	 3.930671 
0.395000 	 2.777665 	 3.930671 
0.400000 	 2.787849 	 3.977037 
0.405000 	 2.787849 	 3.977037 
0.410000 	 2.787849 	 3.977037 
0.415000 	 2.787849 	 3.977037 
0.420000 	 2.787849 	 3.977037 
0.425000 	 2.787849 	 3.977037 
0.430000 	 2.787849 	 3.977037 
0.435000 	 2.787849 	 3.977037 
0.440000 	 2.787849 	 3.977037 
0.445000 	 2.787849 	 3.977037 
0.450000 	 2.787849 	 3.977037 
0.455000 	 2.787849 	 3.977037 
0.460000 	 2.787849 	 3.977037 
0.465000 	 2.787849 	 3.977037 
0.470000 	 2.787849 	 3.977037 
0.475000 	 2.787849 	 3.977037 
0.480000 	 2.777665 	 3.930671 
0.485000 	 2.787849 	 3.977037 
0.490000 	 2.787849 	 3.977037 
0.495000 	 2.787849 	 3.977037 
0.500000 	 2.787849 	 3.977037 
0.505000 	 2.787849 	 3.977037 
0.510000 	 2.787849 	 3.977037 
0.515000 	 2.787849 	 3.977037 
0.520000 	 2.787849 	 3.977037 
0.525000 	 2.787849 	 3.977037 
0.530000 	 2.787849 	 3.977037 
0.535000 	 2.787849 	 3.977037 
0.540000 	 2.787849 	 3.977037 
0.545000 	 2.777665 	 3.930671 
0.550000 	 2.787849 	 3.977037 
0.555000 	 2.787849 	 3.977037 
0.560000 	 2.787849 	 3.977037 
0.565000 	 2.787849 	 3.977037 
0.570000 	 2.787849 	 3.977037 
0.575000 	 2.787849 	 3.977037 
0.580000 	 2.787849 	 3.977037 
0.585000 	 2.787849 	 3.977037 
0.590000 	 2.787849 	 3.977037 
0.595000 	 2.787849 	 3.977037 
0.600000 	 2.787849 	 3.977037 
0.605000 	 2.787849 	 3.977037 
0.610000 	 2.798034 	 4.022866 
0.615000 	 2.787849 	 3.977037 
0.620000 	 2.787849 	 3.977037 
0.625000 	 2.787849 	 3.977037 
0.630000 	 2.787849 	 3.977037 
0.635000 	 2.787849 	 3.977037 
0.640000 	 2.787849 	 3.977037 
0.645000 	 2.787849 	 3.977037 
0.650000 	 2.787849 	 3.977037 
0.655000 	 2.787849 	 3.977037 
0.660000 	 2.787849 	 3.977037 
0.665000 	 2.777665 	 3.930671 
0.670000 	 2.787849 	 3.977037 
0.675000 	 2.787849 	 3.977037 
0.680000 	 2.787849 	 3.977037 
0.685000 	 2.777665 	 3.930671 
0.690000 	 2.777665 	 3.930671 
0.695000 	 2.787849 	 3.977037 
0.700000 	 2.787849 	 3.977037 
0.705000 	 2.787849 	 3.977037 
0.710000 	 2.787849 	 3.977037 
0.715000 	 2.787849 	 3.977037 
0.720000 	 2.787849 	 3.977037 
0.725000 	 2.787849 	 3.977037 
0.730000 	 2.787849 	 3.977037 
0.735000 	 2.787849 	 3.977037 
0.740000 	 2.787849 	 3.977037 
0.745000 	 2.787849 	 3.977037 
0.750000 	 2.787849 	 3.977037 
0.755000 	 2.777665 	 3.930671 
0.760000 	 2.787849 	 3.977037 
0.765000 	 2.787849 	 3.977037 
0.770000 	 2.787849 	 3.977037 
0.775000 	 2.787849 	 3.977037 
0.780000 	 2.787849 	 3.977037 
0.785000 	 2.787849 	 3.977037 
0.790000 	 2.787849 	 3.977037 
0.795000 	 2.787849 	 3.977037 
0.800000 	 2.787849 	 3.977037 
0.805000 	 2.787849 	 3.977037 
0.810000 	 2.787849 	 3.977037 
0.815000 	 2.787849 	 3.977037 
0.820000 	 2.787849 	 3.977037 
0.825000 	 2.787849 	 3.977037 
0.830000 	 2.787849 	 3.977037 
0.835000 	 2.787849 	 3.977037 
0.840000 	 2.787849 	 3.977037 
0.845000 	 2.787849 	 3.977037 
0.850000 	 2.787849 	 3.977037 
0.855000 	 2.787849 	 3.977037 
0.860000 	 2.787849 	 3.977037 
0.865000 	 2.787849 	 3.977037 
0.870000 	 2.787849 	 3.977037 
0.875000 	 2.787849 	 3.977037 
0.880000 	 2.787849 	 3.977037 
0.885000 	 2.787849 	 3.977037 
0.890000 	 2.787849 	 3.977037 
0.895000 	 2.787849 	 3.977037 
0.900000 	 2.787849 	 3.977037 
0.905000 	 2.787849 	 3.977037 
0.910000 	 2.787849 	 3.977037 
0.915000 	 2.787849 	 3.977037 
0.920000 	 2.798034 	 4.022866 
0.925000 	 2.787849 	 3.977037 
0.930000 	 2.787849 	 3.977037 
0.935000 	 2.787849 	 3.977037 
0.940000 	 2.787849 	 3.977037 
0.945000 	 2.787849 	 3.977037 
0.950000 	 2.787849 	 3.977037 
0.955000 	 2.787849 	 3.977037 
0.960000 	 2.787849 	 3.977037 
0.965000 	 2.787849 	 3.977037 
0.970000 	 2.787849 	 3.977037 
0.975000 	 2.787849 	 3.977037 
0.980000 	 2.787849 	 3.977037 
0.985000 	 2.787849 	 3.977037 
0.990000 	 2.787849 	 3.977037 
0.995000 	 2.787849 	 3.977037 
1.000000 	 2.787849 	 3.977037 
1.005000 	 2.787849 	 3.977037 
1.010000 	 2.787849 	 3.977037 
1.015000 	 2.787849 	 3.977037 
1.020000 	 2.787849 	 3.977037 
1.025000 	 2.787849 	 3.977037 
1.030000 	 2.787849 	 3.977037 
1.035000 	 2.787849 	 3.977037 
1.040000 	 2.787849 	 3.977037 
1.045000 	 2.787849 	 3.977037 
1.050000 	 2.777665 	 3.930671 
1.055000 	 2.787849 	 3.977037 
1.060000 	 2.787849 	 3.977037 
1.065000 	 2.777665 	 3.930671 
1.070000 	 2.787849 	 3.977037 
1.075000 	 2.787849 	 3.977037 
1.080000 	 2.777665 	 3.930671 
1.085000 	 2.787849 	 3.977037 
1.090000 	 2.787849 	 3.977037 
1.095000 	 2.787849 	 3.977037 
1.100000 	 2.787849 	 3.977037 
1.105000 	 2.787849 	 3.977037 
1.110000 	 2.787849 	 3.977037 
1.115000 	 2.787849 	 3.977037 
1.120000 	 2.787849 	 3.977037 
1.125000 	 2.787849 	 3.977037 
1.130000 	 2.787849 	 3.977037 
1.135000 	 2.787849 	 3.977037 
1.140000 	 2.787849 	 3.977037 
1.145000 	 2.787849 	 3.977037 
1.150000 	 2.787849 	 3.977037 
1.155000 	 2.787849 	 3.977037 
1.160000 	 2.787849 	 3.977037 
1.165000 	 2.787849 	 3.977037 
1.170000 	 2.787849 	 3.977037 
1.175000 	 2.787849 	 3.977037 
1.180000 	 2.787849 	 3.977037 
1.185000 	 2.787849 	 3.977037 
1.190000 	 2.787849 	 3.977037 
1.195000 	 2.787849 	 3.977037 
1.200000 	 2.787849 	 3.977037 
1.205000 	 2.787849 	 3.977037 
1.210000 	 2.787849 	 3.977037 
1.215000 	 2.787849 	 3.977037 
1.220000 	 2.787849 	 3.977037 
1.225000 	 2.787849 	 3.977037 
1.230000 	 2.787849 	 3.977037 
1.235000 	 2.787849 	 3.977037 
1.240000 	 2.787849 	 3.977037 
1.245000 	 2.787849 	 3.977037 
1.250000 	 2.787849 	 3.977037 
1.255000 	 2.787849 	 3.977037 
1.260000 	 2.787849 	 3.977037 
1.265000 	 2.787849 	 3.977037 
1.270000 	 2.787849 	 3.977037 
1.275000 	 2.787849 	 3.977037 
1.280000 	 2.787849 	 3.977037 
1.285000 	 2.787849 	 3.977037 
1.290000 	 2.787849 	 3.977037 
1.295000 	 2.787849 	 3.977037 
1.300000 	 2.787849 	 3.977037 
1.305000 	 2.787849 	 3.977037 
1.310000 	 2.777665 	 3.930671 
1.315000 	 2.787849 	 3.977037 
1.320000 	 2.787849 	 3.977037 
1.325000 	 2.787849 	 3.977037 
1.330000 	 2.787849 	 3.977037 
1.335000 	 2.787849 	 3.977037 
1.340000 	 2.777665 	 3.930671 
1.345000 	 2.787849 	 3.977037 
1.350000 	 2.787849 	 3.977037 
1.355000 	 2.787849 	 3.977037 
1.360000 	 2.787849 	 3.977037 
1.365000 	 2.787849 	 3.977037 
1.370000 	 2.787849 	 3.977037 
1.375000 	 2.787849 	 3.977037 
1.380000 	 2.787849 	 3.977037 
1.385000 	 2.787849 	 3.977037 
1.390000 	 2.787849 	 3.977037 
1.395000 	 2.787849 	 3.977037 
1.400000 	 2.787849 	 3.977037 
1.405000 	 2.787849 	 3.977037 
1.410000 	 2.787849 	 3.977037 
1.415000 	 2.787849 	 3.977037 
1.420000 	 2.787849 	 3.977037 
1.425000 	 2.787849 	 3.977037 
1.430000 	 2.787849 	 3.977037 
1.435000 	 2.787849 	 3.977037 
1.440000 	 2.787849 	 3.977037 
1.445000 	 2.787849 	 3.977037 
1.450000 	 2.787849 	 3.977037 
1.455000 	 2.787849 	 3.977037 
1.460000 	 2.787849 	 3.977037 
1.465000 	 2.787849 	 3.977037 
1.470000 	 2.787849 	 3.977037 
1.475000 	 2.787849 	 3.977037 
1.480000 	 2.787849 	 3.977037 
1.485000 	 2.787849 	 3.977037 
1.490000 	 2.787849 	 3.977037 
1.495000 	 2.787849 	 3.977037 
1.500000 	 2.787849 	 3.977037 
1.505000 	 2.787849 	 3.977037 
1.510000 	 2.787849 	 3.977037 
1.515000 	 2.777665 	 3.930671 
1.520000 	 2.787849 	 3.977037 
1.525000 	 2.787849 	 3.977037 
1.530000 	 2.787849 	 3.977037 
1.535000 	 2.787849 	 3.977037 
1.540000 	 2.787849 	 3.977037 
1.545000 	 2.787849 	 3.977037 
1.550000 	 2.787849 	 3.977037 
1.555000 	 2.787849 	 3.977037 
1.560000 	 2.787849 	 3.977037 
1.565000 	 2.787849 	 3.977037 
1.570000 	 2.787849 	 3.977037 
1.575000 	 2.787849 	 3.977037 
1.580000 	 2.787849 	 3.977037 
1.585000 	 2.787849 	 3.977037 
1.590000 	 2.787849 	 3.977037 
1.595000 	 2.787849 	 3.977037 
1.600000 	 2.787849 	 3.977037 
1.605000 	 2.787849 	 3.977037 
1.610000 	 2.787849 	 3.977037 
1.615000 	 2.787849 	 3.977037 
1.620000 	 2.787849 	 3.977037 
1.625000 	 2.787849 	 3.977037 
1.630000 	 2.787849 	 3.977037 
1.635000 	 2.787849 	 3.977037 
1.640000 	 2.787849 	 3.977037 
1.645000 	 2.787849 	 3.977037 
1.650000 	 2.787849 	 3.977037 
1.655000 	 2.787849 	 3.977037 
1.660000 	 2.787849 	 3.977037 
1.665000 	 2.787849 	 3.977037 
1.670000 	 2.787849 	 3.977037 
1.675000 	 2.787849 	 3.977037 
1.680000 	 2.787849 	 3.977037 
1.685000 	 2.787849 	 3.977037 
1.690000 	 2.787849 	 3.977037 
1.695000 	 2.777665 	 3.930671 
1.700000 	 2.787849 	 3.977037 
1.705000 	 2.787849 	 3.977037 
1.710000 	 2.787849 	 3.977037 
1.715000 	 2.787849 	 3.977037 
1.720000 	 2.787849 	 3.977037 
1.725000 	 2.787849 	 3.977037 
1.730000 	 2.777665 	 3.930671 
1.735000 	 2.787849 	 3.977037 
1.740000 	 2.787849 	 3.977037 
1.745000 	 2.787849 	 3.977037 
1.750000 	 2.787849 	 3.977037 
1.755000 	 2.787849 	 3.977037 
1.760000 	 2.787849 	 3.977037 
1.765000 	 2.787849 	 3.977037 
1.770000 	 2.787849 	 3.977037 
1.775000 	 2.787849 	 3.977037 
1.780000 	 2.787849 	 3.977037 
1.785000 	 2.787849 	 3.977037 
1.790000 	 2.787849 	 3.977037 
1.795000 	 2.777665 	 3.930671 
1.800000 	 2.798034 	 4.022866 
1.805000 	 2.787849 	 3.977037 
1.810000 	 2.787849 	 3.977037 
1.815000 	 2.787849 	 3.977037 
1.820000 	 2.787849 	 3.977037 
1.825000 	 2.777665 	 3.930671 
1.830000 	 2.787849 	 3.977037 
1.835000 	 2.787849 	 3.977037 
1.840000 	 2.787849 	 3.977037 
1.845000 	 2.787849 	 3.977037 
1.850000 	 2.787849 	 3.977037 
1.855000 	 2.787849 	 3.977037 
1.860000 	 2.777665 	 3.930671 
1.865000 	 2.787849 	 3.977037 
1.870000 	 2.787849 	 3.977037 
1.875000 	 2.787849 	 3.977037 
1.880000 	 2.787849 	 3.977037 
1.885000 	 2.787849 	 3.977037 
1.890000 	 2.787849 	 3.977037 
1.895000 	 2.787849 	 3.977037 
1.900000 	 2.787849 	 3.977037 
1.905000 	 2.787849 	 3.977037 
1.910000 	 2.787849 	 3.977037 
1.915000 	 2.787849 	 3.977037 
1.920000 	 2.787849 	 3.977037 
1.925000 	 2.787849 	 3.977037 
1.930000 	 2.787849 	 3.977037 
1.935000 	 2.787849 	 3.977037 
1.940000 	 2.787849 	 3.977037 
1.945000 	 2.777665 	 3.930671 
1.950000 	 2.787849 	 3.977037 
1.955000 	 2.777665 	 3.930671 
1.960000 	 2.787849 	 3.977037 
1.965000 	 2.787849 	 3.977037 
1.970000 	 2.787849 	 3.977037 
1.975000 	 2.787849 	 3.977037 
1.980000 	 2.787849 	 3.977037 
1.985000 	 2.787849 	 3.977037 
1.990000 	 2.787849 	 3.977037 
1.995000 	 2.787849 	 3.977037 
2.000000 	 2.787849 	 3.977037 
2.005000 	 2.787849 	 3.977037 
2.010000 	 2.787849 	 3.977037 
2.015000 	 2.787849 	 3.977037 
2.020000 	 2.787849 	 3.977037 
2.025000 	 2.787849 	 3.977037 
2.030000 	 2.787849 	 3.977037 
2.035000 	 2.777665 	 3.930671 
2.040000 	 2.787849 	 3.977037 
2.045000 	 2.787849 	 3.977037 
2.050000 	 2.787849 	 3.977037 
2.055000 	 2.787849 	 3.977037 
2.060000 	 2.787849 	 3.977037 
2.065000 	 2.777665 	 3.930671 
2.070000 	 2.787849 	 3.977037 
2.075000 	 2.787849 	 3.977037 
2.080000 	 2.787849 	 3.977037 
2.085000 	 2.787849 	 3.977037 
2.090000 	 2.787849 	 3.977037 
2.095000 	 2.787849 	 3.977037 
2.100000 	 2.787849 	 3.977037 
2.105000 	 2.798034 	 4.022866 
2.110000 	 2.787849 	 3.977037 
2.115000 	 2.777665 	 3.930671 
2.120000 	 2.787849 	 3.977037 
2.125000 	 2.787849 	 3.977037 
2.130000 	 2.787849 	 3.977037 
2.135000 	 2.787849 	 3.977037 
2.140000 	 2.787849 	 3.977037 
2.145000 	 2.787849 	 3.977037 
2.150000 	 2.787849 	 3.977037 
2.155000 	 2.787849 	 3.977037 
2.160000 	 2.787849 	 3.977037 
2.165000 	 2.787849 	 3.977037 
2.170000 	 2.787849 	 3.977037 
2.175000 	 2.787849 	 3.977037 
2.180000 	 2.787849 	 3.977037 
2.185000 	 2.787849 	 3.977037 
2.190000 	 2.787849 	 3.977037 
2.195000 	 2.787849 	 3.977037 
2.200000 	 2.777665 	 3.930671 
2.205000 	 2.787849 	 3.977037 
2.210000 	 2.787849 	 3.977037 
2.215000 	 2.787849 	 3.977037 
2.220000 	 2.787849 	 3.977037 
2.225000 	 2.787849 	 3.977037 
2.230000 	 2.787849 	 3.977037 
2.235000 	 2.787849 	 3.977037 
2.240000 	 2.787849 	 3.977037 
2.245000 	 2.787849 	 3.977037 
2.250000 	 2.787849 	 3.977037 
2.255000 	 2.787849 	 3.977037 
2.260000 	 2.787849 	 3.977037 
2.265000 	 2.777665 	 3.930671 
2.270000 	 2.787849 	 3.977037 
2.275000 	 2.787849 	 3.977037 
2.280000 	 2.787849 	 3.977037 
2.285000 	 2.787849 	 3.977037 
2.290000 	 2.787849 	 3.977037 
2.295000 	 2.787849 	 3.977037 
2.300000 	 2.787849 	 3.977037 
2.305000 	 2.787849 	 3.977037 
2.310000 	 2.787849 	 3.977037 
2.315000 	 2.787849 	 3.977037 
2.320000 	 2.787849 	 3.977037 
2.325000 	 2.787849 	 3.977037 
2.330000 	 2.787849 	 3.977037 
2.335000 	 2.787849 	 3.977037 
2.340000 	 2.787849 	 3.977037 
2.345000 	 2.787849 	 3.977037 
2.350000 	 2.787849 	 3.977037 
2.355000 	 2.787849 	 3.977037 
2.360000 	 2.787849 	 3.977037 
2.365000 	 2.787849 	 3.977037 
2.370000 	 2.787849 	 3.977037 
2.375000 	 2.787849 	 3.977037 
2.380000 	 2.787849 	 3.977037 
2.385000 	 2.787849 	 3.977037 
2.390000 	 2.787849 	 3.977037 
2.395000 	 2.787849 	 3.977037 
2.400000 	 2.787849 	 3.977037 
2.405000 	 2.787849 	 3.977037 
2.410000 	 2.787849 	 3.977037 
2.415000 	 2.787849 	 3.977037 
2.420000 	 2.787849 	 3.977037 
2.425000 	 2.787849 	 3.977037 
2.430000 	 2.787849 	 3.977037 
2.435000 	 2.787849 	 3.977037 
2.440000 	 2.787849 	 3.977037 
2.445000 	 2.777665 	 3.930671 
2.450000 	 2.787849 	 3.977037 
2.455000 	 2.787849 	 3.977037 
2.460000 	 2.787849 	 3.977037 
2.465000 	 2.787849 	 3.977037 
2.470000 	 2.787849 	 3.977037 
2.475000 	 2.787849 	 3.977037 
2.480000 	 2.787849 	 3.977037 
2.485000 	 2.787849 	 3.977037 
2.490000 	 2.787849 	 3.977037 
2.495000 	 2.787849 	 3.977037 
2.500000 	 2.787849 	 3.977037 
2.505000 	 2.787849 	 3.977037 
2.510000 	 2.787849 	 3.977037 
2.515000 	 2.787849 	 3.977037 
2.520000 	 2.787849 	 3.977037 
2.525000 	 2.777665 	 3.930671 
2.530000 	 2.787849 	 3.977037 
2.535000 	 2.787849 	 3.977037 
2.540000 	 2.787849 	 3.977037 
2.545000 	 2.787849 	 3.977037 
2.550000 	 2.787849 	 3.977037 
2.555000 	 2.798034 	 4.022866 
2.560000 	 2.787849 	 3.977037 
2.565000 	 2.787849 	 3.977037 
2.570000 	 2.777665 	 3.930671 
2.575000 	 2.787849 	 3.977037 
2.580000 	 2.787849 	 3.977037 
2.585000 	 2.787849 	 3.977037 
2.590000 	 2.787849 	 3.977037 
2.595000 	 2.787849 	 3.977037 
2.600000 	 2.787849 	 3.977037 
2.605000 	 2.787849 	 3.977037 
2.610000 	 2.787849 	 3.977037 
2.615000 	 2.787849 	 3.977037 
2.620000 	 2.787849 	 3.977037 
2.625000 	 2.787849 	 3.977037 
2.630000 	 2.787849 	 3.977037 
2.635000 	 2.787849 	 3.977037 
2.640000 	 2.787849 	 3.977037 
2.645000 	 2.787849 	 3.977037 
2.650000 	 2.787849 	 3.977037 
2.655000 	 2.787849 	 3.977037 
2.660000 	 2.787849 	 3.977037 
2.665000 	 2.787849 	 3.977037 
2.670000 	 2.787849 	 3.977037 
2.675000 	 2.787849 	 3.977037 
2.680000 	 2.787849 	 3.977037 
2.685000 	 2.787849 	 3.977037 
2.690000 	 2.787849 	 3.977037 
2.695000 	 2.787849 	 3.977037 
2.700000 	 2.787849 	 3.977037 
2.705000 	 2.787849 	 3.977037 
2.710000 	 2.787849 	 3.977037 
2.715000 	 2.787849 	 3.977037 
2.720000 	 2.787849 	 3.977037 
2.725000 	 2.787849 	 3.977037 
2.730000 	 2.787849 	 3.977037 
2.735000 	 2.787849 	 3.977037 
2.740000 	 2.787849 	 3.977037 
2.745000 	 2.787849 	 3.977037 
2.750000 	 2.787849 	 3.977037 
2.755000 	 2.787849 	 3.977037 
2.760000 	 2.787849 	 3.977037 
2.765000 	 2.787849 	 3.977037 
2.770000 	 2.787849 	 3.977037 
2.775000 	 2.787849 	 3.977037 
2.780000 	 2.787849 	 3.977037 
2.785000 	 2.787849 	 3.977037 
2.790000 	 2.787849 	 3.977037 
2.795000 	 2.787849 	 3.977037 
2.800000 	 2.787849 	 3.977037 
2.805000 	 2.787849 	 3.977037 
2.810000 	 2.787849 	 3.977037 
2.815000 	 2.787849 	 3.977037 
2.820000 	 2.777665 	 3.930671 
2.825000 	 2.787849 	 3.977037 
2.830000 	 2.787849 	 3.977037 
2.835000 	 2.787849 	 3.977037 
2.840000 	 2.787849 	 3.977037 
2.845000 	 2.787849 	 3.977037 
2.850000 	 2.787849 	 3.977037 
2.855000 	 2.787849 	 3.977037 
2.860000 	 2.787849 	 3.977037 
2.865000 	 2.787849 	 3.977037 
2.870000 	 2.787849 	 3.977037 
2.875000 	 2.787849 	 3.977037 
2.880000 	 2.787849 	 3.977037 
2.885000 	 2.787849 	 3.977037 
2.890000 	 2.787849 	 3.977037 
2.895000 	 2.787849 	 3.977037 
2.900000 	 2.787849 	 3.977037 
2.905000 	 2.787849 	 3.977037 
2.910000 	 2.787849 	 3.977037 
2.915000 	 2.787849 	 3.977037 
2.920000 	 2.787849 	 3.977037 
2.925000 	 2.787849 	 3.977037 
2.930000 	 2.787849 	 3.977037 
2.935000 	 2.777665 	 3.930671 
2.940000 	 2.787849 	 3.977037 
2.945000 	 2.787849 	 3.977037 
2.950000 	 2.787849 	 3.977037 
2.955000 	 2.787849 	 3.977037 
2.960000 	 2.787849 	 3.977037 
2.965000 	 2.787849 	 3.977037 
2.970000 	 2.787849 	 3.977037 
2.975000 	 2.787849 	 3.977037 
2.980000 	 2.787849 	 3.977037 
2.985000 	 2.787849 	 3.977037 
2.990000 	 2.787849 	 3.977037 
2.995000 	 2.787849 	 3.977037 
3.000000 	 2.787849 	 3.977037 
3.005000 	 2.787849 	 3.977037 
3.010000 	 2.787849 	 3.977037 
3.015000 	 2.787849 	 3.977037 
3.020000 	 2.787849 	 3.977037 
3.025000 	 2.787849 	 3.977037 
3.030000 	 2.787849 	 3.977037 
3.035000 	 2.787849 	 3.977037 
3.040000 	 2.787849 	 3.977037 
3.045000 	 2.787849 	 3.977037 
3.050000 	 2.787849 	 3.977037 
3.055000 	 2.787849 	 3.977037 
3.060000 	 2.787849 	 3.977037 
3.065000 	 2.787849 	 3.977037 
3.070000 	 2.787849 	 3.977037 
3.075000 	 2.787849 	 3.977037 
3.080000 	 2.787849 	 3.977037 
3.085000 	 2.787849 	 3.977037 
3.090000 	 2.787849 	 3.977037 
3.095000 	 2.787849 	 3.977037 
3.100000 	 2.787849 	 3.977037 
3.105000 	 2.787849 	 3.977037 
3.110000 	 2.787849 	 3.977037 
3.115000 	 2.787849 	 3.977037 
3.120000 	 2.787849 	 3.977037 
3.125000 	 2.787849 	 3.977037 
3.130000 	 2.787849 	 3.977037 
3.135000 	 2.787849 	 3.977037 
3.140000 	 2.777665 	 3.930671 
3.145000 	 2.777665 	 3.930671 
3.150000 	 2.787849 	 3.977037 
3.155000 	 2.787849 	 3.977037 
3.160000 	 2.787849 	 3.977037 
3.165000 	 2.787849 	 3.977037 
3.170000 	 2.787849 	 3.977037 
3.175000 	 2.787849 	 3.977037 
3.180000 	 2.787849 	 3.977037 
3.185000 	 2.787849 	 3.977037 
3.190000 	 2.787849 	 3.977037 
3.195000 	 2.787849 	 3.977037 
3.200000 	 2.787849 	 3.977037 
3.205000 	 2.787849 	 3.977037 
3.210000 	 2.787849 	 3.977037 
3.215000 	 2.787849 	 3.977037 
3.220000 	 2.787849 	 3.977037 
3.225000 	 2.787849 	 3.977037 
3.230000 	 2.787849 	 3.977037 
3.235000 	 2.787849 	 3.977037 
3.240000 	 2.787849 	 3.977037 
3.245000 	 2.787849 	 3.977037 
3.250000 	 2.787849 	 3.977037 
3.255000 	 2.787849 	 3.977037 
3.260000 	 2.787849 	 3.977037 
3.265000 	 2.787849 	 3.977037 
3.270000 	 2.787849 	 3.977037 
3.275000 	 2.787849 	 3.977037 
3.280000 	 2.787849 	 3.977037 
3.285000 	 2.787849 	 3.977037 
3.290000 	 2.787849 	 3.977037 
3.295000 	 2.787849 	 3.977037 
3.300000 	 2.787849 	 3.977037 
3.305000 	 2.787849 	 3.977037 
3.310000 	 2.787849 	 3.977037 
3.315000 	 2.787849 	 3.977037 
3.320000 	 2.787849 	 3.977037 
3.325000 	 2.787849 	 3.977037 
3.330000 	 2.787849 	 3.977037 
3.335000 	 2.787849 	 3.977037 
3.340000 	 2.787849 	 3.977037 
3.345000 	 2.787849 	 3.977037 
3.350000 	 2.787849 	 3.977037 
3.355000 	 2.787849 	 3.977037 
3.360000 	 2.787849 	 3.977037 
3.365000 	 2.787849 	 3.977037 
3.370000 	 2.777665 	 3.930671 
3.375000 	 2.787849 	 3.977037 
3.380000 	 2.787849 	 3.977037 
3.385000 	 2.777665 	 3.930671 
3.390000 	 2.787849 	 3.977037 
3.395000 	 2.787849 	 3.977037 
3.400000 	 2.787849 	 3.977037 
3.405000 	 2.787849 	 3.977037 
3.410000 	 2.787849 	 3.977037 
3.415000 	 2.787849 	 3.977037 
3.420000 	 2.787849 	 3.977037 
3.425000 	 2.787849 	 3.977037 
3.430000 	 2.787849 	 3.977037 
3.435000 	 2.787849 	 3.977037 
3.440000 	 2.787849 	 3.977037 
3.445000 	 2.787849 	 3.977037 
3.450000 	 2.787849 	 3.977037 
3.455000 	 2.787849 	 3.977037 
3.460000 	 2.787849 	 3.977037 
3.465000 	 2.787849 	 3.977037 
3.470000 	 2.787849 	 3.977037 
3.475000 	 2.787849 	 3.977037 
3.480000 	 2.787849 	 3.977037 
3.485000 	 2.777665 	 3.930671 
3.490000 	 2.787849 	 3.977037 
3.495000 	 2.777665 	 3.930671 
3.500000 	 2.787849 	 3.977037 
3.505000 	 2.787849 	 3.977037 
3.510000 	 2.787849 	 3.977037 
3.515000 	 2.787849 	 3.977037 
3.520000 	 2.787849 	 3.977037 
3.525000 	 2.787849 	 3.977037 
3.530000 	 2.777665 	 3.930671 
3.535000 	 2.787849 	 3.977037 
3.540000 	 2.787849 	 3.977037 
3.545000 	 2.787849 	 3.977037 
3.550000 	 2.787849 	 3.977037 
3.555000 	 2.787849 	 3.977037 
3.560000 	 2.787849 	 3.977037 
3.565000 	 2.787849 	 3.977037 
3.570000 	 2.787849 	 3.977037 
3.575000 	 2.787849 	 3.977037 
3.580000 	 2.787849 	 3.977037 
3.585000 	 2.787849 	 3.977037 
3.590000 	 2.787849 	 3.977037 
3.595000 	 2.787849 	 3.977037 
3.600000 	 2.777665 	 3.930671 
3.605000 	 2.787849 	 3.977037 
3.610000 	 2.787849 	 3.977037 
3.615000 	 2.787849 	 3.977037 
3.620000 	 2.787849 	 3.977037 
3.625000 	 2.787849 	 3.977037 
3.630000 	 2.787849 	 3.977037 
3.635000 	 2.787849 	 3.977037 
3.640000 	 2.787849 	 3.977037 
3.645000 	 2.787849 	 3.977037 
3.650000 	 2.787849 	 3.977037 
3.655000 	 2.787849 	 3.977037 
3.660000 	 2.787849 	 3.977037 
3.665000 	 2.787849 	 3.977037 
3.670000 	 2.787849 	 3.977037 
3.675000 	 2.787849 	 3.977037 
3.680000 	 2.787849 	 3.977037 
3.685000 	 2.787849 	 3.977037 
3.690000 	 2.787849 	 3.977037 
3.695000 	 2.787849 	 3.977037 
3.700000 	 2.787849 	 3.977037 
3.705000 	 2.787849 	 3.977037 
3.710000 	 2.787849 	 3.977037 
3.715000 	 2.787849 	 3.977037 
3.720000 	 2.787849 	 3.977037 
3.725000 	 2.787849 	 3.977037 
3.730000 	 2.777665 	 3.930671 
3.735000 	 2.787849 	 3.977037 
3.740000 	 2.787849 	 3.977037 
3.745000 	 2.787849 	 3.977037 
3.750000 	 2.787849 	 3.977037 
3.755000 	 2.787849 	 3.977037 
3.760000 	 2.787849 	 3.977037 
3.765000 	 2.787849 	 3.977037 
3.770000 	 2.787849 	 3.977037 
3.775000 	 2.787849 	 3.977037 
3.780000 	 2.787849 	 3.977037 
3.785000 	 2.787849 	 3.977037 
3.790000 	 2.787849 	 3.977037 
3.795000 	 2.787849 	 3.977037 
3.800000 	 2.777665 	 3.930671 
3.805000 	 2.787849 	 3.977037 
3.810000 	 2.787849 	 3.977037 
3.815000 	 2.787849 	 3.977037 
3.820000 	 2.787849 	 3.977037 
3.825000 	 2.787849 	 3.977037 
3.830000 	 2.787849 	 3.977037 
3.835000 	 2.787849 	 3.977037 
3.840000 	 2.787849 	 3.977037 
3.845000 	 2.787849 	 3.977037 
3.850000 	 2.787849 	 3.977037 
3.855000 	 2.787849 	 3.977037 
3.860000 	 2.787849 	 3.977037 
3.865000 	 2.787849 	 3.977037 
3.870000 	 2.787849 	 3.977037 
3.875000 	 2.787849 	 3.977037 
3.880000 	 2.787849 	 3.977037 
3.885000 	 2.787849 	 3.977037 
3.890000 	 2.787849 	 3.977037 
3.895000 	 2.787849 	 3.977037 
3.900000 	 2.787849 	 3.977037 
3.905000 	 2.787849 	 3.977037 
3.910000 	 2.787849 	 3.977037 
3.915000 	 2.787849 	 3.977037 
3.920000 	 2.787849 	 3.977037 
3.925000 	 2.787849 	 3.977037 
3.930000 	 2.787849 	 3.977037 
3.935000 	 2.787849 	 3.977037 
3.940000 	 2.787849 	 3.977037 
3.945000 	 2.787849 	 3.977037 
3.950000 	 2.787849 	 3.977037 
3.955000 	 2.787849 	 3.977037 
3.960000 	 2.787849 	 3.977037 
3.965000 	 2.787849 	 3.977037 
3.970000 	 2.787849 	 3.977037 
3.975000 	 2.787849 	 3.977037 
3.980000 	 2.787849 	 3.977037 
3.985000 	 2.787849 	 3.977037 
3.990000 	 2.787849 	 3.977037 
3.995000 	 2.787849 	 3.977037 
4.000000 	 2.787849 	 3.977037 
4.005000 	 2.787849 	 3.977037 
4.010000 	 2.787849 	 3.977037 
4.015000 	 2.787849 	 3.977037 
4.020000 	 2.787849 	 3.977037 
4.025000 	 2.787849 	 3.977037 
4.030000 	 2.787849 	 3.977037 
4.035000 	 2.787849 	 3.977037 
4.040000 	 2.787849 	 3.977037 
4.045000 	 2.787849 	 3.977037 
4.050000 	 2.777665 	 3.930671 
4.055000 	 2.787849 	 3.977037 
4.060000 	 2.787849 	 3.977037 
4.065000 	 2.787849 	 3.977037 
4.070000 	 2.787849 	 3.977037 
4.075000 	 2.787849 	 3.977037 
4.080000 	 2.777665 	 3.930671 
4.085000 	 2.777665 	 3.930671 
4.090000 	 2.787849 	 3.977037 
4.095000 	 2.787849 	 3.977037 
4.100000 	 2.787849 	 3.977037 
4.105000 	 2.787849 	 3.977037 
4.110000 	 2.787849 	 3.977037 
4.115000 	 2.787849 	 3.977037 
4.120000 	 2.787849 	 3.977037 
4.125000 	 2.787849 	 3.977037 
4.130000 	 2.787849 	 3.977037 
4.135000 	 2.787849 	 3.977037 
4.140000 	 2.787849 	 3.977037 
4.145000 	 2.787849 	 3.977037 
4.150000 	 2.787849 	 3.977037 
4.155000 	 2.787849 	 3.977037 
4.160000 	 2.787849 	 3.977037 
4.165000 	 2.787849 	 3.977037 
4.170000 	 2.787849 	 3.977037 
4.175000 	 2.787849 	 3.977037 
4.180000 	 2.777665 	 3.930671 
4.185000 	 2.787849 	 3.977037 
4.190000 	 2.787849 	 3.977037 
4.195000 	 2.787849 	 3.977037 
4.200000 	 2.787849 	 3.977037 
4.205000 	 2.787849 	 3.977037 
4.210000 	 2.787849 	 3.977037 
4.215000 	 2.787849 	 3.977037 
4.220000 	 2.787849 	 3.977037 
4.225000 	 2.787849 	 3.977037 
4.230000 	 2.787849 	 3.977037 
4.235000 	 2.787849 	 3.977037 
4.240000 	 2.787849 	 3.977037 
4.245000 	 2.787849 	 3.977037 
4.250000 	 2.787849 	 3.977037 
4.255000 	 2.787849 	 3.977037 
4.260000 	 2.787849 	 3.977037 
4.265000 	 2.787849 	 3.977037 
4.270000 	 2.787849 	 3.977037 
4.275000 	 2.787849 	 3.977037 
4.280000 	 2.787849 	 3.977037 
4.285000 	 2.787849 	 3.977037 
4.290000 	 2.787849 	 3.977037 
4.295000 	 2.787849 	 3.977037 
4.300000 	 2.787849 	 3.977037 
4.305000 	 2.787849 	 3.977037 
4.310000 	 2.787849 	 3.977037 
4.315000 	 2.787849 	 3.977037 
4.320000 	 2.787849 	 3.977037 
4.325000 	 2.787849 	 3.977037 
4.330000 	 2.787849 	 3.977037 
4.335000 	 2.787849 	 3.977037 
4.340000 	 2.787849 	 3.977037 
4.345000 	 2.787849 	 3.977037 
4.350000 	 2.777665 	 3.930671 
4.355000 	 2.787849 	 3.977037 
4.360000 	 2.787849 	 3.977037 
4.365000 	 2.787849 	 3.977037 
4.370000 	 2.787849 	 3.977037 
4.375000 	 2.787849 	 3.977037 
4.380000 	 2.787849 	 3.977037 
4.385000 	 2.777665 	 3.930671 
4.390000 	 2.787849 	 3.977037 
4.395000 	 2.787849 	 3.977037 
4.400000 	 2.777665 	 3.930671 
4.405000 	 2.787849 	 3.977037 
4.410000 	 2.787849 	 3.977037 
4.415000 	 2.787849 	 3.977037 
4.420000 	 2.787849 	 3.977037 
4.425000 	 2.787849 	 3.977037 
4.430000 	 2.787849 	 3.977037 
4.435000 	 2.787849 	 3.977037 
4.440000 	 2.787849 	 3.977037 
4.445000 	 2.787849 	 3.977037 
4.450000 	 2.787849 	 3.977037 
4.455000 	 2.787849 	 3.977037 
4.460000 	 2.787849 	 3.977037 
4.465000 	 2.777665 	 3.930671 
4.470000 	 2.777665 	 3.930671 
4.475000 	 2.787849 	 3.977037 
4.480000 	 2.787849 	 3.977037 
4.485000 	 2.787849 	 3.977037 
4.490000 	 2.787849 	 3.977037 
4.495000 	 2.777665 	 3.930671 
4.500000 	 2.787849 	 3.977037 
4.505000 	 2.787849 	 3.977037 
4.510000 	 2.787849 	 3.977037 
4.515000 	 2.787849 	 3.977037 
4.520000 	 2.787849 	 3.977037 
4.525000 	 2.787849 	 3.977037 
4.530000 	 2.787849 	 3.977037 
4.535000 	 2.787849 	 3.977037 
4.540000 	 2.787849 	 3.977037 
4.545000 	 2.787849 	 3.977037 
4.550000 	 2.787849 	 3.977037 
4.555000 	 2.787849 	 3.977037 
4.560000 	 2.787849 	 3.977037 
4.565000 	 2.787849 	 3.977037 
4.570000 	 2.787849 	 3.977037 
4.575000 	 2.787849 	 3.977037 
4.580000 	 2.787849 	 3.977037 
4.585000 	 2.787849 	 3.977037 
4.590000 	 2.787849 	 3.977037 
4.595000 	 2.787849 	 3.977037 
4.600000 	 2.787849 	 3.977037 
4.605000 	 2.787849 	 3.977037 
4.610000 	 2.787849 	 3.977037 
4.615000 	 2.787849 	 3.977037 
4.620000 	 2.777665 	 3.930671 
4.625000 	 2.787849 	 3.977037 
4.630000 	 2.787849 	 3.977037 
4.635000 	 2.787849 	 3.977037 
4.640000 	 2.787849 	 3.977037 
4.645000 	 2.787849 	 3.977037 
4.650000 	 2.798034 	 4.022866 
4.655000 	 2.787849 	 3.977037 
4.660000 	 2.787849 	 3.977037 
4.665000 	 2.787849 	 3.977037 
4.670000 	 2.787849 	 3.977037 
4.675000 	 2.787849 	 3.977037 
4.680000 	 2.787849 	 3.977037 
4.685000 	 2.787849 	 3.977037 
4.690000 	 2.787849 	 3.977037 
4.695000 	 2.787849 	 3.977037 
4.700000 	 2.787849 	 3.977037 
4.705000 	 2.787849 	 3.977037 
4.710000 	 2.787849 	 3.977037 
4.715000 	 2.787849 	 3.977037 
4.720000 	 2.787849 	 3.977037 
4.725000 	 2.787849 	 3.977037 
4.730000 	 2.787849 	 3.977037 
4.735000 	 2.787849 	 3.977037 
4.740000 	 2.787849 	 3.977037 
4.745000 	 2.787849 	 3.977037 
4.750000 	 2.787849 	 3.977037 
4.755000 	 2.787849 	 3.977037 
4.760000 	 2.787849 	 3.977037 
4.765000 	 2.787849 	 3.977037 
4.770000 	 2.787849 	 3.977037 
4.775000 	 2.777665 	 3.930671 
4.780000 	 2.787849 	 3.977037 
4.785000 	 2.787849 	 3.977037 
4.790000 	 2.787849 	 3.977037 
4.795000 	 2.787849 	 3.977037 
4.800000 	 2.787849 	 3.977037 
4.805000 	 2.787849 	 3.977037 
4.810000 	 2.787849 	 3.977037 
4.815000 	 2.787849 	 3.977037 
4.820000 	 2.787849 	 3.977037 
4.825000 	 2.787849 	 3.977037 
4.830000 	 2.787849 	 3.977037 
4.835000 	 2.787849 	 3.977037 
4.840000 	 2.787849 	 3.977037 
4.845000 	 2.787849 	 3.977037 
4.850000 	 2.787849 	 3.977037 
4.855000 	 2.787849 	 3.977037 
4.860000 	 2.787849 	 3.977037 
4.865000 	 2.787849 	 3.977037 
4.870000 	 2.787849 	 3.977037 
4.875000 	 2.787849 	 3.977037 
4.880000 	 2.787849 	 3.977037 
4.885000 	 2.787849 	 3.977037 
4.890000 	 2.787849 	 3.977037 
4.895000 	 2.787849 	 3.977037 
4.900000 	 2.787849 	 3.977037 
4.905000 	 2.787849 	 3.977037 
4.910000 	 2.787849 	 3.977037 
4.915000 	 2.787849 	 3.977037 
4.920000 	 2.787849 	 3.977037 
4.925000 	 2.787849 	 3.977037 
4.930000 	 2.787849 	 3.977037 
4.935000 	 2.787849 	 3.977037 
4.940000 	 2.787849 	 3.977037 
4.945000 	 2.787849 	 3.977037 
4.950000 	 2.787849 	 3.977037 
4.955000 	 2.787849 	 3.977037 
4.960000 	 2.787849 	 3.977037 
4.965000 	 2.787849 	 3.977037 
4.970000 	 2.787849 	 3.977037 
4.975000 	 2.787849 	 3.977037 
4.980000 	 2.787849 	 3.977037 
4.985000 	 2.787849 	 3.977037 
4.990000 	 2.787849 	 3.977037 
4.995000 	 2.787849 	 3.977037 
5.000000 	 2.787849 	 3.977037 
5.005000 	 2.787849 	 3.977037 
5.010000 	 2.787849 	 3.977037 
5.015000 	 2.787849 	 3.977037 
5.020000 	 2.787849 	 3.977037 
5.025000 	 2.787849 	 3.977037 
5.030000 	 2.787849 	 3.977037 
5.035000 	 2.787849 	 3.977037 
5.040000 	 2.787849 	 3.977037 
5.045000 	 2.787849 	 3.977037 
5.050000 	 2.787849 	 3.977037 
5.055000 	 2.787849 	 3.977037 
5.060000 	 2.787849 	 3.977037 
5.065000 	 2.787849 	 3.977037 
5.070000 	 2.787849 	 3.977037 
5.075000 	 2.787849 	 3.977037 
5.080000 	 2.787849 	 3.977037 
5.085000 	 2.787849 	 3.977037 
5.090000 	 2.787849 	 3.977037 
5.095000 	 2.787849 	 3.977037 
5.100000 	 2.787849 	 3.977037 
5.105000 	 2.787849 	 3.977037 
5.110000 	 2.787849 	 3.977037 
5.115000 	 2.787849 	 3.977037 
5.120000 	 2.787849 	 3.977037 
5.125000 	 2.777665 	 3.930671 
5.130000 	 2.787849 	 3.977037 
5.135000 	 2.787849 	 3.977037 
5.140000 	 2.787849 	 3.977037 
5.145000 	 2.787849 	 3.977037 
5.150000 	 2.787849 	 3.977037 
5.155000 	 2.787849 	 3.977037 
5.160000 	 2.787849 	 3.977037 
5.165000 	 2.787849 	 3.977037 
5.170000 	 2.787849 	 3.977037 
5.175000 	 2.787849 	 3.977037 
5.180000 	 2.787849 	 3.977037 
5.185000 	 2.787849 	 3.977037 
5.190000 	 2.787849 	 3.977037 
5.195000 	 2.787849 	 3.977037 
5.200000 	 2.787849 	 3.977037 
5.205000 	 2.787849 	 3.977037 
5.210000 	 2.787849 	 3.977037 
5.215000 	 2.787849 	 3.977037 
5.220000 	 2.787849 	 3.977037 
5.225000 	 2.787849 	 3.977037 
5.230000 	 2.787849 	 3.977037 
5.235000 	 2.787849 	 3.977037 
5.240000 	 2.787849 	 3.977037 
5.245000 	 2.787849 	 3.977037 
5.250000 	 2.787849 	 3.977037 
5.255000 	 2.787849 	 3.977037 
5.260000 	 2.787849 	 3.977037 
5.265000 	 2.787849 	 3.977037 
5.270000 	 2.787849 	 3.977037 
5.275000 	 2.787849 	 3.977037 
5.280000 	 2.787849 	 3.977037 
5.285000 	 2.787849 	 3.977037 
5.290000 	 2.787849 	 3.977037 
5.295000 	 2.787849 	 3.977037 
5.300000 	 2.787849 	 3.977037 
5.305000 	 2.787849 	 3.977037 
5.310000 	 2.787849 	 3.977037 
5.315000 	 2.787849 	 3.977037 
5.320000 	 2.787849 	 3.977037 
5.325000 	 2.787849 	 3.977037 
5.330000 	 2.787849 	 3.977037 
5.335000 	 2.787849 	 3.977037 
5.340000 	 2.787849 	 3.977037 
5.345000 	 2.787849 	 3.977037 
5.350000 	 2.787849 	 3.977037 
5.355000 	 2.787849 	 3.977037 
5.360000 	 2.787849 	 3.977037 
5.365000 	 2.787849 	 3.977037 
5.370000 	 2.787849 	 3.977037 
5.375000 	 2.787849 	 3.977037 
5.380000 	 2.787849 	 3.977037 
5.385000 	 2.787849 	 3.977037 
5.390000 	 2.787849 	 3.977037 
5.395000 	 2.787849 	 3.977037 
5.400000 	 2.787849 	 3.977037 
5.405000 	 2.787849 	 3.977037 
5.410000 	 2.787849 	 3.977037 
5.415000 	 2.787849 	 3.977037 
5.420000 	 2.787849 	 3.977037 
5.425000 	 2.787849 	 3.977037 
5.430000 	 2.787849 	 3.977037 
5.435000 	 2.787849 	 3.977037 
5.440000 	 2.787849 	 3.977037 
5.445000 	 2.787849 	 3.977037 
5.450000 	 2.787849 	 3.977037 
5.455000 	 2.787849 	 3.977037 
5.460000 	 2.777665 	 3.930671 
5.465000 	 2.787849 	 3.977037 
5.470000 	 2.787849 	 3.977037 
5.475000 	 2.787849 	 3.977037 
5.480000 	 2.787849 	 3.977037 
5.485000 	 2.787849 	 3.977037 
5.490000 	 2.787849 	 3.977037 
5.495000 	 2.787849 	 3.977037 
5.500000 	 2.787849 	 3.977037 
5.505000 	 2.787849 	 3.977037 
5.510000 	 2.787849 	 3.977037 
5.515000 	 2.787849 	 3.977037 
5.520000 	 2.787849 	 3.977037 
5.525000 	 2.787849 	 3.977037 
5.530000 	 2.787849 	 3.977037 
5.535000 	 2.787849 	 3.977037 
5.540000 	 2.787849 	 3.977037 
5.545000 	 2.787849 	 3.977037 
5.550000 	 2.787849 	 3.977037 
5.555000 	 2.787849 	 3.977037 
5.560000 	 2.787849 	 3.977037 
5.565000 	 2.787849 	 3.977037 
5.570000 	 2.787849 	 3.977037 
5.575000 	 2.787849 	 3.977037 
5.580000 	 2.787849 	 3.977037 
5.585000 	 2.787849 	 3.977037 
5.590000 	 2.787849 	 3.977037 
5.595000 	 2.787849 	 3.977037 
5.600000 	 2.787849 	 3.977037 
5.605000 	 2.787849 	 3.977037 
5.610000 	 2.787849 	 3.977037 
5.615000 	 2.787849 	 3.977037 
5.620000 	 2.787849 	 3.977037 
5.625000 	 2.787849 	 3.977037 
5.630000 	 2.787849 	 3.977037 
5.635000 	 2.787849 	 3.977037 
5.640000 	 2.787849 	 3.977037 
5.645000 	 2.787849 	 3.977037 
5.650000 	 2.787849 	 3.977037 
5.655000 	 2.787849 	 3.977037 
5.660000 	 2.787849 	 3.977037 
5.665000 	 2.787849 	 3.977037 
5.670000 	 2.787849 	 3.977037 
5.675000 	 2.787849 	 3.977037 
5.680000 	 2.787849 	 3.977037 
5.685000 	 2.787849 	 3.977037 
5.690000 	 2.787849 	 3.977037 
5.695000 	 2.787849 	 3.977037 
5.700000 	 2.787849 	 3.977037 
5.705000 	 2.787849 	 3.977037 
5.710000 	 2.787849 	 3.977037 
5.715000 	 2.787849 	 3.977037 
5.720000 	 2.787849 	 3.977037 
5.725000 	 2.787849 	 3.977037 
5.730000 	 2.787849 	 3.977037 
5.735000 	 2.787849 	 3.977037 
5.740000 	 2.787849 	 3.977037 
5.745000 	 2.787849 	 3.977037 
5.750000 	 2.787849 	 3.977037 
5.755000 	 2.787849 	 3.977037 
5.760000 	 2.787849 	 3.977037 
5.765000 	 2.787849 	 3.977037 
5.770000 	 2.787849 	 3.977037 
5.775000 	 2.787849 	 3.977037 
5.780000 	 2.787849 	 3.977037 
5.785000 	 2.787849 	 3.977037 
5.790000 	 2.787849 	 3.977037 
5.795000 	 2.787849 	 3.977037 
5.800000 	 2.787849 	 3.977037 
5.805000 	 2.787849 	 3.977037 
5.810000 	 2.787849 	 3.977037 
5.815000 	 2.787849 	 3.977037 
5.820000 	 2.787849 	 3.977037 
5.825000 	 2.787849 	 3.977037 
5.830000 	 2.787849 	 3.977037 
5.835000 	 2.787849 	 3.977037 
5.840000 	 2.787849 	 3.977037 
5.845000 	 2.777665 	 3.930671 
5.850000 	 2.787849 	 3.977037 
5.855000 	 2.787849 	 3.977037 
5.860000 	 2.787849 	 3.977037 
5.865000 	 2.787849 	 3.977037 
5.870000 	 2.787849 	 3.977037 
5.875000 	 2.787849 	 3.977037 
5.880000 	 2.787849 	 3.977037 
5.885000 	 2.787849 	 3.977037 
5.890000 	 2.787849 	 3.977037 
5.895000 	 2.787849 	 3.977037 
5.900000 	 2.787849 	 3.977037 
5.905000 	 2.787849 	 3.977037 
5.910000 	 2.787849 	 3.977037 
5.915000 	 2.787849 	 3.977037 
5.920000 	 2.787849 	 3.977037 
5.925000 	 2.787849 	 3.977037 
5.930000 	 2.787849 	 3.977037 
5.935000 	 2.787849 	 3.977037 
5.940000 	 2.787849 	 3.977037 
5.945000 	 2.787849 	 3.977037 
5.950000 	 2.787849 	 3.977037 
5.955000 	 2.787849 	 3.977037 
5.960000 	 2.787849 	 3.977037 
5.965000 	 2.787849 	 3.977037 
5.970000 	 2.787849 	 3.977037 
5.975000 	 2.787849 	 3.977037 
5.980000 	 2.787849 	 3.977037 
5.985000 	 2.787849 	 3.977037 
5.990000 	 2.787849 	 3.977037 
5.995000 	 2.787849 	 3.977037 
6.000000 	 2.787849 	 3.977037 
6.005000 	 2.787849 	 3.977037 
6.010000 	 2.787849 	 3.977037 
6.015000 	 2.787849 	 3.977037 
6.020000 	 2.787849 	 3.977037 
6.025000 	 2.787849 	 3.977037 
6.030000 	 2.787849 	 3.977037 
6.035000 	 2.787849 	 3.977037 
6.040000 	 2.787849 	 3.977037 
6.045000 	 2.787849 	 3.977037 
6.050000 	 2.787849 	 3.977037 
6.055000 	 2.787849 	 3.977037 
6.060000 	 2.787849 	 3.977037 
6.065000 	 2.787849 	 3.977037 
6.070000 	 2.787849 	 3.977037 
6.075000 	 2.787849 	 3.977037 
6.080000 	 2.787849 	 3.977037 
6.085000 	 2.787849 	 3.977037 
6.090000 	 2.787849 	 3.977037 
6.095000 	 2.787849 	 3.977037 
6.100000 	 2.787849 	 3.977037 
6.105000 	 2.787849 	 3.977037 
6.110000 	 2.787849 	 3.977037 
6.115000 	 2.787849 	 3.977037 
6.120000 	 2.787849 	 3.977037 
6.125000 	 2.787849 	 3.977037 
6.130000 	 2.787849 	 3.977037 
6.135000 	 2.787849 	 3.977037 
6.140000 	 2.787849 	 3.977037 
6.145000 	 2.787849 	 3.977037 
6.150000 	 2.787849 	 3.977037 
6.155000 	 2.787849 	 3.977037 
6.160000 	 2.787849 	 3.977037 
6.165000 	 2.787849 	 3.977037 
6.170000 	 2.787849 	 3.977037 
6.175000 	 2.787849 	 3.977037 
6.180000 	 2.787849 	 3.977037 
6.185000 	 2.787849 	 3.977037 
6.190000 	 2.787849 	 3.977037 
6.195000 	 2.787849 	 3.977037 
6.200000 	 2.787849 	 3.977037 
6.205000 	 2.787849 	 3.977037 
6.210000 	 2.787849 	 3.977037 
6.215000 	 2.787849 	 3.977037 
6.220000 	 2.787849 	 3.977037 
6.225000 	 2.787849 	 3.977037 
6.230000 	 2.787849 	 3.977037 
6.235000 	 2.787849 	 3.977037 
6.240000 	 2.787849 	 3.977037 
6.245000 	 2.787849 	 3.977037 
6.250000 	 2.787849 	 3.977037 
6.255000 	 2.787849 	 3.977037 
6.260000 	 2.787849 	 3.977037 
6.265000 	 2.787849 	 3.977037 
6.270000 	 2.787849 	 3.977037 
6.275000 	 2.787849 	 3.977037 
6.280000 	 2.787849 	 3.977037 
6.285000 	 2.787849 	 3.977037 
6.290000 	 2.787849 	 3.977037 
6.295000 	 2.787849 	 3.977037 
6.300000 	 2.787849 	 3.977037 
6.305000 	 2.787849 	 3.977037 
6.310000 	 2.787849 	 3.977037 
6.315000 	 2.787849 	 3.977037 
6.320000 	 2.787849 	 3.977037 
6.325000 	 2.787849 	 3.977037 
6.330000 	 2.787849 	 3.977037 
6.335000 	 2.787849 	 3.977037 
6.340000 	 2.787849 	 3.977037 
6.345000 	 2.787849 	 3.977037 
6.350000 	 2.787849 	 3.977037 
6.355000 	 2.787849 	 3.977037 
6.360000 	 2.787849 	 3.977037 
6.365000 	 2.787849 	 3.977037 
6.370000 	 2.787849 	 3.977037 
6.375000 	 2.777665 	 3.930671 
6.380000 	 2.787849 	 3.977037 
6.385000 	 2.787849 	 3.977037 
6.390000 	 2.787849 	 3.977037 
6.395000 	 2.787849 	 3.977037 
6.400000 	 2.787849 	 3.977037 
6.405000 	 2.787849 	 3.977037 
6.410000 	 2.787849 	 3.977037 
6.415000 	 2.787849 	 3.977037 
6.420000 	 2.787849 	 3.977037 
6.425000 	 2.787849 	 3.977037 
6.430000 	 2.787849 	 3.977037 
6.435000 	 2.787849 	 3.977037 
6.440000 	 2.787849 	 3.977037 
6.445000 	 2.787849 	 3.977037 
6.450000 	 2.787849 	 3.977037 
6.455000 	 2.787849 	 3.977037 
6.460000 	 2.787849 	 3.977037 
6.465000 	 2.787849 	 3.977037 
6.470000 	 2.787849 	 3.977037 
6.475000 	 2.787849 	 3.977037 
6.480000 	 2.787849 	 3.977037 
6.485000 	 2.787849 	 3.977037 
6.490000 	 2.777665 	 3.930671 
6.495000 	 2.787849 	 3.977037 
6.500000 	 2.787849 	 3.977037 
6.505000 	 2.787849 	 3.977037 
6.510000 	 2.787849 	 3.977037 
6.515000 	 2.787849 	 3.977037 
6.520000 	 2.787849 	 3.977037 
6.525000 	 2.787849 	 3.977037 
6.530000 	 2.787849 	 3.977037 
6.535000 	 2.787849 	 3.977037 
6.540000 	 2.787849 	 3.977037 
6.545000 	 2.787849 	 3.977037 
6.550000 	 2.787849 	 3.977037 
6.555000 	 2.787849 	 3.977037 
6.560000 	 2.787849 	 3.977037 
6.565000 	 2.787849 	 3.977037 
6.570000 	 2.777665 	 3.930671 
6.575000 	 2.787849 	 3.977037 
6.580000 	 2.787849 	 3.977037 
6.585000 	 2.777665 	 3.930671 
6.590000 	 2.787849 	 3.977037 
6.595000 	 2.787849 	 3.977037 
6.600000 	 2.787849 	 3.977037 
6.605000 	 2.787849 	 3.977037 
6.610000 	 2.787849 	 3.977037 
6.615000 	 2.787849 	 3.977037 
6.620000 	 2.787849 	 3.977037 
6.625000 	 2.787849 	 3.977037 
6.630000 	 2.787849 	 3.977037 
6.635000 	 2.777665 	 3.930671 
6.640000 	 2.787849 	 3.977037 
6.645000 	 2.787849 	 3.977037 
6.650000 	 2.787849 	 3.977037 
6.655000 	 2.787849 	 3.977037 
6.660000 	 2.787849 	 3.977037 
6.665000 	 2.787849 	 3.977037 
6.670000 	 2.787849 	 3.977037 
6.675000 	 2.787849 	 3.977037 
6.680000 	 2.787849 	 3.977037 
6.685000 	 2.787849 	 3.977037 
6.690000 	 2.787849 	 3.977037 
6.695000 	 2.787849 	 3.977037 
6.700000 	 2.787849 	 3.977037 
6.705000 	 2.787849 	 3.977037 
6.710000 	 2.787849 	 3.977037 
6.715000 	 2.787849 	 3.977037 
6.720000 	 2.787849 	 3.977037 
6.725000 	 2.787849 	 3.977037 
6.730000 	 2.787849 	 3.977037 
6.735000 	 2.787849 	 3.977037 
6.740000 	 2.787849 	 3.977037 
6.745000 	 2.787849 	 3.977037 
6.750000 	 2.787849 	 3.977037 
6.755000 	 2.787849 	 3.977037 
6.760000 	 2.787849 	 3.977037 
6.765000 	 2.787849 	 3.977037 
6.770000 	 2.787849 	 3.977037 
6.775000 	 2.787849 	 3.977037 
6.780000 	 2.777665 	 3.930671 
6.785000 	 2.787849 	 3.977037 
6.790000 	 2.787849 	 3.977037 
6.795000 	 2.787849 	 3.977037 
6.800000 	 2.787849 	 3.977037 
6.805000 	 2.787849 	 3.977037 
6.810000 	 2.787849 	 3.977037 
6.815000 	 2.787849 	 3.977037 
6.820000 	 2.787849 	 3.977037 
6.825000 	 2.787849 	 3.977037 
6.830000 	 2.787849 	 3.977037 
6.835000 	 2.777665 	 3.930671 
6.840000 	 2.787849 	 3.977037 
6.845000 	 2.787849 	 3.977037 
6.850000 	 2.787849 	 3.977037 
6.855000 	 2.787849 	 3.977037 
6.860000 	 2.787849 	 3.977037 
6.865000 	 2.787849 	 3.977037 
6.870000 	 2.787849 	 3.977037 
6.875000 	 2.787849 	 3.977037 
6.880000 	 2.787849 	 3.977037 
6.885000 	 2.787849 	 3.977037 
6.890000 	 2.787849 	 3.977037 
6.895000 	 2.787849 	 3.977037 
6.900000 	 2.787849 	 3.977037 
6.905000 	 2.787849 	 3.977037 
6.910000 	 2.787849 	 3.977037 
6.915000 	 2.787849 	 3.977037 
6.920000 	 2.787849 	 3.977037 
6.925000 	 2.787849 	 3.977037 
6.930000 	 2.787849 	 3.977037 
6.935000 	 2.787849 	 3.977037 
6.940000 	 2.787849 	 3.977037 
6.945000 	 2.787849 	 3.977037 
6.950000 	 2.787849 	 3.977037 
6.955000 	 2.787849 	 3.977037 
6.960000 	 2.787849 	 3.977037 
6.965000 	 2.787849 	 3.977037 
6.970000 	 2.787849 	 3.977037 
6.975000 	 2.787849 	 3.977037 
6.980000 	 2.787849 	 3.977037 
6.985000 	 2.787849 	 3.977037 
6.990000 	 2.777665 	 3.930671 
6.995000 	 2.787849 	 3.977037 
7.000000 	 2.787849 	 3.977037 
7.005000 	 2.787849 	 3.977037 
7.010000 	 2.787849 	 3.977037 
7.015000 	 2.787849 	 3.977037 
7.020000 	 2.787849 	 3.977037 
7.025000 	 2.787849 	 3.977037 
7.030000 	 2.787849 	 3.977037 
7.035000 	 2.787849 	 3.977037 
7.040000 	 2.787849 	 3.977037 
7.045000 	 2.787849 	 3.977037 
7.050000 	 2.787849 	 3.977037 
7.055000 	 2.787849 	 3.977037 
7.060000 	 2.787849 	 3.977037 
7.065000 	 2.787849 	 3.977037 
7.070000 	 2.787849 	 3.977037 
7.075000 	 2.787849 	 3.977037 
7.080000 	 2.777665 	 3.930671 
7.085000 	 2.777665 	 3.930671 
7.090000 	 2.787849 	 3.977037 
7.095000 	 2.787849 	 3.977037 
7.100000 	 2.787849 	 3.977037 
7.105000 	 2.787849 	 3.977037 
7.110000 	 2.787849 	 3.977037 
7.115000 	 2.787849 	 3.977037 
7.120000 	 2.787849 	 3.977037 
7.125000 	 2.787849 	 3.977037 
7.130000 	 2.787849 	 3.977037 
7.135000 	 2.787849 	 3.977037 
7.140000 	 2.787849 	 3.977037 
7.145000 	 2.787849 	 3.977037 
7.150000 	 2.787849 	 3.977037 
7.155000 	 2.787849 	 3.977037 
7.160000 	 2.787849 	 3.977037 
7.165000 	 2.787849 	 3.977037 
7.170000 	 2.787849 	 3.977037 
7.175000 	 2.787849 	 3.977037 
7.180000 	 2.787849 	 3.977037 
7.185000 	 2.787849 	 3.977037 
7.190000 	 2.787849 	 3.977037 
7.195000 	 2.787849 	 3.977037 
7.200000 	 2.787849 	 3.977037 
7.205000 	 2.787849 	 3.977037 
7.210000 	 2.787849 	 3.977037 
7.215000 	 2.787849 	 3.977037 
7.220000 	 2.787849 	 3.977037 
7.225000 	 2.787849 	 3.977037 
7.230000 	 2.787849 	 3.977037 
7.235000 	 2.787849 	 3.977037 
7.240000 	 2.787849 	 3.977037 
7.245000 	 2.787849 	 3.977037 
7.250000 	 2.787849 	 3.977037 
7.255000 	 2.787849 	 3.977037 
7.260000 	 2.787849 	 3.977037 
7.265000 	 2.787849 	 3.977037 
7.270000 	 2.787849 	 3.977037 
7.275000 	 2.787849 	 3.977037 
7.280000 	 2.787849 	 3.977037 
7.285000 	 2.787849 	 3.977037 
7.290000 	 2.787849 	 3.977037 
7.295000 	 2.787849 	 3.977037 
7.300000 	 2.787849 	 3.977037 
7.305000 	 2.787849 	 3.977037 
7.310000 	 2.787849 	 3.977037 
7.315000 	 2.787849 	 3.977037 
7.320000 	 2.787849 	 3.977037 
7.325000 	 2.787849 	 3.977037 
7.330000 	 2.787849 	 3.977037 
7.335000 	 2.787849 	 3.977037 
7.340000 	 2.787849 	 3.977037 
7.345000 	 2.787849 	 3.977037 
7.350000 	 2.787849 	 3.977037 
7.355000 	 2.787849 	 3.977037 
7.360000 	 2.787849 	 3.977037 
7.365000 	 2.787849 	 3.977037 
7.370000 	 2.787849 	 3.977037 
7.375000 	 2.787849 	 3.977037 
7.380000 	 2.787849 	 3.977037 
7.385000 	 2.787849 	 3.977037 
7.390000 	 2.787849 	 3.977037 
7.395000 	 2.787849 	 3.977037 
7.400000 	 2.787849 	 3.977037 
7.405000 	 2.787849 	 3.977037 
7.410000 	 2.787849 	 3.977037 
7.415000 	 2.787849 	 3.977037 
7.420000 	 2.787849 	 3.977037 
7.425000 	 2.787849 	 3.977037 
7.430000 	 2.787849 	 3.977037 
7.435000 	 2.787849 	 3.977037 
7.440000 	 2.787849 	 3.977037 
7.445000 	 2.787849 	 3.977037 
7.450000 	 2.787849 	 3.977037 
7.455000 	 2.787849 	 3.977037 
7.460000 	 2.787849 	 3.977037 
7.465000 	 2.787849 	 3.977037 
7.470000 	 2.787849 	 3.977037 
7.475000 	 2.787849 	 3.977037 
7.480000 	 2.787849 	 3.977037 
7.485000 	 2.777665 	 3.930671 
7.490000 	 2.787849 	 3.977037 
7.495000 	 2.787849 	 3.977037 
7.500000 	 2.787849 	 3.977037 
7.505000 	 2.787849 	 3.977037 
7.510000 	 2.787849 	 3.977037 
7.515000 	 2.787849 	 3.977037 
7.520000 	 2.787849 	 3.977037 
7.525000 	 2.787849 	 3.977037 
7.530000 	 2.787849 	 3.977037 
7.535000 	 2.787849 	 3.977037 
7.540000 	 2.787849 	 3.977037 
7.545000 	 2.787849 	 3.977037 
7.550000 	 2.798034 	 4.022866 
7.555000 	 2.787849 	 3.977037 
7.560000 	 2.787849 	 3.977037 
7.565000 	 2.787849 	 3.977037 
7.570000 	 2.787849 	 3.977037 
7.575000 	 2.787849 	 3.977037 
7.580000 	 2.787849 	 3.977037 
7.585000 	 2.787849 	 3.977037 
7.590000 	 2.787849 	 3.977037 
7.595000 	 2.787849 	 3.977037 
7.600000 	 2.787849 	 3.977037 
7.605000 	 2.787849 	 3.977037 
7.610000 	 2.787849 	 3.977037 
7.615000 	 2.787849 	 3.977037 
7.620000 	 2.787849 	 3.977037 
7.625000 	 2.787849 	 3.977037 
7.630000 	 2.787849 	 3.977037 
7.635000 	 2.787849 	 3.977037 
7.640000 	 2.787849 	 3.977037 
7.645000 	 2.787849 	 3.977037 
7.650000 	 2.787849 	 3.977037 
7.655000 	 2.787849 	 3.977037 
7.660000 	 2.787849 	 3.977037 
7.665000 	 2.777665 	 3.930671 
7.670000 	 2.787849 	 3.977037 
7.675000 	 2.787849 	 3.977037 
7.680000 	 2.787849 	 3.977037 
7.685000 	 2.787849 	 3.977037 
7.690000 	 2.787849 	 3.977037 
7.695000 	 2.787849 	 3.977037 
7.700000 	 2.787849 	 3.977037 
7.705000 	 2.787849 	 3.977037 
7.710000 	 2.787849 	 3.977037 
7.715000 	 2.787849 	 3.977037 
7.720000 	 2.787849 	 3.977037 
7.725000 	 2.787849 	 3.977037 
7.730000 	 2.787849 	 3.977037 
7.735000 	 2.787849 	 3.977037 
7.740000 	 2.787849 	 3.977037 
7.745000 	 2.787849 	 3.977037 
7.750000 	 2.787849 	 3.977037 
7.755000 	 2.787849 	 3.977037 
7.760000 	 2.787849 	 3.977037 
7.765000 	 2.787849 	 3.977037 
7.770000 	 2.787849 	 3.977037 
7.775000 	 2.787849 	 3.977037 
7.780000 	 2.777665 	 3.930671 
7.785000 	 2.777665 	 3.930671 
7.790000 	 2.787849 	 3.977037 
7.795000 	 2.787849 	 3.977037 
7.800000 	 2.787849 	 3.977037 
7.805000 	 2.787849 	 3.977037 
7.810000 	 2.787849 	 3.977037 
7.815000 	 2.787849 	 3.977037 
7.820000 	 2.777665 	 3.930671 
7.825000 	 2.787849 	 3.977037 
7.830000 	 2.787849 	 3.977037 
7.835000 	 2.787849 	 3.977037 
7.840000 	 2.787849 	 3.977037 
7.845000 	 2.787849 	 3.977037 
7.850000 	 2.787849 	 3.977037 
7.855000 	 2.787849 	 3.977037 
7.860000 	 2.787849 	 3.977037 
7.865000 	 2.787849 	 3.977037 
7.870000 	 2.787849 	 3.977037 
7.875000 	 2.787849 	 3.977037 
7.880000 	 2.787849 	 3.977037 
7.885000 	 2.787849 	 3.977037 
7.890000 	 2.777665 	 3.930671 
7.895000 	 2.787849 	 3.977037 
7.900000 	 2.787849 	 3.977037 
7.905000 	 2.787849 	 3.977037 
7.910000 	 2.787849 	 3.977037 
7.915000 	 2.787849 	 3.977037 
7.920000 	 2.787849 	 3.977037 
7.925000 	 2.787849 	 3.977037 
7.930000 	 2.777665 	 3.930671 
7.935000 	 2.787849 	 3.977037 
7.940000 	 2.777665 	 3.930671 
7.945000 	 2.787849 	 3.977037 
7.950000 	 2.787849 	 3.977037 
7.955000 	 2.787849 	 3.977037 
7.960000 	 2.787849 	 3.977037 
7.965000 	 2.787849 	 3.977037 
7.970000 	 2.787849 	 3.977037 
7.975000 	 2.787849 	 3.977037 
7.980000 	 2.787849 	 3.977037 
7.985000 	 2.787849 	 3.977037 
7.990000 	 2.787849 	 3.977037 
7.995000 	 2.787849 	 3.977037 
8.000000 	 2.787849 	 3.977037 
8.005000 	 2.787849 	 3.977037 
8.010000 	 2.787849 	 3.977037 
8.015000 	 2.787849 	 3.977037 
8.020000 	 2.787849 	 3.977037 
8.025000 	 2.787849 	 3.977037 
8.030000 	 2.787849 	 3.977037 
8.035000 	 2.787849 	 3.977037 
8.040000 	 2.787849 	 3.977037 
8.045000 	 2.787849 	 3.977037 
8.050000 	 2.787849 	 3.977037 
8.055000 	 2.787849 	 3.977037 
8.060000 	 2.787849 	 3.977037 
8.065000 	 2.787849 	 3.977037 
8.070000 	 2.787849 	 3.977037 
8.075000 	 2.787849 	 3.977037 
8.080000 	 2.787849 	 3.977037 
8.085000 	 2.787849 	 3.977037 
8.090000 	 2.787849 	 3.977037 
8.095000 	 2.787849 	 3.977037 
8.100000 	 2.787849 	 3.977037 
8.105000 	 2.787849 	 3.977037 
8.110000 	 2.787849 	 3.977037 
8.115000 	 2.787849 	 3.977037 
8.120000 	 2.787849 	 3.977037 
8.125000 	 2.787849 	 3.977037 
8.130000 	 2.787849 	 3.977037 
8.135000 	 2.787849 	 3.977037 
8.140000 	 2.787849 	 3.977037 
8.145000 	 2.787849 	 3.977037 
8.150000 	 2.787849 	 3.977037 
8.155000 	 2.787849 	 3.977037 
8.160000 	 2.787849 	 3.977037 
8.165000 	 2.787849 	 3.977037 
8.170000 	 2.787849 	 3.977037 
8.175000 	 2.787849 	 3.977037 
8.180000 	 2.787849 	 3.977037 
8.185000 	 2.787849 	 3.977037 
8.190000 	 2.787849 	 3.977037 
8.195000 	 2.787849 	 3.977037 
8.200000 	 2.787849 	 3.977037 
8.205000 	 2.787849 	 3.977037 
8.210000 	 2.787849 	 3.977037 
8.215000 	 2.787849 	 3.977037 
8.220000 	 2.787849 	 3.977037 
8.225000 	 2.787849 	 3.977037 
8.230000 	 2.787849 	 3.977037 
8.235000 	 2.787849 	 3.977037 
8.240000 	 2.787849 	 3.977037 
8.245000 	 2.787849 	 3.977037 
8.250000 	 2.787849 	 3.977037 
8.255000 	 2.787849 	 3.977037 
8.260000 	 2.777665 	 3.930671 
8.265000 	 2.787849 	 3.977037 
8.270000 	 2.787849 	 3.977037 
8.275000 	 2.787849 	 3.977037 
8.280000 	 2.787849 	 3.977037 
8.285000 	 2.787849 	 3.977037 
8.290000 	 2.777665 	 3.930671 
8.295000 	 2.777665 	 3.930671 
8.300000 	 2.787849 	 3.977037 
8.305000 	 2.787849 	 3.977037 
8.310000 	 2.787849 	 3.977037 
8.315000 	 2.787849 	 3.977037 
8.320000 	 2.787849 	 3.977037 
8.325000 	 2.787849 	 3.977037 
8.330000 	 2.787849 	 3.977037 
8.335000 	 2.787849 	 3.977037 
8.340000 	 2.787849 	 3.977037 
8.345000 	 2.787849 	 3.977037 
8.350000 	 2.787849 	 3.977037 
8.355000 	 2.787849 	 3.977037 
8.360000 	 2.787849 	 3.977037 
8.365000 	 2.787849 	 3.977037 
8.370000 	 2.787849 	 3.977037 
8.375000 	 2.787849 	 3.977037 
8.380000 	 2.787849 	 3.977037 
8.385000 	 2.787849 	 3.977037 
8.390000 	 2.787849 	 3.977037 
8.395000 	 2.787849 	 3.977037 
8.400000 	 2.787849 	 3.977037 
8.405000 	 2.777665 	 3.930671 
8.410000 	 2.787849 	 3.977037 
8.415000 	 2.787849 	 3.977037 
8.420000 	 2.787849 	 3.977037 
8.425000 	 2.787849 	 3.977037 
8.430000 	 2.787849 	 3.977037 
8.435000 	 2.787849 	 3.977037 
8.440000 	 2.787849 	 3.977037 
8.445000 	 2.787849 	 3.977037 
8.450000 	 2.777665 	 3.930671 
8.455000 	 2.787849 	 3.977037 
8.460000 	 2.787849 	 3.977037 
8.465000 	 2.787849 	 3.977037 
8.470000 	 2.787849 	 3.977037 
8.475000 	 2.787849 	 3.977037 
8.480000 	 2.787849 	 3.977037 
8.485000 	 2.787849 	 3.977037 
8.490000 	 2.777665 	 3.930671 
8.495000 	 2.787849 	 3.977037 
8.500000 	 2.787849 	 3.977037 
8.505000 	 2.777665 	 3.930671 
8.510000 	 2.787849 	 3.977037 
8.515000 	 2.787849 	 3.977037 
8.520000 	 2.777665 	 3.930671 
8.525000 	 2.787849 	 3.977037 
8.530000 	 2.787849 	 3.977037 
8.535000 	 2.787849 	 3.977037 
8.540000 	 2.787849 	 3.977037 
8.545000 	 2.787849 	 3.977037 
8.550000 	 2.787849 	 3.977037 
8.555000 	 2.787849 	 3.977037 
8.560000 	 2.787849 	 3.977037 
8.565000 	 2.777665 	 3.930671 
8.570000 	 2.787849 	 3.977037 
8.575000 	 2.787849 	 3.977037 
8.580000 	 2.787849 	 3.977037 
8.585000 	 2.787849 	 3.977037 
8.590000 	 2.787849 	 3.977037 
8.595000 	 2.787849 	 3.977037 
8.600000 	 2.787849 	 3.977037 
8.605000 	 2.787849 	 3.977037 
8.610000 	 2.787849 	 3.977037 
8.615000 	 2.787849 	 3.977037 
8.620000 	 2.787849 	 3.977037 
8.625000 	 2.787849 	 3.977037 
8.630000 	 2.787849 	 3.977037 
8.635000 	 2.787849 	 3.977037 
8.640000 	 2.787849 	 3.977037 
8.645000 	 2.787849 	 3.977037 
8.650000 	 2.787849 	 3.977037 
8.655000 	 2.787849 	 3.977037 
8.660000 	 2.787849 	 3.977037 
8.665000 	 2.787849 	 3.977037 
8.670000 	 2.777665 	 3.930671 
8.675000 	 2.787849 	 3.977037 
8.680000 	 2.787849 	 3.977037 
8.685000 	 2.787849 	 3.977037 
8.690000 	 2.787849 	 3.977037 
8.695000 	 2.787849 	 3.977037 
8.700000 	 2.787849 	 3.977037 
8.705000 	 2.787849 	 3.977037 
8.710000 	 2.787849 	 3.977037 
8.715000 	 2.787849 	 3.977037 
8.720000 	 2.787849 	 3.977037 
8.725000 	 2.777665 	 3.930671 
8.730000 	 2.787849 	 3.977037 
8.735000 	 2.777665 	 3.930671 
8.740000 	 2.787849 	 3.977037 
8.745000 	 2.787849 	 3.977037 
8.750000 	 2.787849 	 3.977037 
8.755000 	 2.787849 	 3.977037 
8.760000 	 2.787849 	 3.977037 
8.765000 	 2.787849 	 3.977037 
8.770000 	 2.787849 	 3.977037 
8.775000 	 2.787849 	 3.977037 
8.780000 	 2.787849 	 3.977037 
8.785000 	 2.787849 	 3.977037 
8.790000 	 2.787849 	 3.977037 
8.795000 	 2.777665 	 3.930671 
8.800000 	 2.798034 	 4.022866 
8.805000 	 2.787849 	 3.977037 
8.810000 	 2.787849 	 3.977037 
8.815000 	 2.787849 	 3.977037 
8.820000 	 2.787849 	 3.977037 
8.825000 	 2.787849 	 3.977037 
8.830000 	 2.787849 	 3.977037 
8.835000 	 2.787849 	 3.977037 
8.840000 	 2.787849 	 3.977037 
8.845000 	 2.787849 	 3.977037 
8.850000 	 2.787849 	 3.977037 
8.855000 	 2.787849 	 3.977037 
8.860000 	 2.787849 	 3.977037 
8.865000 	 2.787849 	 3.977037 
8.870000 	 2.787849 	 3.977037 
8.875000 	 2.787849 	 3.977037 
8.880000 	 2.787849 	 3.977037 
8.885000 	 2.787849 	 3.977037 
8.890000 	 2.787849 	 3.977037 
8.895000 	 2.787849 	 3.977037 
8.900000 	 2.787849 	 3.977037 
8.905000 	 2.787849 	 3.977037 
8.910000 	 2.787849 	 3.977037 
8.915000 	 2.787849 	 3.977037 
8.920000 	 2.787849 	 3.977037 
8.925000 	 2.787849 	 3.977037 
8.930000 	 2.787849 	 3.977037 
8.935000 	 2.787849 	 3.977037 
8.940000 	 2.787849 	 3.977037 
8.945000 	 2.787849 	 3.977037 
8.950000 	 2.787849 	 3.977037 
8.955000 	 2.787849 	 3.977037 
8.960000 	 2.787849 	 3.977037 
8.965000 	 2.787849 	 3.977037 
8.970000 	 2.787849 	 3.977037 
8.975000 	 2.777665 	 3.930671 
8.980000 	 2.787849 	 3.977037 
8.985000 	 2.787849 	 3.977037 
8.990000 	 2.787849 	 3.977037 
8.995000 	 2.787849 	 3.977037 
9.000000 	 2.787849 	 3.977037 
9.005000 	 2.787849 	 3.977037 
9.010000 	 2.787849 	 3.977037 
9.015000 	 2.787849 	 3.977037 
9.020000 	 2.787849 	 3.977037 
9.025000 	 2.787849 	 3.977037 
9.030000 	 2.787849 	 3.977037 
9.035000 	 2.787849 	 3.977037 
9.040000 	 2.787849 	 3.977037 
9.045000 	 2.787849 	 3.977037 
9.050000 	 2.787849 	 3.977037 
9.055000 	 2.787849 	 3.977037 
9.060000 	 2.787849 	 3.977037 
9.065000 	 2.787849 	 3.977037 
9.070000 	 2.787849 	 3.977037 
9.075000 	 2.787849 	 3.977037 
9.080000 	 2.787849 	 3.977037 
9.085000 	 2.787849 	 3.977037 
9.090000 	 2.787849 	 3.977037 
9.095000 	 2.787849 	 3.977037 
9.100000 	 2.787849 	 3.977037 
9.105000 	 2.787849 	 3.977037 
9.110000 	 2.787849 	 3.977037 
9.115000 	 2.787849 	 3.977037 
9.120000 	 2.787849 	 3.977037 
9.125000 	 2.787849 	 3.977037 
9.130000 	 2.787849 	 3.977037 
9.135000 	 2.787849 	 3.977037 
9.140000 	 2.787849 	 3.977037 
9.145000 	 2.787849 	 3.977037 
9.150000 	 2.787849 	 3.977037 
9.155000 	 2.787849 	 3.977037 
9.160000 	 2.787849 	 3.977037 
9.165000 	 2.787849 	 3.977037 
9.170000 	 2.787849 	 3.977037 
9.175000 	 2.787849 	 3.977037 
9.180000 	 2.787849 	 3.977037 
9.185000 	 2.787849 	 3.977037 
9.190000 	 2.787849 	 3.977037 
9.195000 	 2.787849 	 3.977037 
9.200000 	 2.787849 	 3.977037 
9.205000 	 2.777665 	 3.930671 
9.210000 	 2.787849 	 3.977037 
9.215000 	 2.787849 	 3.977037 
9.220000 	 2.787849 	 3.977037 
9.225000 	 2.787849 	 3.977037 
9.230000 	 2.787849 	 3.977037 
9.235000 	 2.787849 	 3.977037 
9.240000 	 2.787849 	 3.977037 
9.245000 	 2.787849 	 3.977037 
9.250000 	 2.787849 	 3.977037 
9.255000 	 2.787849 	 3.977037 
9.260000 	 2.787849 	 3.977037 
9.265000 	 2.777665 	 3.930671 
9.270000 	 2.787849 	 3.977037 
9.275000 	 2.787849 	 3.977037 
9.280000 	 2.787849 	 3.977037 
9.285000 	 2.787849 	 3.977037 
9.290000 	 2.787849 	 3.977037 
9.295000 	 2.787849 	 3.977037 
9.300000 	 2.787849 	 3.977037 
9.305000 	 2.787849 	 3.977037 
9.310000 	 2.787849 	 3.977037 
9.315000 	 2.787849 	 3.977037 
9.320000 	 2.787849 	 3.977037 
9.325000 	 2.787849 	 3.977037 
9.330000 	 2.787849 	 3.977037 
9.335000 	 2.787849 	 3.977037 
9.340000 	 2.787849 	 3.977037 
9.345000 	 2.787849 	 3.977037 
9.350000 	 2.787849 	 3.977037 
9.355000 	 2.787849 	 3.977037 
9.360000 	 2.787849 	 3.977037 
9.365000 	 2.787849 	 3.977037 
9.370000 	 2.787849 	 3.977037 
9.375000 	 2.787849 	 3.977037 
9.380000 	 2.787849 	 3.977037 
9.385000 	 2.787849 	 3.977037 
9.390000 	 2.787849 	 3.977037 
9.395000 	 2.787849 	 3.977037 
9.400000 	 2.787849 	 3.977037 
9.405000 	 2.787849 	 3.977037 
9.410000 	 2.787849 	 3.977037 
9.415000 	 2.787849 	 3.977037 
9.420000 	 2.787849 	 3.977037 
9.425000 	 2.787849 	 3.977037 
9.430000 	 2.787849 	 3.977037 
9.435000 	 2.787849 	 3.977037 
9.440000 	 2.787849 	 3.977037 
9.445000 	 2.787849 	 3.977037 
9.450000 	 2.798034 	 4.022866 
9.455000 	 2.787849 	 3.977037 
9.460000 	 2.787849 	 3.977037 
9.465000 	 2.787849 	 3.977037 
9.470000 	 2.787849 	 3.977037 
9.475000 	 2.777665 	 3.930671 
9.480000 	 2.777665 	 3.930671 
9.485000 	 2.787849 	 3.977037 
9.490000 	 2.787849 	 3.977037 
9.495000 	 2.787849 	 3.977037 
9.500000 	 2.777665 	 3.930671 
9.505000 	 2.787849 	 3.977037 
9.510000 	 2.787849 	 3.977037 
9.515000 	 2.787849 	 3.977037 
9.520000 	 2.787849 	 3.977037 
9.525000 	 2.787849 	 3.977037 
9.530000 	 2.787849 	 3.977037 
9.535000 	 2.787849 	 3.977037 
9.540000 	 2.787849 	 3.977037 
9.545000 	 2.787849 	 3.977037 
9.550000 	 2.787849 	 3.977037 
9.555000 	 2.787849 	 3.977037 
9.560000 	 2.787849 	 3.977037 
9.565000 	 2.787849 	 3.977037 
9.570000 	 2.787849 	 3.977037 
9.575000 	 2.787849 	 3.977037 
9.580000 	 2.787849 	 3.977037 
9.585000 	 2.787849 	 3.977037 
9.590000 	 2.787849 	 3.977037 
9.595000 	 2.787849 	 3.977037 
9.600000 	 2.787849 	 3.977037 
9.605000 	 2.787849 	 3.977037 
9.610000 	 2.787849 	 3.977037 
9.615000 	 2.787849 	 3.977037 
9.620000 	 2.787849 	 3.977037 
9.625000 	 2.787849 	 3.977037 
9.630000 	 2.787849 	 3.977037 
9.635000 	 2.777665 	 3.930671 
9.640000 	 2.777665 	 3.930671 
9.645000 	 2.787849 	 3.977037 
9.650000 	 2.787849 	 3.977037 
9.655000 	 2.787849 	 3.977037 
9.660000 	 2.787849 	 3.977037 
9.665000 	 2.787849 	 3.977037 
9.670000 	 2.787849 	 3.977037 
9.675000 	 2.787849 	 3.977037 
9.680000 	 2.787849 	 3.977037 
9.685000 	 2.787849 	 3.977037 
9.690000 	 2.787849 	 3.977037 
9.695000 	 2.787849 	 3.977037 
9.700000 	 2.787849 	 3.977037 
9.705000 	 2.787849 	 3.977037 
9.710000 	 2.787849 	 3.977037 
9.715000 	 2.787849 	 3.977037 
9.720000 	 2.787849 	 3.977037 
9.725000 	 2.787849 	 3.977037 
9.730000 	 2.787849 	 3.977037 
9.735000 	 2.787849 	 3.977037 
9.740000 	 2.787849 	 3.977037 
9.745000 	 2.787849 	 3.977037 
9.750000 	 2.787849 	 3.977037 
9.755000 	 2.787849 	 3.977037 
9.760000 	 2.787849 	 3.977037 
9.765000 	 2.787849 	 3.977037 
9.770000 	 2.787849 	 3.977037 
9.775000 	 2.787849 	 3.977037 
9.780000 	 2.787849 	 3.977037 
9.785000 	 2.787849 	 3.977037 
9.790000 	 2.787849 	 3.977037 
9.795000 	 2.787849 	 3.977037 
9.800000 	 2.787849 	 3.977037 
9.805000 	 2.787849 	 3.977037 
9.810000 	 2.787849 	 3.977037 
9.815000 	 2.787849 	 3.977037 
9.820000 	 2.787849 	 3.977037 
9.825000 	 2.787849 	 3.977037 
9.830000 	 2.787849 	 3.977037 
9.835000 	 2.787849 	 3.977037 
9.840000 	 2.787849 	 3.977037 
9.845000 	 2.787849 	 3.977037 
9.850000 	 2.787849 	 3.977037 
9.855000 	 2.787849 	 3.977037 
9.860000 	 2.787849 	 3.977037 
9.865000 	 2.787849 	 3.977037 
9.870000 	 2.787849 	 3.977037 
9.875000 	 2.787849 	 3.977037 
9.880000 	 2.787849 	 3.977037 
9.885000 	 2.787849 	 3.977037 
9.890000 	 2.787849 	 3.977037 
9.895000 	 2.787849 	 3.977037 
9.900000 	 2.787849 	 3.977037 
9.905000 	 2.787849 	 3.977037 
9.910000 	 2.787849 	 3.977037 
9.915000 	 2.787849 	 3.977037 
9.920000 	 2.787849 	 3.977037 
9.925000 	 2.787849 	 3.977037 
9.930000 	 2.787849 	 3.977037 
9.935000 	 2.787849 	 3.977037 
9.940000 	 2.787849 	 3.977037 
9.945000 	 2.787849 	 3.977037 
9.950000 	 2.787849 	 3.977037 
9.955000 	 2.787849 	 3.977037 
9.960000 	 2.787849 	 3.977037 
9.965000 	 2.787849 	 3.977037 
9.970000 	 2.787849 	 3.977037 
9.975000 	 2.787849 	 3.977037 
9.980000 	 2.787849 	 3.977037 
9.985000 	 2.787849 	 3.977037 
9.990000 	 2.787849 	 3.977037 
9.995000 	 2.787849 	 3.977037 
