0.000000 	 3.684101 
0.033333 	 3.684101 
0.066667 	 3.684101 
0.100000 	 3.684101 
0.133333 	 3.684101 
0.166667 	 3.694285 
0.200000 	 3.684101 
0.233333 	 3.673916 
0.266667 	 3.673916 
0.300000 	 3.673916 
0.333333 	 3.684101 
0.366667 	 3.684101 
0.400000 	 3.684101 
0.433333 	 3.673916 
0.466667 	 3.704470 
0.500000 	 3.684101 
0.533333 	 3.684101 
0.566667 	 3.694285 
0.600000 	 3.694285 
0.633333 	 3.673916 
0.666667 	 3.694285 
0.700000 	 3.673916 
0.733333 	 3.694285 
0.766667 	 3.694285 
0.800000 	 3.694285 
0.833333 	 3.684101 
0.866667 	 3.684101 
0.900000 	 3.673916 
0.933333 	 3.684101 
0.966667 	 3.684101 
1.000000 	 3.673916 
1.033333 	 3.694285 
1.066667 	 3.673916 
1.100000 	 3.673916 
1.133333 	 3.684101 
1.166667 	 3.694285 
1.200000 	 3.684101 
1.233333 	 3.684101 
1.266667 	 3.684101 
1.300000 	 3.684101 
1.333333 	 3.684101 
1.366667 	 3.673916 
1.400000 	 3.684101 
1.433333 	 3.673916 
1.466667 	 3.673916 
1.500000 	 3.684101 
1.533333 	 3.673916 
1.566667 	 3.694285 
1.600000 	 3.684101 
1.633333 	 3.684101 
1.666667 	 3.663731 
1.700000 	 3.694285 
1.733333 	 3.673916 
1.766667 	 3.684101 
1.800000 	 3.704470 
1.833333 	 3.684101 
1.866667 	 3.694285 
1.900000 	 3.684101 
1.933333 	 3.673916 
1.966667 	 3.694285 
2.000000 	 3.694285 
2.033333 	 3.694285 
2.066667 	 3.694285 
2.100000 	 3.704470 
2.133333 	 3.694285 
2.166667 	 3.684101 
2.200000 	 3.673916 
2.233333 	 3.684101 
2.266667 	 3.684101 
2.300000 	 3.673916 
2.333333 	 3.684101 
2.366667 	 3.704470 
2.400000 	 3.684101 
2.433333 	 3.694285 
2.466667 	 3.673916 
2.500000 	 3.684101 
2.533333 	 3.684101 
2.566667 	 3.684101 
2.600000 	 3.694285 
2.633333 	 3.673916 
2.666667 	 3.694285 
2.700000 	 3.684101 
2.733333 	 3.704470 
2.766667 	 3.673916 
2.800000 	 3.663731 
2.833333 	 3.673916 
2.866667 	 3.694285 
2.900000 	 3.704470 
2.933333 	 3.673916 
2.966667 	 3.684101 
3.000000 	 3.673916 
3.033333 	 3.684101 
3.066667 	 3.694285 
3.100000 	 3.673916 
3.133333 	 3.673916 
3.166667 	 3.694285 
3.200000 	 3.684101 
3.233333 	 3.673916 
3.266667 	 3.694285 
3.300000 	 3.694285 
3.333333 	 3.684101 
3.366667 	 3.673916 
3.400000 	 3.673916 
3.433333 	 3.694285 
3.466667 	 3.673916 
3.500000 	 3.673916 
3.533333 	 3.684101 
3.566667 	 3.673916 
3.600000 	 3.684101 
3.633333 	 3.684101 
3.666667 	 3.673916 
3.700000 	 3.694285 
3.733333 	 3.673916 
3.766667 	 3.673916 
3.800000 	 3.673916 
3.833333 	 3.684101 
3.866667 	 3.673916 
3.900000 	 3.673916 
3.933333 	 3.673916 
3.966667 	 3.684101 
4.000000 	 3.673916 
4.033333 	 3.673916 
4.066667 	 3.694285 
4.100000 	 3.673916 
4.133333 	 3.684101 
4.166667 	 3.704470 
4.200000 	 3.673916 
4.233333 	 3.684101 
4.266667 	 3.684101 
4.300000 	 3.673916 
4.333333 	 3.684101 
4.366667 	 3.673916 
4.400000 	 3.704470 
4.433333 	 3.673916 
4.466667 	 3.673916 
4.500000 	 3.684101 
4.533333 	 3.673916 
4.566667 	 3.684101 
4.600000 	 3.663731 
4.633333 	 3.673916 
4.666667 	 3.694285 
4.700000 	 3.673916 
4.733333 	 3.684101 
4.766667 	 3.694285 
4.800000 	 3.673916 
4.833333 	 3.694285 
4.866667 	 3.684101 
4.900000 	 3.684101 
4.933333 	 3.684101 
4.966667 	 3.684101 
5.000000 	 3.684101 
5.033333 	 3.694285 
5.066667 	 3.694285 
5.100000 	 3.704470 
5.133333 	 3.694285 
5.166667 	 3.694285 
5.200000 	 3.684101 
5.233333 	 3.694285 
5.266667 	 3.684101 
5.300000 	 3.694285 
5.333333 	 3.684101 
5.366667 	 3.704470 
5.400000 	 3.684101 
5.433333 	 3.684101 
5.466667 	 3.673916 
5.500000 	 3.684101 
5.533333 	 3.694285 
5.566667 	 3.694285 
5.600000 	 3.684101 
5.633333 	 3.694285 
5.666667 	 3.684101 
5.700000 	 3.673916 
5.733333 	 3.704470 
5.766667 	 3.704470 
5.800000 	 3.663731 
5.833333 	 3.694285 
5.866667 	 3.673916 
5.900000 	 3.694285 
5.933333 	 3.694285 
5.966667 	 3.694285 
6.000000 	 3.673916 
6.033333 	 3.673916 
6.066667 	 3.694285 
6.100000 	 3.673916 
6.133333 	 3.684101 
6.166667 	 3.673916 
6.200000 	 3.684101 
6.233333 	 3.694285 
6.266667 	 3.684101 
6.300000 	 3.694285 
6.333333 	 3.684101 
6.366667 	 3.694285 
6.400000 	 3.694285 
6.433333 	 3.694285 
6.466667 	 3.694285 
6.500000 	 3.694285 
6.533333 	 3.673916 
6.566667 	 3.663731 
6.600000 	 3.684101 
6.633333 	 3.684101 
6.666667 	 3.673916 
6.700000 	 3.694285 
6.733333 	 3.673916 
6.766667 	 3.684101 
6.800000 	 3.684101 
6.833333 	 3.684101 
6.866667 	 3.694285 
6.900000 	 3.694285 
6.933333 	 3.684101 
6.966667 	 3.704470 
7.000000 	 3.694285 
7.033333 	 3.673916 
7.066667 	 3.684101 
7.100000 	 3.694285 
7.133333 	 3.704470 
7.166667 	 3.673916 
7.200000 	 3.694285 
7.233333 	 3.673916 
7.266667 	 3.673916 
7.300000 	 3.694285 
7.333333 	 3.694285 
7.366667 	 3.673916 
7.400000 	 3.684101 
7.433333 	 3.673916 
7.466667 	 3.684101 
7.500000 	 3.673916 
7.533333 	 3.684101 
7.566667 	 3.684101 
7.600000 	 3.673916 
7.633333 	 3.684101 
7.666667 	 3.684101 
7.700000 	 3.684101 
7.733333 	 3.673916 
7.766667 	 3.673916 
7.800000 	 3.694285 
7.833333 	 3.684101 
7.866667 	 3.704470 
7.900000 	 3.694285 
7.933333 	 3.684101 
7.966667 	 3.704470 
8.000000 	 3.684101 
8.033333 	 3.694285 
8.066667 	 3.673916 
8.100000 	 3.704470 
8.133333 	 3.684101 
8.166667 	 3.663731 
8.200000 	 3.694285 
8.233333 	 3.704470 
8.266667 	 3.684101 
8.300000 	 3.694285 
8.333333 	 3.673916 
8.366667 	 3.673916 
8.400000 	 3.684101 
8.433333 	 3.684101 
8.466667 	 3.694285 
8.500000 	 3.684101 
8.533333 	 3.673916 
8.566667 	 3.684101 
8.600000 	 3.684101 
8.633333 	 3.684101 
8.666667 	 3.684101 
8.700000 	 3.684101 
8.733333 	 3.684101 
8.766667 	 3.673916 
8.800000 	 3.684101 
8.833333 	 3.673916 
8.866667 	 3.694285 
8.900000 	 3.704470 
8.933333 	 3.694285 
8.966667 	 3.684101 
9.000000 	 3.673916 
9.033333 	 3.684101 
9.066667 	 3.684101 
9.100000 	 3.694285 
9.133333 	 3.673916 
9.166667 	 3.663731 
9.200000 	 3.673916 
9.233333 	 3.704470 
9.266667 	 3.694285 
9.300000 	 3.694285 
9.333333 	 3.673916 
9.366667 	 3.684101 
9.400000 	 3.684101 
9.433333 	 3.663731 
9.466667 	 3.673916 
9.500000 	 3.673916 
9.533333 	 3.673916 
9.566667 	 3.684101 
9.600000 	 3.684101 
9.633333 	 3.694285 
9.666667 	 3.684101 
9.700000 	 3.673916 
9.733333 	 3.673916 
9.766667 	 3.673916 
9.800000 	 3.684101 
9.833333 	 3.684101 
9.866667 	 3.673916 
9.900000 	 3.684101 
9.933333 	 3.663731 
9.966667 	 3.684101 
10.000000 	 3.684101 
10.033333 	 3.694285 
10.066667 	 3.673916 
10.100000 	 3.684101 
10.133333 	 3.673916 
10.166667 	 3.673916 
10.200000 	 3.684101 
10.233333 	 3.694285 
10.266667 	 3.714655 
10.300000 	 3.684101 
10.333333 	 3.694285 
10.366667 	 3.704470 
10.400000 	 3.673916 
10.433333 	 3.694285 
10.466667 	 3.684101 
10.500000 	 3.684101 
10.533333 	 3.673916 
10.566667 	 3.704470 
10.600000 	 3.673916 
10.633333 	 3.673916 
10.666667 	 3.704470 
10.700000 	 3.684101 
10.733333 	 3.694285 
10.766667 	 3.684101 
10.800000 	 3.694285 
10.833333 	 3.704470 
10.866667 	 3.694285 
10.900000 	 3.673916 
10.933333 	 3.684101 
10.966667 	 3.704470 
11.000000 	 3.704470 
11.033333 	 3.684101 
11.066667 	 3.663731 
11.100000 	 3.673916 
11.133333 	 3.694285 
11.166667 	 3.694285 
11.200000 	 3.694285 
11.233333 	 3.684101 
11.266667 	 3.684101 
11.300000 	 3.663731 
11.333333 	 3.684101 
11.366667 	 3.684101 
11.400000 	 3.673916 
11.433333 	 3.694285 
11.466667 	 3.694285 
11.500000 	 3.684101 
11.533333 	 3.684101 
11.566667 	 3.673916 
11.600000 	 3.694285 
11.633333 	 3.673916 
11.666667 	 3.704470 
11.700000 	 3.684101 
11.733333 	 3.673916 
11.766667 	 3.673916 
11.800000 	 3.694285 
11.833333 	 3.684101 
11.866667 	 3.694285 
11.900000 	 3.684101 
11.933333 	 3.694285 
11.966667 	 3.694285 
12.000000 	 3.673916 
12.033333 	 3.694285 
12.066667 	 3.684101 
12.100000 	 3.694285 
12.133333 	 3.684101 
12.166667 	 3.684101 
12.200000 	 3.673916 
12.233333 	 3.684101 
12.266667 	 3.694285 
12.300000 	 3.684101 
12.333333 	 3.673916 
12.366667 	 3.684101 
12.400000 	 3.673916 
12.433333 	 3.694285 
12.466667 	 3.694285 
12.500000 	 3.694285 
12.533333 	 3.673916 
12.566667 	 3.684101 
12.600000 	 3.694285 
12.633333 	 3.673916 
12.666667 	 3.673916 
12.700000 	 3.694285 
12.733333 	 3.704470 
12.766667 	 3.673916 
12.800000 	 3.684101 
12.833333 	 3.684101 
12.866667 	 3.684101 
12.900000 	 3.684101 
12.933333 	 3.673916 
12.966667 	 3.673916 
13.000000 	 3.684101 
13.033333 	 3.684101 
13.066667 	 3.684101 
13.100000 	 3.684101 
13.133333 	 3.684101 
13.166667 	 3.704470 
13.200000 	 3.694285 
13.233333 	 3.684101 
13.266667 	 3.694285 
13.300000 	 3.673916 
13.333333 	 3.684101 
13.366667 	 3.684101 
13.400000 	 3.694285 
13.433333 	 3.673916 
13.466667 	 3.694285 
13.500000 	 3.673916 
13.533333 	 3.684101 
13.566667 	 3.694285 
13.600000 	 3.684101 
13.633333 	 3.684101 
13.666667 	 3.694285 
13.700000 	 3.673916 
13.733333 	 3.694285 
13.766667 	 3.673916 
13.800000 	 3.694285 
13.833333 	 3.694285 
13.866667 	 3.694285 
13.900000 	 3.704470 
13.933333 	 3.694285 
13.966667 	 3.673916 
14.000000 	 3.684101 
14.033333 	 3.684101 
14.066667 	 3.663731 
14.100000 	 3.673916 
14.133333 	 3.694285 
14.166667 	 3.694285 
14.200000 	 3.704470 
14.233333 	 3.673916 
14.266667 	 3.684101 
14.300000 	 3.684101 
14.333333 	 3.673916 
14.366667 	 3.673916 
14.400000 	 3.673916 
14.433333 	 3.684101 
14.466667 	 3.684101 
14.500000 	 3.694285 
14.533333 	 3.694285 
14.566667 	 3.684101 
14.600000 	 3.694285 
14.633333 	 3.694285 
14.666667 	 3.673916 
14.700000 	 3.673916 
14.733333 	 3.704470 
14.766667 	 3.704470 
14.800000 	 3.694285 
14.833333 	 3.704470 
14.866667 	 3.684101 
14.900000 	 3.673916 
14.933333 	 3.694285 
14.966667 	 3.673916 
15.000000 	 3.673916 
15.033333 	 3.684101 
15.066667 	 3.663731 
15.100000 	 3.684101 
15.133333 	 3.673916 
15.166667 	 3.673916 
15.200000 	 3.673916 
15.233333 	 3.673916 
15.266667 	 3.684101 
15.300000 	 3.673916 
15.333333 	 3.684101 
15.366667 	 3.684101 
15.400000 	 3.684101 
15.433333 	 3.694285 
15.466667 	 3.673916 
15.500000 	 3.684101 
15.533333 	 3.663731 
15.566667 	 3.704470 
15.600000 	 3.684101 
15.633333 	 3.684101 
15.666667 	 3.694285 
15.700000 	 3.694285 
15.733333 	 3.673916 
15.766667 	 3.673916 
15.800000 	 3.684101 
15.833333 	 3.694285 
15.866667 	 3.673916 
15.900000 	 3.684101 
15.933333 	 3.684101 
15.966667 	 3.684101 
16.000000 	 3.694285 
16.033333 	 3.684101 
16.066667 	 3.684101 
16.100000 	 3.694285 
16.133333 	 3.704470 
16.166667 	 3.694285 
16.200000 	 3.694285 
16.233333 	 3.684101 
16.266667 	 3.673916 
16.300000 	 3.684101 
16.333333 	 3.694285 
16.366667 	 3.673916 
16.400000 	 3.684101 
16.433333 	 3.684101 
16.466667 	 3.684101 
16.500000 	 3.673916 
16.533333 	 3.673916 
16.566667 	 3.684101 
16.600000 	 3.694285 
16.633333 	 3.673916 
16.666667 	 3.694285 
16.700000 	 3.663731 
16.733333 	 3.663731 
16.766667 	 3.684101 
16.800000 	 3.704470 
16.833333 	 3.704470 
16.866667 	 3.684101 
16.900000 	 3.673916 
16.933333 	 3.694285 
16.966667 	 3.694285 
17.000000 	 3.704470 
17.033333 	 3.694285 
17.066667 	 3.694285 
17.100000 	 3.704470 
17.133333 	 3.694285 
17.166667 	 3.684101 
17.200000 	 3.684101 
17.233333 	 3.694285 
17.266667 	 3.684101 
17.300000 	 3.694285 
17.333333 	 3.684101 
17.366667 	 3.684101 
17.400000 	 3.684101 
17.433333 	 3.694285 
17.466667 	 3.673916 
17.500000 	 3.684101 
17.533333 	 3.684101 
17.566667 	 3.694285 
17.600000 	 3.673916 
17.633333 	 3.684101 
17.666667 	 3.684101 
17.700000 	 3.694285 
17.733333 	 3.684101 
17.766667 	 3.673916 
17.800000 	 3.684101 
17.833333 	 3.673916 
17.866667 	 3.684101 
17.900000 	 3.694285 
17.933333 	 3.694285 
17.966667 	 3.684101 
18.000000 	 3.684101 
18.033333 	 3.684101 
18.066667 	 3.673916 
18.100000 	 3.684101 
18.133333 	 3.704470 
18.166667 	 3.684101 
18.200000 	 3.673916 
18.233333 	 3.694285 
18.266667 	 3.684101 
18.300000 	 3.694285 
18.333333 	 3.684101 
18.366667 	 3.673916 
18.400000 	 3.684101 
18.433333 	 3.684101 
18.466667 	 3.684101 
18.500000 	 3.704470 
18.533333 	 3.694285 
18.566667 	 3.673916 
18.600000 	 3.684101 
18.633333 	 3.673916 
18.666667 	 3.694285 
18.700000 	 3.684101 
18.733333 	 3.673916 
18.766667 	 3.694285 
18.800000 	 3.694285 
18.833333 	 3.684101 
18.866667 	 3.694285 
18.900000 	 3.663731 
18.933333 	 3.684101 
18.966667 	 3.673916 
19.000000 	 3.704470 
19.033333 	 3.684101 
19.066667 	 3.684101 
19.100000 	 3.684101 
19.133333 	 3.694285 
19.166667 	 3.684101 
19.200000 	 3.684101 
19.233333 	 3.694285 
19.266667 	 3.694285 
19.300000 	 3.684101 
19.333333 	 3.684101 
19.366667 	 3.704470 
19.400000 	 3.684101 
19.433333 	 3.673916 
19.466667 	 3.704470 
19.500000 	 3.694285 
19.533333 	 3.673916 
19.566667 	 3.673916 
19.600000 	 3.673916 
19.633333 	 3.684101 
19.666667 	 3.704470 
19.700000 	 3.704470 
19.733333 	 3.694285 
19.766667 	 3.694285 
19.800000 	 3.673916 
19.833333 	 3.673916 
19.866667 	 3.704470 
19.900000 	 3.694285 
19.933333 	 3.684101 
19.966667 	 3.684101 
