0.000000 	 2.451755 
0.033333 	 2.451755 
0.066667 	 2.451755 
0.100000 	 2.451755 
0.133333 	 2.451755 
0.166667 	 2.451755 
0.200000 	 2.451755 
0.233333 	 2.451755 
0.266667 	 2.451755 
0.300000 	 2.451755 
0.333333 	 2.451755 
0.366667 	 2.451755 
0.400000 	 2.451755 
0.433333 	 2.441570 
0.466667 	 2.451755 
0.500000 	 2.451755 
0.533333 	 2.451755 
0.566667 	 2.441570 
0.600000 	 2.451755 
0.633333 	 2.451755 
0.666667 	 2.451755 
0.700000 	 2.451755 
0.733333 	 2.451755 
0.766667 	 2.451755 
0.800000 	 2.451755 
0.833333 	 2.451755 
0.866667 	 2.451755 
0.900000 	 2.451755 
0.933333 	 2.451755 
0.966667 	 2.451755 
1.000000 	 2.451755 
1.033333 	 2.451755 
1.066667 	 2.451755 
1.100000 	 2.451755 
1.133333 	 2.451755 
1.166667 	 2.451755 
1.200000 	 2.451755 
1.233333 	 2.451755 
1.266667 	 2.451755 
1.300000 	 2.451755 
1.333333 	 2.441570 
1.366667 	 2.451755 
1.400000 	 2.451755 
1.433333 	 2.451755 
1.466667 	 2.451755 
1.500000 	 2.451755 
1.533333 	 2.451755 
1.566667 	 2.451755 
1.600000 	 2.451755 
1.633333 	 2.451755 
1.666667 	 2.451755 
1.700000 	 2.451755 
1.733333 	 2.451755 
1.766667 	 2.451755 
1.800000 	 2.451755 
1.833333 	 2.451755 
1.866667 	 2.451755 
1.900000 	 2.451755 
1.933333 	 2.441570 
1.966667 	 2.451755 
2.000000 	 2.451755 
2.033333 	 2.451755 
2.066667 	 2.451755 
2.100000 	 2.451755 
2.133333 	 2.451755 
2.166667 	 2.451755 
2.200000 	 2.451755 
2.233333 	 2.451755 
2.266667 	 2.451755 
2.300000 	 2.451755 
2.333333 	 2.451755 
2.366667 	 2.451755 
2.400000 	 2.451755 
2.433333 	 2.451755 
2.466667 	 2.451755 
2.500000 	 2.451755 
2.533333 	 2.451755 
2.566667 	 2.451755 
2.600000 	 2.451755 
2.633333 	 2.451755 
2.666667 	 2.451755 
2.700000 	 2.441570 
2.733333 	 2.451755 
2.766667 	 2.451755 
2.800000 	 2.451755 
2.833333 	 2.451755 
2.866667 	 2.451755 
2.900000 	 2.451755 
2.933333 	 2.451755 
2.966667 	 2.451755 
3.000000 	 2.451755 
3.033333 	 2.451755 
3.066667 	 2.451755 
3.100000 	 2.451755 
3.133333 	 2.451755 
3.166667 	 2.451755 
3.200000 	 2.451755 
3.233333 	 2.441570 
3.266667 	 2.451755 
3.300000 	 2.451755 
3.333333 	 2.451755 
3.366667 	 2.451755 
3.400000 	 2.451755 
3.433333 	 2.451755 
3.466667 	 2.451755 
3.500000 	 2.451755 
3.533333 	 2.451755 
3.566667 	 2.451755 
3.600000 	 2.451755 
3.633333 	 2.451755 
3.666667 	 2.451755 
3.700000 	 2.451755 
3.733333 	 2.451755 
3.766667 	 2.451755 
3.800000 	 2.451755 
3.833333 	 2.451755 
3.866667 	 2.451755 
3.900000 	 2.451755 
3.933333 	 2.451755 
3.966667 	 2.451755 
4.000000 	 2.451755 
4.033333 	 2.451755 
4.066667 	 2.451755 
4.100000 	 2.451755 
4.133333 	 2.441570 
4.166667 	 2.451755 
4.200000 	 2.451755 
4.233333 	 2.451755 
4.266667 	 2.451755 
4.300000 	 2.451755 
4.333333 	 2.451755 
4.366667 	 2.451755 
4.400000 	 2.451755 
4.433333 	 2.451755 
4.466667 	 2.451755 
4.500000 	 2.451755 
4.533333 	 2.451755 
4.566667 	 2.451755 
4.600000 	 2.451755 
4.633333 	 2.451755 
4.666667 	 2.451755 
4.700000 	 2.451755 
4.733333 	 2.451755 
4.766667 	 2.451755 
4.800000 	 2.451755 
4.833333 	 2.451755 
4.866667 	 2.451755 
4.900000 	 2.451755 
4.933333 	 2.451755 
4.966667 	 2.451755 
5.000000 	 2.451755 
5.033333 	 2.451755 
5.066667 	 2.451755 
5.100000 	 2.451755 
5.133333 	 2.451755 
5.166667 	 2.451755 
5.200000 	 2.451755 
5.233333 	 2.451755 
5.266667 	 2.441570 
5.300000 	 2.451755 
5.333333 	 2.451755 
5.366667 	 2.451755 
5.400000 	 2.451755 
5.433333 	 2.451755 
5.466667 	 2.451755 
5.500000 	 2.451755 
5.533333 	 2.451755 
5.566667 	 2.451755 
5.600000 	 2.451755 
5.633333 	 2.451755 
5.666667 	 2.441570 
5.700000 	 2.451755 
5.733333 	 2.451755 
5.766667 	 2.451755 
5.800000 	 2.451755 
5.833333 	 2.451755 
5.866667 	 2.451755 
5.900000 	 2.451755 
5.933333 	 2.451755 
5.966667 	 2.451755 
6.000000 	 2.451755 
6.033333 	 2.451755 
6.066667 	 2.451755 
6.100000 	 2.451755 
6.133333 	 2.451755 
6.166667 	 2.451755 
6.200000 	 2.451755 
6.233333 	 2.451755 
6.266667 	 2.451755 
6.300000 	 2.451755 
6.333333 	 2.451755 
6.366667 	 2.451755 
6.400000 	 2.451755 
6.433333 	 2.451755 
6.466667 	 2.451755 
6.500000 	 2.451755 
6.533333 	 2.451755 
6.566667 	 2.451755 
6.600000 	 2.451755 
6.633333 	 2.451755 
6.666667 	 2.451755 
6.700000 	 2.451755 
6.733333 	 2.451755 
6.766667 	 2.451755 
6.800000 	 2.451755 
6.833333 	 2.451755 
6.866667 	 2.451755 
6.900000 	 2.451755 
6.933333 	 2.451755 
6.966667 	 2.451755 
7.000000 	 2.451755 
7.033333 	 2.451755 
7.066667 	 2.451755 
7.100000 	 2.451755 
7.133333 	 2.451755 
7.166667 	 2.451755 
7.200000 	 2.451755 
7.233333 	 2.451755 
7.266667 	 2.451755 
7.300000 	 2.451755 
7.333333 	 2.451755 
7.366667 	 2.451755 
7.400000 	 2.451755 
7.433333 	 2.441570 
7.466667 	 2.451755 
7.500000 	 2.451755 
7.533333 	 2.451755 
7.566667 	 2.451755 
7.600000 	 2.451755 
7.633333 	 2.451755 
7.666667 	 2.451755 
7.700000 	 2.451755 
7.733333 	 2.451755 
7.766667 	 2.451755 
7.800000 	 2.451755 
7.833333 	 2.451755 
7.866667 	 2.451755 
7.900000 	 2.451755 
7.933333 	 2.451755 
7.966667 	 2.451755 
8.000000 	 2.451755 
8.033333 	 2.451755 
8.066667 	 2.451755 
8.100000 	 2.451755 
8.133333 	 2.451755 
8.166667 	 2.451755 
8.200000 	 2.451755 
8.233333 	 2.451755 
8.266667 	 2.451755 
8.300000 	 2.451755 
8.333333 	 2.451755 
8.366667 	 2.451755 
8.400000 	 2.441570 
8.433333 	 2.451755 
8.466667 	 2.451755 
8.500000 	 2.451755 
8.533333 	 2.451755 
8.566667 	 2.451755 
8.600000 	 2.451755 
8.633333 	 2.441570 
8.666667 	 2.451755 
8.700000 	 2.451755 
8.733333 	 2.451755 
8.766667 	 2.451755 
8.800000 	 2.451755 
8.833333 	 2.451755 
8.866667 	 2.451755 
8.900000 	 2.451755 
8.933333 	 2.451755 
8.966667 	 2.451755 
9.000000 	 2.451755 
9.033333 	 2.451755 
9.066667 	 2.451755 
9.100000 	 2.451755 
9.133333 	 2.451755 
9.166667 	 2.451755 
9.200000 	 2.451755 
9.233333 	 2.451755 
9.266667 	 2.451755 
9.300000 	 2.451755 
9.333333 	 2.451755 
9.366667 	 2.451755 
9.400000 	 2.451755 
9.433333 	 2.451755 
9.466667 	 2.451755 
9.500000 	 2.451755 
9.533333 	 2.451755 
9.566667 	 2.451755 
9.600000 	 2.451755 
9.633333 	 2.451755 
9.666667 	 2.451755 
9.700000 	 2.451755 
9.733333 	 2.451755 
9.766667 	 2.451755 
9.800000 	 2.451755 
9.833333 	 2.451755 
9.866667 	 2.451755 
9.900000 	 2.451755 
9.933333 	 2.451755 
9.966667 	 2.451755 
10.000000 	 2.451755 
10.033333 	 2.451755 
10.066667 	 2.451755 
10.100000 	 2.451755 
10.133333 	 2.451755 
10.166667 	 2.451755 
10.200000 	 2.451755 
10.233333 	 2.451755 
10.266667 	 2.451755 
10.300000 	 2.451755 
10.333333 	 2.441570 
10.366667 	 2.451755 
10.400000 	 2.451755 
10.433333 	 2.451755 
10.466667 	 2.451755 
10.500000 	 2.451755 
10.533333 	 2.451755 
10.566667 	 2.451755 
10.600000 	 2.451755 
10.633333 	 2.451755 
10.666667 	 2.451755 
10.700000 	 2.451755 
10.733333 	 2.451755 
10.766667 	 2.451755 
10.800000 	 2.451755 
10.833333 	 2.451755 
10.866667 	 2.451755 
10.900000 	 2.451755 
10.933333 	 2.451755 
10.966667 	 2.451755 
11.000000 	 2.451755 
11.033333 	 2.451755 
11.066667 	 2.451755 
11.100000 	 2.451755 
11.133333 	 2.451755 
11.166667 	 2.451755 
11.200000 	 2.451755 
11.233333 	 2.451755 
11.266667 	 2.451755 
11.300000 	 2.451755 
11.333333 	 2.451755 
11.366667 	 2.451755 
11.400000 	 2.451755 
11.433333 	 2.451755 
11.466667 	 2.451755 
11.500000 	 2.451755 
11.533333 	 2.451755 
11.566667 	 2.441570 
11.600000 	 2.451755 
11.633333 	 2.451755 
11.666667 	 2.451755 
11.700000 	 2.451755 
11.733333 	 2.451755 
11.766667 	 2.451755 
11.800000 	 2.451755 
11.833333 	 2.451755 
11.866667 	 2.451755 
11.900000 	 2.451755 
11.933333 	 2.451755 
11.966667 	 2.451755 
12.000000 	 2.451755 
12.033333 	 2.451755 
12.066667 	 2.451755 
12.100000 	 2.451755 
12.133333 	 2.451755 
12.166667 	 2.451755 
12.200000 	 2.451755 
12.233333 	 2.451755 
12.266667 	 2.451755 
12.300000 	 2.451755 
12.333333 	 2.451755 
12.366667 	 2.451755 
12.400000 	 2.451755 
12.433333 	 2.451755 
12.466667 	 2.451755 
12.500000 	 2.451755 
12.533333 	 2.451755 
12.566667 	 2.451755 
12.600000 	 2.451755 
12.633333 	 2.441570 
12.666667 	 2.451755 
12.700000 	 2.451755 
12.733333 	 2.451755 
12.766667 	 2.441570 
12.800000 	 2.451755 
12.833333 	 2.441570 
12.866667 	 2.451755 
12.900000 	 2.451755 
12.933333 	 2.451755 
12.966667 	 2.451755 
13.000000 	 2.451755 
13.033333 	 2.451755 
13.066667 	 2.451755 
13.100000 	 2.451755 
13.133333 	 2.451755 
13.166667 	 2.451755 
13.200000 	 2.451755 
13.233333 	 2.451755 
13.266667 	 2.451755 
13.300000 	 2.451755 
13.333333 	 2.451755 
13.366667 	 2.451755 
13.400000 	 2.441570 
13.433333 	 2.451755 
13.466667 	 2.451755 
13.500000 	 2.451755 
13.533333 	 2.451755 
13.566667 	 2.451755 
13.600000 	 2.451755 
13.633333 	 2.451755 
13.666667 	 2.451755 
13.700000 	 2.451755 
13.733333 	 2.451755 
13.766667 	 2.451755 
13.800000 	 2.451755 
13.833333 	 2.451755 
13.866667 	 2.441570 
13.900000 	 2.451755 
13.933333 	 2.451755 
13.966667 	 2.451755 
14.000000 	 2.451755 
14.033333 	 2.451755 
14.066667 	 2.451755 
14.100000 	 2.451755 
14.133333 	 2.451755 
14.166667 	 2.451755 
14.200000 	 2.441570 
14.233333 	 2.451755 
14.266667 	 2.441570 
14.300000 	 2.451755 
14.333333 	 2.451755 
14.366667 	 2.441570 
14.400000 	 2.451755 
14.433333 	 2.451755 
14.466667 	 2.451755 
14.500000 	 2.451755 
14.533333 	 2.451755 
14.566667 	 2.451755 
14.600000 	 2.451755 
14.633333 	 2.451755 
14.666667 	 2.451755 
14.700000 	 2.451755 
14.733333 	 2.451755 
14.766667 	 2.451755 
14.800000 	 2.451755 
14.833333 	 2.451755 
14.866667 	 2.451755 
14.900000 	 2.441570 
14.933333 	 2.451755 
14.966667 	 2.451755 
15.000000 	 2.451755 
15.033333 	 2.451755 
15.066667 	 2.451755 
15.100000 	 2.451755 
15.133333 	 2.451755 
15.166667 	 2.451755 
15.200000 	 2.451755 
15.233333 	 2.451755 
15.266667 	 2.451755 
15.300000 	 2.451755 
15.333333 	 2.441570 
15.366667 	 2.451755 
15.400000 	 2.451755 
15.433333 	 2.451755 
15.466667 	 2.441570 
15.500000 	 2.451755 
15.533333 	 2.451755 
15.566667 	 2.451755 
15.600000 	 2.451755 
15.633333 	 2.451755 
15.666667 	 2.451755 
15.700000 	 2.451755 
15.733333 	 2.451755 
15.766667 	 2.451755 
15.800000 	 2.451755 
15.833333 	 2.451755 
15.866667 	 2.451755 
15.900000 	 2.451755 
15.933333 	 2.451755 
15.966667 	 2.451755 
16.000000 	 2.451755 
16.033333 	 2.451755 
16.066667 	 2.451755 
16.100000 	 2.451755 
16.133333 	 2.451755 
16.166667 	 2.451755 
16.200000 	 2.451755 
16.233333 	 2.451755 
16.266667 	 2.451755 
16.300000 	 2.451755 
16.333333 	 2.451755 
16.366667 	 2.451755 
16.400000 	 2.451755 
16.433333 	 2.451755 
16.466667 	 2.441570 
16.500000 	 2.451755 
16.533333 	 2.451755 
16.566667 	 2.451755 
16.600000 	 2.451755 
16.633333 	 2.451755 
16.666667 	 2.451755 
16.700000 	 2.451755 
16.733333 	 2.451755 
16.766667 	 2.451755 
16.800000 	 2.451755 
16.833333 	 2.451755 
16.866667 	 2.451755 
16.900000 	 2.451755 
16.933333 	 2.451755 
16.966667 	 2.451755 
17.000000 	 2.451755 
17.033333 	 2.441570 
17.066667 	 2.441570 
17.100000 	 2.451755 
17.133333 	 2.451755 
17.166667 	 2.451755 
17.200000 	 2.451755 
17.233333 	 2.451755 
17.266667 	 2.451755 
17.300000 	 2.451755 
17.333333 	 2.451755 
17.366667 	 2.451755 
17.400000 	 2.451755 
17.433333 	 2.451755 
17.466667 	 2.451755 
17.500000 	 2.451755 
17.533333 	 2.451755 
17.566667 	 2.451755 
17.600000 	 2.451755 
17.633333 	 2.451755 
17.666667 	 2.451755 
17.700000 	 2.451755 
17.733333 	 2.451755 
17.766667 	 2.451755 
17.800000 	 2.451755 
17.833333 	 2.451755 
17.866667 	 2.451755 
17.900000 	 2.451755 
17.933333 	 2.451755 
17.966667 	 2.451755 
18.000000 	 2.451755 
18.033333 	 2.451755 
18.066667 	 2.451755 
18.100000 	 2.451755 
18.133333 	 2.451755 
18.166667 	 2.451755 
18.200000 	 2.451755 
18.233333 	 2.451755 
18.266667 	 2.451755 
18.300000 	 2.441570 
18.333333 	 2.451755 
18.366667 	 2.451755 
18.400000 	 2.451755 
18.433333 	 2.451755 
18.466667 	 2.451755 
18.500000 	 2.451755 
18.533333 	 2.451755 
18.566667 	 2.451755 
18.600000 	 2.451755 
18.633333 	 2.451755 
18.666667 	 2.451755 
18.700000 	 2.451755 
18.733333 	 2.441570 
18.766667 	 2.451755 
18.800000 	 2.451755 
18.833333 	 2.451755 
18.866667 	 2.451755 
18.900000 	 2.451755 
18.933333 	 2.451755 
18.966667 	 2.451755 
19.000000 	 2.451755 
19.033333 	 2.451755 
19.066667 	 2.451755 
19.100000 	 2.451755 
19.133333 	 2.451755 
19.166667 	 2.451755 
19.200000 	 2.451755 
19.233333 	 2.451755 
19.266667 	 2.451755 
19.300000 	 2.451755 
19.333333 	 2.451755 
19.366667 	 2.451755 
19.400000 	 2.451755 
19.433333 	 2.451755 
19.466667 	 2.441570 
19.500000 	 2.451755 
19.533333 	 2.451755 
19.566667 	 2.451755 
19.600000 	 2.451755 
19.633333 	 2.451755 
19.666667 	 2.451755 
19.700000 	 2.451755 
19.733333 	 2.451755 
19.766667 	 2.451755 
19.800000 	 2.451755 
19.833333 	 2.451755 
19.866667 	 2.451755 
19.900000 	 2.451755 
19.933333 	 2.451755 
19.966667 	 2.451755 
