0.000000 	 2.553602 
0.033333 	 2.553602 
0.066667 	 2.553602 
0.100000 	 2.553602 
0.133333 	 2.553602 
0.166667 	 2.553602 
0.200000 	 2.553602 
0.233333 	 2.553602 
0.266667 	 2.553602 
0.300000 	 2.553602 
0.333333 	 2.553602 
0.366667 	 2.553602 
0.400000 	 2.553602 
0.433333 	 2.553602 
0.466667 	 2.553602 
0.500000 	 2.553602 
0.533333 	 2.553602 
0.566667 	 2.553602 
0.600000 	 2.553602 
0.633333 	 2.553602 
0.666667 	 2.553602 
0.700000 	 2.553602 
0.733333 	 2.553602 
0.766667 	 2.553602 
0.800000 	 2.553602 
0.833333 	 2.553602 
0.866667 	 2.543417 
0.900000 	 2.553602 
0.933333 	 2.553602 
0.966667 	 2.553602 
1.000000 	 2.553602 
1.033333 	 2.553602 
1.066667 	 2.553602 
1.100000 	 2.553602 
1.133333 	 2.553602 
1.166667 	 2.553602 
1.200000 	 2.553602 
1.233333 	 2.553602 
1.266667 	 2.553602 
1.300000 	 2.553602 
1.333333 	 2.553602 
1.366667 	 2.553602 
1.400000 	 2.553602 
1.433333 	 2.553602 
1.466667 	 2.553602 
1.500000 	 2.553602 
1.533333 	 2.553602 
1.566667 	 2.553602 
1.600000 	 2.553602 
1.633333 	 2.553602 
1.666667 	 2.553602 
1.700000 	 2.553602 
1.733333 	 2.553602 
1.766667 	 2.553602 
1.800000 	 2.553602 
1.833333 	 2.553602 
1.866667 	 2.553602 
1.900000 	 2.553602 
1.933333 	 2.553602 
1.966667 	 2.553602 
2.000000 	 2.553602 
2.033333 	 2.553602 
2.066667 	 2.553602 
2.100000 	 2.553602 
2.133333 	 2.553602 
2.166667 	 2.543417 
2.200000 	 2.553602 
2.233333 	 2.553602 
2.266667 	 2.553602 
2.300000 	 2.543417 
2.333333 	 2.553602 
2.366667 	 2.553602 
2.400000 	 2.553602 
2.433333 	 2.553602 
2.466667 	 2.553602 
2.500000 	 2.553602 
2.533333 	 2.553602 
2.566667 	 2.553602 
2.600000 	 2.553602 
2.633333 	 2.553602 
2.666667 	 2.553602 
2.700000 	 2.543417 
2.733333 	 2.553602 
2.766667 	 2.553602 
2.800000 	 2.553602 
2.833333 	 2.553602 
2.866667 	 2.553602 
2.900000 	 2.553602 
2.933333 	 2.553602 
2.966667 	 2.553602 
3.000000 	 2.553602 
3.033333 	 2.553602 
3.066667 	 2.553602 
3.100000 	 2.553602 
3.133333 	 2.553602 
3.166667 	 2.553602 
3.200000 	 2.553602 
3.233333 	 2.553602 
3.266667 	 2.553602 
3.300000 	 2.553602 
3.333333 	 2.553602 
3.366667 	 2.553602 
3.400000 	 2.553602 
3.433333 	 2.553602 
3.466667 	 2.553602 
3.500000 	 2.553602 
3.533333 	 2.553602 
3.566667 	 2.553602 
3.600000 	 2.553602 
3.633333 	 2.553602 
3.666667 	 2.553602 
3.700000 	 2.553602 
3.733333 	 2.553602 
3.766667 	 2.553602 
3.800000 	 2.553602 
3.833333 	 2.553602 
3.866667 	 2.553602 
3.900000 	 2.553602 
3.933333 	 2.553602 
3.966667 	 2.553602 
4.000000 	 2.553602 
4.033333 	 2.543417 
4.066667 	 2.553602 
4.100000 	 2.553602 
4.133333 	 2.553602 
4.166667 	 2.553602 
4.200000 	 2.543417 
4.233333 	 2.553602 
4.266667 	 2.553602 
4.300000 	 2.553602 
4.333333 	 2.553602 
4.366667 	 2.553602 
4.400000 	 2.553602 
4.433333 	 2.553602 
4.466667 	 2.553602 
4.500000 	 2.543417 
4.533333 	 2.553602 
4.566667 	 2.553602 
4.600000 	 2.553602 
4.633333 	 2.553602 
4.666667 	 2.553602 
4.700000 	 2.553602 
4.733333 	 2.553602 
4.766667 	 2.553602 
4.800000 	 2.553602 
4.833333 	 2.553602 
4.866667 	 2.553602 
4.900000 	 2.553602 
4.933333 	 2.553602 
4.966667 	 2.553602 
5.000000 	 2.553602 
5.033333 	 2.553602 
5.066667 	 2.553602 
5.100000 	 2.543417 
5.133333 	 2.553602 
5.166667 	 2.553602 
5.200000 	 2.553602 
5.233333 	 2.553602 
5.266667 	 2.553602 
5.300000 	 2.553602 
5.333333 	 2.553602 
5.366667 	 2.553602 
5.400000 	 2.553602 
5.433333 	 2.553602 
5.466667 	 2.543417 
5.500000 	 2.553602 
5.533333 	 2.553602 
5.566667 	 2.553602 
5.600000 	 2.553602 
5.633333 	 2.553602 
5.666667 	 2.553602 
5.700000 	 2.553602 
5.733333 	 2.553602 
5.766667 	 2.553602 
5.800000 	 2.553602 
5.833333 	 2.553602 
5.866667 	 2.553602 
5.900000 	 2.553602 
5.933333 	 2.553602 
5.966667 	 2.553602 
6.000000 	 2.553602 
6.033333 	 2.553602 
6.066667 	 2.553602 
6.100000 	 2.553602 
6.133333 	 2.553602 
6.166667 	 2.553602 
6.200000 	 2.553602 
6.233333 	 2.553602 
6.266667 	 2.553602 
6.300000 	 2.553602 
6.333333 	 2.543417 
6.366667 	 2.553602 
6.400000 	 2.553602 
6.433333 	 2.553602 
6.466667 	 2.553602 
6.500000 	 2.553602 
6.533333 	 2.553602 
6.566667 	 2.553602 
6.600000 	 2.553602 
6.633333 	 2.553602 
6.666667 	 2.553602 
6.700000 	 2.553602 
6.733333 	 2.543417 
6.766667 	 2.553602 
6.800000 	 2.553602 
6.833333 	 2.553602 
6.866667 	 2.553602 
6.900000 	 2.553602 
6.933333 	 2.553602 
6.966667 	 2.553602 
7.000000 	 2.553602 
7.033333 	 2.553602 
7.066667 	 2.553602 
7.100000 	 2.553602 
7.133333 	 2.543417 
7.166667 	 2.553602 
7.200000 	 2.553602 
7.233333 	 2.553602 
7.266667 	 2.553602 
7.300000 	 2.553602 
7.333333 	 2.553602 
7.366667 	 2.553602 
7.400000 	 2.553602 
7.433333 	 2.553602 
7.466667 	 2.553602 
7.500000 	 2.553602 
7.533333 	 2.553602 
7.566667 	 2.553602 
7.600000 	 2.553602 
7.633333 	 2.553602 
7.666667 	 2.553602 
7.700000 	 2.553602 
7.733333 	 2.553602 
7.766667 	 2.553602 
7.800000 	 2.553602 
7.833333 	 2.553602 
7.866667 	 2.553602 
7.900000 	 2.553602 
7.933333 	 2.553602 
7.966667 	 2.553602 
8.000000 	 2.543417 
8.033333 	 2.543417 
8.066667 	 2.553602 
8.100000 	 2.553602 
8.133333 	 2.553602 
8.166667 	 2.543417 
8.200000 	 2.553602 
8.233333 	 2.553602 
8.266667 	 2.553602 
8.300000 	 2.553602 
8.333333 	 2.553602 
8.366667 	 2.553602 
8.400000 	 2.553602 
8.433333 	 2.553602 
8.466667 	 2.543417 
8.500000 	 2.553602 
8.533333 	 2.553602 
8.566667 	 2.553602 
8.600000 	 2.543417 
8.633333 	 2.543417 
8.666667 	 2.553602 
8.700000 	 2.553602 
8.733333 	 2.553602 
8.766667 	 2.543417 
8.800000 	 2.553602 
8.833333 	 2.553602 
8.866667 	 2.553602 
8.900000 	 2.553602 
8.933333 	 2.553602 
8.966667 	 2.553602 
9.000000 	 2.553602 
9.033333 	 2.553602 
9.066667 	 2.553602 
9.100000 	 2.553602 
9.133333 	 2.553602 
9.166667 	 2.553602 
9.200000 	 2.553602 
9.233333 	 2.553602 
9.266667 	 2.553602 
9.300000 	 2.553602 
9.333333 	 2.553602 
9.366667 	 2.553602 
9.400000 	 2.543417 
9.433333 	 2.553602 
9.466667 	 2.553602 
9.500000 	 2.553602 
9.533333 	 2.553602 
9.566667 	 2.553602 
9.600000 	 2.553602 
9.633333 	 2.553602 
9.666667 	 2.553602 
9.700000 	 2.553602 
9.733333 	 2.553602 
9.766667 	 2.553602 
9.800000 	 2.553602 
9.833333 	 2.553602 
9.866667 	 2.553602 
9.900000 	 2.553602 
9.933333 	 2.553602 
9.966667 	 2.553602 
10.000000 	 2.553602 
10.033333 	 2.553602 
10.066667 	 2.553602 
10.100000 	 2.553602 
10.133333 	 2.553602 
10.166667 	 2.553602 
10.200000 	 2.553602 
10.233333 	 2.553602 
10.266667 	 2.553602 
10.300000 	 2.553602 
10.333333 	 2.553602 
10.366667 	 2.553602 
10.400000 	 2.553602 
10.433333 	 2.553602 
10.466667 	 2.553602 
10.500000 	 2.553602 
10.533333 	 2.553602 
10.566667 	 2.553602 
10.600000 	 2.553602 
10.633333 	 2.553602 
10.666667 	 2.553602 
10.700000 	 2.553602 
10.733333 	 2.553602 
10.766667 	 2.553602 
10.800000 	 2.553602 
10.833333 	 2.553602 
10.866667 	 2.553602 
10.900000 	 2.553602 
10.933333 	 2.553602 
10.966667 	 2.553602 
11.000000 	 2.543417 
11.033333 	 2.553602 
11.066667 	 2.553602 
11.100000 	 2.553602 
11.133333 	 2.553602 
11.166667 	 2.553602 
11.200000 	 2.553602 
11.233333 	 2.553602 
11.266667 	 2.553602 
11.300000 	 2.553602 
11.333333 	 2.553602 
11.366667 	 2.553602 
11.400000 	 2.553602 
11.433333 	 2.553602 
11.466667 	 2.543417 
11.500000 	 2.553602 
11.533333 	 2.553602 
11.566667 	 2.553602 
11.600000 	 2.553602 
11.633333 	 2.553602 
11.666667 	 2.553602 
11.700000 	 2.553602 
11.733333 	 2.553602 
11.766667 	 2.553602 
11.800000 	 2.553602 
11.833333 	 2.553602 
11.866667 	 2.553602 
11.900000 	 2.553602 
11.933333 	 2.553602 
11.966667 	 2.553602 
12.000000 	 2.553602 
12.033333 	 2.553602 
12.066667 	 2.553602 
12.100000 	 2.553602 
12.133333 	 2.553602 
12.166667 	 2.553602 
12.200000 	 2.553602 
12.233333 	 2.553602 
12.266667 	 2.553602 
12.300000 	 2.553602 
12.333333 	 2.553602 
12.366667 	 2.553602 
12.400000 	 2.553602 
12.433333 	 2.553602 
12.466667 	 2.553602 
12.500000 	 2.553602 
12.533333 	 2.553602 
12.566667 	 2.553602 
12.600000 	 2.553602 
12.633333 	 2.553602 
12.666667 	 2.553602 
12.700000 	 2.553602 
12.733333 	 2.553602 
12.766667 	 2.553602 
12.800000 	 2.553602 
12.833333 	 2.553602 
12.866667 	 2.553602 
12.900000 	 2.553602 
12.933333 	 2.553602 
12.966667 	 2.553602 
13.000000 	 2.553602 
13.033333 	 2.553602 
13.066667 	 2.553602 
13.100000 	 2.553602 
13.133333 	 2.553602 
13.166667 	 2.543417 
13.200000 	 2.553602 
13.233333 	 2.553602 
13.266667 	 2.543417 
13.300000 	 2.553602 
13.333333 	 2.553602 
13.366667 	 2.553602 
13.400000 	 2.553602 
13.433333 	 2.553602 
13.466667 	 2.553602 
13.500000 	 2.553602 
13.533333 	 2.553602 
13.566667 	 2.553602 
13.600000 	 2.553602 
13.633333 	 2.543417 
13.666667 	 2.553602 
13.700000 	 2.553602 
13.733333 	 2.553602 
13.766667 	 2.553602 
13.800000 	 2.553602 
13.833333 	 2.553602 
13.866667 	 2.553602 
13.900000 	 2.553602 
13.933333 	 2.553602 
13.966667 	 2.553602 
14.000000 	 2.553602 
14.033333 	 2.553602 
14.066667 	 2.553602 
14.100000 	 2.553602 
14.133333 	 2.553602 
14.166667 	 2.553602 
14.200000 	 2.553602 
14.233333 	 2.553602 
14.266667 	 2.553602 
14.300000 	 2.553602 
14.333333 	 2.553602 
14.366667 	 2.553602 
14.400000 	 2.553602 
14.433333 	 2.543417 
14.466667 	 2.553602 
14.500000 	 2.553602 
14.533333 	 2.553602 
14.566667 	 2.543417 
14.600000 	 2.553602 
14.633333 	 2.553602 
14.666667 	 2.553602 
14.700000 	 2.553602 
14.733333 	 2.553602 
14.766667 	 2.553602 
14.800000 	 2.553602 
14.833333 	 2.553602 
14.866667 	 2.553602 
14.900000 	 2.543417 
14.933333 	 2.553602 
14.966667 	 2.553602 
15.000000 	 2.553602 
15.033333 	 2.553602 
15.066667 	 2.553602 
15.100000 	 2.553602 
15.133333 	 2.553602 
15.166667 	 2.553602 
15.200000 	 2.543417 
15.233333 	 2.553602 
15.266667 	 2.553602 
15.300000 	 2.553602 
15.333333 	 2.553602 
15.366667 	 2.553602 
15.400000 	 2.553602 
15.433333 	 2.553602 
15.466667 	 2.553602 
15.500000 	 2.553602 
15.533333 	 2.553602 
15.566667 	 2.553602 
15.600000 	 2.553602 
15.633333 	 2.553602 
15.666667 	 2.553602 
15.700000 	 2.553602 
15.733333 	 2.553602 
15.766667 	 2.553602 
15.800000 	 2.563787 
15.833333 	 2.553602 
15.866667 	 2.553602 
15.900000 	 2.553602 
15.933333 	 2.553602 
15.966667 	 2.553602 
16.000000 	 2.553602 
16.033333 	 2.553602 
16.066667 	 2.553602 
16.100000 	 2.553602 
16.133333 	 2.553602 
16.166667 	 2.553602 
16.200000 	 2.553602 
16.233333 	 2.553602 
16.266667 	 2.553602 
16.300000 	 2.553602 
16.333333 	 2.553602 
16.366667 	 2.553602 
16.400000 	 2.553602 
16.433333 	 2.553602 
16.466667 	 2.553602 
16.500000 	 2.553602 
16.533333 	 2.553602 
16.566667 	 2.553602 
16.600000 	 2.553602 
16.633333 	 2.553602 
16.666667 	 2.553602 
16.700000 	 2.553602 
16.733333 	 2.553602 
16.766667 	 2.553602 
16.800000 	 2.553602 
16.833333 	 2.553602 
16.866667 	 2.553602 
16.900000 	 2.553602 
16.933333 	 2.553602 
16.966667 	 2.553602 
17.000000 	 2.553602 
17.033333 	 2.553602 
17.066667 	 2.553602 
17.100000 	 2.553602 
17.133333 	 2.553602 
17.166667 	 2.553602 
17.200000 	 2.553602 
17.233333 	 2.553602 
17.266667 	 2.553602 
17.300000 	 2.553602 
17.333333 	 2.553602 
17.366667 	 2.553602 
17.400000 	 2.553602 
17.433333 	 2.553602 
17.466667 	 2.553602 
17.500000 	 2.553602 
17.533333 	 2.553602 
17.566667 	 2.553602 
17.600000 	 2.553602 
17.633333 	 2.553602 
17.666667 	 2.553602 
17.700000 	 2.553602 
17.733333 	 2.553602 
17.766667 	 2.553602 
17.800000 	 2.553602 
17.833333 	 2.553602 
17.866667 	 2.553602 
17.900000 	 2.553602 
17.933333 	 2.553602 
17.966667 	 2.553602 
18.000000 	 2.553602 
18.033333 	 2.553602 
18.066667 	 2.553602 
18.100000 	 2.553602 
18.133333 	 2.553602 
18.166667 	 2.553602 
18.200000 	 2.553602 
18.233333 	 2.553602 
18.266667 	 2.553602 
18.300000 	 2.553602 
18.333333 	 2.553602 
18.366667 	 2.553602 
18.400000 	 2.553602 
18.433333 	 2.553602 
18.466667 	 2.553602 
18.500000 	 2.553602 
18.533333 	 2.543417 
18.566667 	 2.553602 
18.600000 	 2.553602 
18.633333 	 2.553602 
18.666667 	 2.553602 
18.700000 	 2.553602 
18.733333 	 2.553602 
18.766667 	 2.553602 
18.800000 	 2.553602 
18.833333 	 2.543417 
18.866667 	 2.553602 
18.900000 	 2.553602 
18.933333 	 2.553602 
18.966667 	 2.553602 
19.000000 	 2.553602 
19.033333 	 2.553602 
19.066667 	 2.553602 
19.100000 	 2.553602 
19.133333 	 2.553602 
19.166667 	 2.553602 
19.200000 	 2.553602 
19.233333 	 2.553602 
19.266667 	 2.553602 
19.300000 	 2.553602 
19.333333 	 2.553602 
19.366667 	 2.553602 
19.400000 	 2.553602 
19.433333 	 2.553602 
19.466667 	 2.553602 
19.500000 	 2.553602 
19.533333 	 2.553602 
19.566667 	 2.553602 
19.600000 	 2.553602 
19.633333 	 2.553602 
19.666667 	 2.553602 
19.700000 	 2.553602 
19.733333 	 2.553602 
19.766667 	 2.553602 
19.800000 	 2.553602 
19.833333 	 2.553602 
19.866667 	 2.553602 
19.900000 	 2.553602 
19.933333 	 2.553602 
19.966667 	 2.553602 
