time (s) 	 Voltage (V) 
0.000000 	 0.995418 
0.001000 	 1.003142 
0.002000 	 1.111288 
0.003000 	 1.305691 
0.004000 	 1.596653 
0.005000 	 1.971299 
0.006000 	 2.420616 
0.007000 	 2.930444 
0.008000 	 3.491768 
0.009000 	 4.090429 
0.010000 	 4.710976 
0.011000 	 5.337961 
0.012000 	 5.955933 
0.013000 	 6.550731 
0.014000 	 7.106906 
0.015000 	 7.611584 
0.016000 	 8.050602 
0.017000 	 8.413660 
0.018000 	 8.691748 
0.019000 	 8.882289 
0.020000 	 8.976273 
0.021000 	 8.971123 
0.022000 	 8.866840 
0.023000 	 8.668574 
0.024000 	 8.381474 
0.025000 	 8.008116 
0.026000 	 7.561373 
0.027000 	 7.051546 
0.028000 	 6.491509 
0.029000 	 5.892848 
0.030000 	 5.273589 
0.031000 	 4.645317 
0.032000 	 4.027344 
0.033000 	 3.432546 
0.034000 	 2.875084 
0.035000 	 2.370406 
0.036000 	 1.930101 
0.037000 	 1.563180 
0.038000 	 1.282517 
0.039000 	 1.090689 
0.040000 	 0.997993 
0.041000 	 0.999280 
0.042000 	 1.100988 
0.043000 	 1.297967 
0.044000 	 1.586354 
0.045000 	 1.955850 
0.046000 	 2.402592 
0.047000 	 2.911132 
0.048000 	 3.472457 
0.049000 	 4.071117 
0.050000 	 4.689090 
0.051000 	 5.316074 
0.052000 	 5.934046 
0.053000 	 6.530132 
0.054000 	 7.088882 
0.055000 	 7.593559 
0.056000 	 8.036440 
0.057000 	 8.400786 
0.058000 	 8.686598 
0.059000 	 8.878427 
0.060000 	 8.973698 
0.061000 	 8.969835 
0.062000 	 8.873277 
0.063000 	 8.677586 
0.064000 	 8.391774 
0.065000 	 8.019703 
0.066000 	 7.576823 
0.067000 	 7.070858 
0.068000 	 6.510821 
0.069000 	 5.913447 
0.070000 	 5.294188 
0.071000 	 4.667203 
0.072000 	 4.047943 
0.073000 	 3.451858 
0.074000 	 2.894395 
0.075000 	 2.385855 
0.076000 	 1.941688 
0.077000 	 1.574767 
0.078000 	 1.290242 
0.079000 	 1.095838 
0.080000 	 0.997993 
0.081000 	 0.999280 
0.082000 	 1.097126 
0.083000 	 1.288955 
0.084000 	 1.573479 
0.085000 	 1.941688 
0.086000 	 2.387143 
0.087000 	 2.893108 
0.088000 	 3.451858 
0.089000 	 4.047943 
0.090000 	 4.667203 
0.091000 	 5.294188 
0.092000 	 5.913447 
0.093000 	 6.510821 
0.094000 	 7.069570 
0.095000 	 7.576823 
0.096000 	 8.018415 
0.097000 	 8.391774 
0.098000 	 8.677586 
0.099000 	 8.871990 
0.100000 	 8.969835 
0.101000 	 8.974985 
0.102000 	 8.877139 
0.103000 	 8.686598 
0.104000 	 8.400786 
0.105000 	 8.037727 
0.106000 	 7.594847 
0.107000 	 7.088882 
0.108000 	 6.530132 
0.109000 	 5.935334 
0.110000 	 5.317362 
0.111000 	 4.689090 
0.112000 	 4.069830 
0.113000 	 3.473744 
0.114000 	 2.912419 
0.115000 	 2.402592 
0.116000 	 1.957137 
0.117000 	 1.587641 
0.118000 	 1.296679 
0.119000 	 1.102276 
0.120000 	 1.001855 
0.121000 	 0.997993 
0.122000 	 1.090689 
0.123000 	 1.281230 
0.124000 	 1.563180 
0.125000 	 1.928813 
0.126000 	 2.369119 
0.127000 	 2.873796 
0.128000 	 3.431259 
0.129000 	 4.026057 
0.130000 	 4.645317 
0.131000 	 5.272301 
0.132000 	 5.891561 
0.133000 	 6.490221 
0.134000 	 7.051546 
0.135000 	 7.560086 
0.136000 	 8.006828 
0.137000 	 8.378899 
0.138000 	 8.669861 
0.139000 	 8.868127 
0.140000 	 8.971123 
0.141000 	 8.974985 
0.142000 	 8.882289 
0.143000 	 8.690460 
0.144000 	 8.414948 
0.145000 	 8.050602 
0.146000 	 7.611584 
0.147000 	 7.106906 
0.148000 	 6.552019 
0.149000 	 5.957220 
0.150000 	 5.337961 
0.151000 	 4.712264 
0.152000 	 4.090429 
0.153000 	 3.493056 
0.154000 	 2.931731 
0.155000 	 2.420616 
0.156000 	 1.971299 
0.157000 	 1.597941 
0.158000 	 1.306979 
0.159000 	 1.106138 
0.160000 	 1.005717 
0.161000 	 0.994130 
0.162000 	 1.085539 
0.163000 	 1.274793 
0.164000 	 1.554168 
0.165000 	 1.913364 
0.166000 	 2.352382 
0.167000 	 2.855772 
0.168000 	 3.411947 
0.169000 	 4.005458 
0.170000 	 4.623430 
0.171000 	 5.250415 
0.172000 	 5.869674 
0.173000 	 6.470910 
0.174000 	 7.032235 
0.175000 	 7.544637 
0.176000 	 7.992667 
0.177000 	 8.368600 
0.178000 	 8.660849 
0.179000 	 8.861690 
0.180000 	 8.967260 
0.181000 	 8.976273 
0.182000 	 8.887439 
0.183000 	 8.703335 
0.184000 	 8.425247 
0.185000 	 8.064763 
0.186000 	 7.627033 
0.187000 	 7.126218 
0.188000 	 6.571330 
0.189000 	 5.977819 
0.190000 	 5.361135 
0.191000 	 4.734150 
0.192000 	 4.113603 
0.193000 	 3.512367 
0.194000 	 2.951043 
0.195000 	 2.437353 
0.196000 	 1.986748 
0.197000 	 1.609528 
0.198000 	 1.315991 
0.199000 	 1.111288 
0.200000 	 1.004430 
0.201000 	 0.992843 
0.202000 	 1.081676 
0.203000 	 1.264493 
0.204000 	 1.540006 
0.205000 	 1.899202 
0.206000 	 2.335645 
0.207000 	 2.839035 
0.208000 	 3.390060 
0.209000 	 3.983571 
0.210000 	 4.601544 
0.211000 	 5.228528 
0.212000 	 5.849075 
0.213000 	 6.450311 
0.214000 	 7.014210 
0.215000 	 7.525325 
0.216000 	 7.979792 
0.217000 	 8.357013 
0.218000 	 8.650550 
0.219000 	 8.853965 
0.220000 	 8.967260 
0.221000 	 8.978847 
0.222000 	 8.891301 
0.223000 	 8.708485 
0.224000 	 8.435547 
0.225000 	 8.077638 
0.226000 	 7.643770 
0.227000 	 7.144242 
0.228000 	 6.590642 
0.229000 	 5.999706 
0.230000 	 5.381734 
0.231000 	 4.754749 
0.232000 	 4.134202 
0.233000 	 3.532967 
0.234000 	 2.967779 
0.235000 	 2.454090 
0.236000 	 2.000910 
0.237000 	 1.621115 
0.238000 	 1.323716 
0.239000 	 1.117725 
0.240000 	 1.007005 
0.241000 	 0.991555 
0.242000 	 1.075239 
0.243000 	 1.256769 
0.244000 	 1.529706 
0.245000 	 1.886328 
0.246000 	 2.320196 
0.247000 	 2.818436 
0.248000 	 3.370749 
0.249000 	 3.962972 
0.250000 	 4.579657 
0.251000 	 5.206642 
0.252000 	 5.827189 
0.253000 	 6.429712 
0.254000 	 6.992324 
0.255000 	 7.511163 
0.256000 	 7.964343 
0.257000 	 8.344138 
0.258000 	 8.638963 
0.259000 	 8.851391 
0.260000 	 8.964686 
0.261000 	 8.980135 
0.262000 	 8.893876 
0.263000 	 8.718784 
0.264000 	 8.448421 
0.265000 	 8.091800 
0.266000 	 7.659219 
0.267000 	 7.163554 
0.268000 	 6.611241 
0.269000 	 6.020305 
0.270000 	 5.403620 
0.271000 	 4.776636 
0.272000 	 4.154801 
0.273000 	 3.553566 
0.274000 	 2.988378 
0.275000 	 2.472114 
0.276000 	 2.013785 
0.277000 	 1.632702 
0.278000 	 1.334015 
0.279000 	 1.124162 
0.280000 	 1.007005 
0.281000 	 0.990268 
0.282000 	 1.072664 
0.283000 	 1.250331 
0.284000 	 1.518119 
0.285000 	 1.870879 
0.286000 	 2.303459 
0.287000 	 2.800412 
0.288000 	 3.351437 
0.289000 	 3.941086 
0.290000 	 4.557771 
0.291000 	 5.184755 
0.292000 	 5.806590 
0.293000 	 6.409113 
0.294000 	 6.975587 
0.295000 	 7.493139 
0.296000 	 7.948894 
0.297000 	 8.333839 
0.298000 	 8.633813 
0.299000 	 8.844953 
0.300000 	 8.960823 
0.301000 	 8.976273 
0.302000 	 8.902888 
0.303000 	 8.725221 
0.304000 	 8.458721 
0.305000 	 8.104674 
0.306000 	 7.677243 
0.307000 	 7.181578 
0.308000 	 6.631840 
0.309000 	 6.040904 
0.310000 	 5.425507 
0.311000 	 4.798522 
0.312000 	 4.176688 
0.313000 	 3.574165 
0.314000 	 3.006403 
0.315000 	 2.486276 
0.316000 	 2.029234 
0.317000 	 1.645576 
0.318000 	 1.344315 
0.319000 	 1.128024 
0.320000 	 1.009580 
0.321000 	 0.991555 
0.322000 	 1.070089 
0.323000 	 1.241319 
0.324000 	 1.506532 
0.325000 	 1.859292 
0.326000 	 2.289297 
0.327000 	 2.781100 
0.328000 	 3.332126 
0.329000 	 3.920487 
0.330000 	 4.535884 
0.331000 	 5.164156 
0.332000 	 5.785991 
0.333000 	 6.388514 
0.334000 	 6.956276 
0.335000 	 7.476402 
0.336000 	 7.934732 
0.337000 	 8.320964 
0.338000 	 8.623513 
0.339000 	 8.839804 
0.340000 	 8.960823 
0.341000 	 8.981422 
0.342000 	 8.905463 
0.343000 	 8.732946 
0.344000 	 8.470308 
0.345000 	 8.118836 
0.346000 	 7.692693 
0.347000 	 7.199602 
0.348000 	 6.649864 
0.349000 	 6.062791 
0.350000 	 5.447393 
0.351000 	 4.820409 
0.352000 	 4.197287 
0.353000 	 3.593476 
0.354000 	 3.025714 
0.355000 	 2.504300 
0.356000 	 2.044683 
0.357000 	 1.657163 
0.358000 	 1.350752 
0.359000 	 1.135749 
0.360000 	 1.014729 
0.361000 	 0.987693 
0.362000 	 1.062365 
0.363000 	 1.233595 
0.364000 	 1.497520 
0.365000 	 1.848992 
0.366000 	 2.269986 
0.367000 	 2.764363 
0.368000 	 3.311526 
0.369000 	 3.899888 
0.370000 	 4.513998 
0.371000 	 5.140982 
0.372000 	 5.764104 
0.373000 	 6.367914 
0.374000 	 6.936964 
0.375000 	 7.459665 
0.376000 	 7.920570 
0.377000 	 8.308090 
0.378000 	 8.617076 
0.379000 	 8.834654 
0.380000 	 8.956961 
0.381000 	 8.981422 
0.382000 	 8.909326 
0.383000 	 8.740671 
0.384000 	 8.479320 
0.385000 	 8.131710 
0.386000 	 7.708142 
0.387000 	 7.217626 
0.388000 	 6.670463 
0.389000 	 6.083390 
0.390000 	 5.469280 
0.391000 	 4.842295 
0.392000 	 4.219173 
0.393000 	 3.614075 
0.394000 	 3.045026 
0.395000 	 2.522324 
0.396000 	 2.058845 
0.397000 	 1.670038 
0.398000 	 1.359764 
0.399000 	 1.142186 
0.400000 	 1.014729 
0.401000 	 0.987693 
0.402000 	 1.058502 
0.403000 	 1.228445 
0.404000 	 1.484646 
0.405000 	 1.832255 
0.406000 	 2.254536 
0.407000 	 2.746339 
0.408000 	 3.290927 
0.409000 	 3.878001 
0.410000 	 4.493398 
0.411000 	 5.119095 
0.412000 	 5.740930 
0.413000 	 6.347315 
0.414000 	 6.918940 
0.415000 	 7.442929 
0.416000 	 7.902546 
0.417000 	 8.296503 
0.418000 	 8.606777 
0.419000 	 8.826929 
0.420000 	 8.951811 
0.421000 	 8.983997 
0.422000 	 8.914475 
0.423000 	 8.748395 
0.424000 	 8.489619 
0.425000 	 8.147160 
0.426000 	 7.724879 
0.427000 	 7.235651 
0.428000 	 6.689775 
0.429000 	 6.103989 
0.430000 	 5.491166 
0.431000 	 4.864182 
0.432000 	 4.241060 
0.433000 	 3.635962 
0.434000 	 3.063050 
0.435000 	 2.539061 
0.436000 	 2.074294 
0.437000 	 1.681625 
0.438000 	 1.367489 
0.439000 	 1.146049 
0.440000 	 1.018592 
0.441000 	 0.987693 
0.442000 	 1.053353 
0.443000 	 1.218145 
0.444000 	 1.475634 
0.445000 	 1.819381 
0.446000 	 2.240374 
0.447000 	 2.728315 
0.448000 	 3.271616 
0.449000 	 3.856115 
0.450000 	 4.471512 
0.451000 	 5.098496 
0.452000 	 5.721618 
0.453000 	 6.328004 
0.454000 	 6.898341 
0.455000 	 7.424905 
0.456000 	 7.889671 
0.457000 	 8.284916 
0.458000 	 8.596477 
0.459000 	 8.816630 
0.460000 	 8.951811 
0.461000 	 8.983997 
0.462000 	 8.918338 
0.463000 	 8.752258 
0.464000 	 8.502494 
0.465000 	 8.160034 
0.466000 	 7.740328 
0.467000 	 7.252387 
0.468000 	 6.710374 
0.469000 	 6.125875 
0.470000 	 5.511765 
0.471000 	 4.886068 
0.472000 	 4.261659 
0.473000 	 3.656561 
0.474000 	 3.083649 
0.475000 	 2.557085 
0.476000 	 2.091031 
0.477000 	 1.693212 
0.478000 	 1.379076 
0.479000 	 1.153773 
0.480000 	 1.023742 
0.481000 	 0.986406 
0.482000 	 1.049490 
0.483000 	 1.212996 
0.484000 	 1.466622 
0.485000 	 1.803932 
0.486000 	 2.222350 
0.487000 	 2.710291 
0.488000 	 3.252304 
0.489000 	 3.835515 
0.490000 	 4.449625 
0.491000 	 5.075322 
0.492000 	 5.699732 
0.493000 	 6.306117 
0.494000 	 6.879029 
0.495000 	 7.406880 
0.496000 	 7.874222 
0.497000 	 8.272042 
0.498000 	 8.588752 
0.499000 	 8.815342 
0.500000 	 8.949236 
0.501000 	 8.985285 
0.502000 	 8.923487 
0.503000 	 8.763845 
0.504000 	 8.511506 
0.505000 	 8.172909 
0.506000 	 7.754490 
0.507000 	 7.271699 
0.508000 	 6.729686 
0.509000 	 6.146474 
0.510000 	 5.533652 
0.511000 	 4.907955 
0.512000 	 4.283545 
0.513000 	 3.677160 
0.514000 	 3.102961 
0.515000 	 2.573822 
0.516000 	 2.103906 
0.517000 	 1.706086 
0.518000 	 1.390663 
0.519000 	 1.157636 
0.520000 	 1.023742 
0.521000 	 0.985118 
0.522000 	 1.048203 
0.523000 	 1.207846 
0.524000 	 1.453747 
0.525000 	 1.792345 
0.526000 	 2.208188 
0.527000 	 2.693554 
0.528000 	 3.231705 
0.529000 	 3.816204 
0.530000 	 4.427739 
0.531000 	 5.053436 
0.532000 	 5.679133 
0.533000 	 6.285518 
0.534000 	 6.861005 
0.535000 	 7.388856 
0.536000 	 7.860060 
0.537000 	 8.259167 
0.538000 	 8.577165 
0.539000 	 8.808905 
0.540000 	 8.946661 
0.541000 	 8.986572 
0.542000 	 8.926062 
0.543000 	 8.770282 
0.544000 	 8.521805 
0.545000 	 8.187070 
0.546000 	 7.772514 
0.547000 	 7.288436 
0.548000 	 6.750285 
0.549000 	 6.167073 
0.550000 	 5.555538 
0.551000 	 4.929841 
0.552000 	 4.305432 
0.553000 	 3.697759 
0.554000 	 3.120985 
0.555000 	 2.590559 
0.556000 	 2.120642 
0.557000 	 1.720248 
0.558000 	 1.398387 
0.559000 	 1.165360 
0.560000 	 1.026316 
0.561000 	 0.986406 
0.562000 	 1.041766 
0.563000 	 1.196259 
0.564000 	 1.443448 
0.565000 	 1.779470 
0.566000 	 2.191452 
0.567000 	 2.674243 
0.568000 	 3.212393 
0.569000 	 3.794317 
0.570000 	 4.407140 
0.571000 	 5.032837 
0.572000 	 5.657246 
0.573000 	 6.264919 
0.574000 	 6.840406 
0.575000 	 7.373407 
0.576000 	 7.845898 
0.577000 	 8.246293 
0.578000 	 8.565578 
0.579000 	 8.803755 
0.580000 	 8.942799 
0.581000 	 8.985285 
0.582000 	 8.927350 
0.583000 	 8.779294 
0.584000 	 8.532105 
0.585000 	 8.198657 
0.586000 	 7.787963 
0.587000 	 7.306460 
0.588000 	 6.770884 
0.589000 	 6.187673 
0.590000 	 5.577425 
0.591000 	 4.950440 
0.592000 	 4.327318 
0.593000 	 3.718358 
0.594000 	 3.141584 
0.595000 	 2.609870 
0.596000 	 2.134804 
0.597000 	 1.731835 
0.598000 	 1.408687 
0.599000 	 1.171797 
0.600000 	 1.030179 
0.601000 	 0.985118 
0.602000 	 1.040478 
0.603000 	 1.189822 
0.604000 	 1.434436 
0.605000 	 1.765308 
0.606000 	 2.176002 
0.607000 	 2.656218 
0.608000 	 3.193082 
0.609000 	 3.773718 
0.610000 	 4.383966 
0.611000 	 5.009663 
0.612000 	 5.635360 
0.613000 	 6.244320 
0.614000 	 6.822382 
0.615000 	 7.355383 
0.616000 	 7.829161 
0.617000 	 8.229556 
0.618000 	 8.559141 
0.619000 	 8.796031 
0.620000 	 8.938937 
0.621000 	 8.982710 
0.622000 	 8.935074 
0.623000 	 8.784444 
0.624000 	 8.542404 
0.625000 	 8.210244 
0.626000 	 7.804700 
0.627000 	 7.324484 
0.628000 	 6.788908 
0.629000 	 6.208272 
0.630000 	 5.599311 
0.631000 	 4.973614 
0.632000 	 4.349205 
0.633000 	 3.738957 
0.634000 	 3.160896 
0.635000 	 2.626607 
0.636000 	 2.150254 
0.637000 	 1.745997 
0.638000 	 1.418986 
0.639000 	 1.178235 
0.640000 	 1.032754 
0.641000 	 0.987693 
0.642000 	 1.037903 
0.643000 	 1.182097 
0.644000 	 1.425424 
0.645000 	 1.755009 
0.646000 	 2.161841 
0.647000 	 2.638194 
0.648000 	 3.173770 
0.649000 	 3.754407 
0.650000 	 4.363367 
0.651000 	 4.989064 
0.652000 	 5.613473 
0.653000 	 6.222433 
0.654000 	 6.803070 
0.655000 	 7.336071 
0.656000 	 7.813712 
0.657000 	 8.220544 
0.658000 	 8.548842 
0.659000 	 8.788306 
0.660000 	 8.936362 
0.661000 	 8.985285 
0.662000 	 8.937649 
0.663000 	 8.790881 
0.664000 	 8.547554 
0.665000 	 8.224406 
0.666000 	 7.820149 
0.667000 	 7.342508 
0.668000 	 6.808220 
0.669000 	 6.230158 
0.670000 	 5.621198 
0.671000 	 4.995501 
0.672000 	 4.369804 
0.673000 	 3.760844 
0.674000 	 3.180207 
0.675000 	 2.643344 
0.676000 	 2.166990 
0.677000 	 1.757584 
0.678000 	 1.427998 
0.679000 	 1.184672 
0.680000 	 1.039191 
0.681000 	 0.988981 
0.682000 	 1.031466 
0.683000 	 1.176947 
0.684000 	 1.415124 
0.685000 	 1.742134 
0.686000 	 2.143816 
0.687000 	 2.620170 
0.688000 	 3.154459 
0.689000 	 3.732520 
0.690000 	 4.341480 
0.691000 	 4.965890 
0.692000 	 5.592874 
0.693000 	 6.201834 
0.694000 	 6.783758 
0.695000 	 7.319334 
0.696000 	 7.798263 
0.697000 	 8.207669 
0.698000 	 8.538542 
0.699000 	 8.783156 
0.700000 	 8.932499 
0.701000 	 8.985285 
0.702000 	 8.940224 
0.703000 	 8.798605 
0.704000 	 8.561716 
0.705000 	 8.238568 
0.706000 	 7.834311 
0.707000 	 7.360532 
0.708000 	 6.828819 
0.709000 	 6.250757 
0.710000 	 5.641797 
0.711000 	 5.017387 
0.712000 	 4.391691 
0.713000 	 3.780155 
0.714000 	 3.198232 
0.715000 	 2.662656 
0.716000 	 2.181152 
0.717000 	 1.770458 
0.718000 	 1.437010 
0.719000 	 1.194971 
0.720000 	 1.039191 
0.721000 	 0.986406 
0.722000 	 1.028891 
0.723000 	 1.171797 
0.724000 	 1.404824 
0.725000 	 1.726685 
0.726000 	 2.129654 
0.727000 	 2.603433 
0.728000 	 3.137722 
0.729000 	 3.711921 
0.730000 	 4.320881 
0.731000 	 4.944003 
0.732000 	 5.569700 
0.733000 	 6.182523 
0.734000 	 6.764447 
0.735000 	 7.301310 
0.736000 	 7.780239 
0.737000 	 8.194795 
0.738000 	 8.528243 
0.739000 	 8.774144 
0.740000 	 8.927350 
0.741000 	 8.986572 
0.742000 	 8.944086 
0.743000 	 8.803755 
0.744000 	 8.569441 
0.745000 	 8.250155 
0.746000 	 7.849761 
0.747000 	 7.378557 
0.748000 	 6.846843 
0.749000 	 6.271356 
0.750000 	 5.663684 
0.751000 	 5.039274 
0.752000 	 4.413577 
0.753000 	 3.802042 
0.754000 	 3.218831 
0.755000 	 2.679392 
0.756000 	 2.197889 
0.757000 	 1.783332 
0.758000 	 1.449885 
0.759000 	 1.200121 
0.760000 	 1.044341 
0.761000 	 0.986406 
0.762000 	 1.027604 
0.763000 	 1.164073 
0.764000 	 1.394525 
0.765000 	 1.713811 
0.766000 	 2.115493 
0.767000 	 2.585409 
0.768000 	 3.115835 
0.769000 	 3.691322 
0.770000 	 4.298995 
0.771000 	 4.923404 
0.772000 	 5.549101 
0.773000 	 6.160636 
0.774000 	 6.743848 
0.775000 	 7.280711 
0.776000 	 7.767364 
0.777000 	 8.183208 
0.778000 	 8.517943 
0.779000 	 8.765132 
0.780000 	 8.926062 
0.781000 	 8.985285 
0.782000 	 8.945374 
0.783000 	 8.808905 
0.784000 	 8.582315 
0.785000 	 8.263029 
0.786000 	 7.863922 
0.787000 	 7.394006 
0.788000 	 6.867442 
0.789000 	 6.291955 
0.790000 	 5.685570 
0.791000 	 5.059873 
0.792000 	 4.435464 
0.793000 	 3.821354 
0.794000 	 3.238142 
0.795000 	 2.698704 
0.796000 	 2.213338 
0.797000 	 1.796207 
0.798000 	 1.457610 
0.799000 	 1.207846 
0.800000 	 1.049490 
0.801000 	 0.986406 
0.802000 	 1.022454 
0.803000 	 1.157636 
0.804000 	 1.385513 
0.805000 	 1.702224 
0.806000 	 2.100043 
0.807000 	 2.568672 
0.808000 	 3.096524 
0.809000 	 3.670723 
0.810000 	 4.277108 
0.811000 	 4.900230 
0.812000 	 5.527215 
0.813000 	 6.140037 
0.814000 	 6.724536 
0.815000 	 7.266549 
0.816000 	 7.751915 
0.817000 	 8.169046 
0.818000 	 8.508931 
0.819000 	 8.761270 
0.820000 	 8.920912 
0.821000 	 8.983997 
0.822000 	 8.945374 
0.823000 	 8.817917 
0.824000 	 8.591327 
0.825000 	 8.275904 
0.826000 	 7.876797 
0.827000 	 7.412030 
0.828000 	 6.885466 
0.829000 	 6.312554 
0.830000 	 5.706169 
0.831000 	 5.083047 
0.832000 	 4.456063 
0.833000 	 3.843240 
0.834000 	 3.258741 
0.835000 	 2.714153 
0.836000 	 2.227500 
0.837000 	 1.809081 
0.838000 	 1.469197 
0.839000 	 1.216858 
0.840000 	 1.050778 
0.841000 	 0.987693 
0.842000 	 1.022454 
0.843000 	 1.153773 
0.844000 	 1.375213 
0.845000 	 1.689349 
0.846000 	 2.084594 
0.847000 	 2.550648 
0.848000 	 3.075925 
0.849000 	 3.648836 
0.850000 	 4.256509 
0.851000 	 4.879631 
0.852000 	 5.505328 
0.853000 	 6.119438 
0.854000 	 6.705224 
0.855000 	 7.247238 
0.856000 	 7.735178 
0.857000 	 8.156172 
0.858000 	 8.497344 
0.859000 	 8.753545 
0.860000 	 8.918338 
0.861000 	 8.983997 
0.862000 	 8.953099 
0.863000 	 8.823067 
0.864000 	 8.600339 
0.865000 	 8.288778 
0.866000 	 7.894821 
0.867000 	 7.430054 
0.868000 	 6.906065 
0.869000 	 6.333153 
0.870000 	 5.728056 
0.871000 	 5.104934 
0.872000 	 4.477949 
0.873000 	 3.865127 
0.874000 	 3.278053 
0.875000 	 2.733465 
0.876000 	 2.244237 
0.877000 	 1.824531 
0.878000 	 1.476921 
0.879000 	 1.222008 
0.880000 	 1.057215 
0.881000 	 0.990268 
0.882000 	 1.016017 
0.883000 	 1.144761 
0.884000 	 1.367489 
0.885000 	 1.679050 
0.886000 	 2.073007 
0.887000 	 2.533911 
0.888000 	 3.056613 
0.889000 	 3.629525 
0.890000 	 4.234623 
0.891000 	 4.856457 
0.892000 	 5.483442 
0.893000 	 6.097552 
0.894000 	 6.683338 
0.895000 	 7.230501 
0.896000 	 7.721016 
0.897000 	 8.142010 
0.898000 	 8.485757 
0.899000 	 8.747108 
0.900000 	 8.913188 
0.901000 	 8.982710 
0.902000 	 8.954386 
0.903000 	 8.829504 
0.904000 	 8.610639 
0.905000 	 8.300365 
0.906000 	 7.910270 
0.907000 	 7.446791 
0.908000 	 6.925377 
0.909000 	 6.355040 
0.910000 	 5.748655 
0.911000 	 5.126820 
0.912000 	 4.499836 
0.913000 	 3.885726 
0.914000 	 3.297365 
0.915000 	 2.751489 
0.916000 	 2.262261 
0.917000 	 1.836118 
0.918000 	 1.489796 
0.919000 	 1.228445 
0.920000 	 1.061077 
0.921000 	 0.987693 
0.922000 	 1.014729 
0.923000 	 1.139611 
0.924000 	 1.358477 
0.925000 	 1.664888 
0.926000 	 2.054983 
0.927000 	 2.517175 
0.928000 	 3.039876 
0.929000 	 3.608926 
0.930000 	 4.212736 
0.931000 	 4.834571 
0.932000 	 5.461555 
0.933000 	 6.075665 
0.934000 	 6.665314 
0.935000 	 7.212477 
0.936000 	 7.702992 
0.937000 	 8.126561 
0.938000 	 8.476745 
0.939000 	 8.739383 
0.940000 	 8.908038 
0.941000 	 8.980135 
0.942000 	 8.959536 
0.943000 	 8.834654 
0.944000 	 8.618364 
0.945000 	 8.310665 
0.946000 	 7.925720 
0.947000 	 7.464815 
0.948000 	 6.943401 
0.949000 	 6.374352 
0.950000 	 5.770541 
0.951000 	 5.147419 
0.952000 	 4.521722 
0.953000 	 3.906325 
0.954000 	 3.317964 
0.955000 	 2.770801 
0.956000 	 2.276423 
0.957000 	 1.850279 
0.958000 	 1.500095 
0.959000 	 1.234882 
0.960000 	 1.063652 
0.961000 	 0.990268 
0.962000 	 1.012155 
0.963000 	 1.134462 
0.964000 	 1.346890 
0.965000 	 1.653301 
0.966000 	 2.039533 
0.967000 	 2.499150 
0.968000 	 3.020565 
0.969000 	 3.588327 
0.970000 	 4.190850 
0.971000 	 4.813972 
0.972000 	 5.440956 
0.973000 	 6.056353 
0.974000 	 6.644715 
0.975000 	 7.193165 
0.976000 	 7.688830 
0.977000 	 8.114974 
0.978000 	 8.465158 
0.979000 	 8.730371 
0.980000 	 8.900313 
0.981000 	 8.982710 
0.982000 	 8.960823 
0.983000 	 8.841091 
0.984000 	 8.624801 
0.985000 	 8.326114 
0.986000 	 7.939881 
0.987000 	 7.481552 
0.988000 	 6.961425 
0.989000 	 6.394951 
0.990000 	 5.792428 
0.991000 	 5.170593 
0.992000 	 4.543609 
0.993000 	 3.926924 
0.994000 	 3.337275 
0.995000 	 2.787537 
0.996000 	 2.294447 
0.997000 	 1.864441 
0.998000 	 1.509107 
0.999000 	 1.243894 
1.000000 	 1.070089 
1.001000 	 0.991555 
1.002000 	 1.008292 
1.003000 	 1.126737 
1.004000 	 1.340452 
1.005000 	 1.641714 
1.006000 	 2.024084 
1.007000 	 2.481126 
1.008000 	 3.001253 
1.009000 	 3.569015 
1.010000 	 4.170250 
1.011000 	 4.792085 
1.012000 	 5.419069 
1.013000 	 6.034467 
1.014000 	 6.626690 
1.015000 	 7.175141 
1.016000 	 7.672093 
1.017000 	 8.102099 
1.018000 	 8.456146 
1.019000 	 8.725221 
1.020000 	 8.900313 
1.021000 	 8.980135 
1.022000 	 8.962111 
1.023000 	 8.847528 
1.024000 	 8.637675 
1.025000 	 8.336414 
1.026000 	 7.954043 
1.027000 	 7.495714 
1.028000 	 6.982024 
1.029000 	 6.415550 
1.030000 	 5.814314 
1.031000 	 5.191192 
1.032000 	 4.564208 
1.033000 	 3.947523 
1.034000 	 3.357874 
1.035000 	 2.808137 
1.036000 	 2.307321 
1.037000 	 1.876028 
1.038000 	 1.520694 
1.039000 	 1.254194 
1.040000 	 1.072664 
1.041000 	 0.990268 
1.042000 	 1.007005 
1.043000 	 1.122875 
1.044000 	 1.332728 
1.045000 	 1.628839 
1.046000 	 2.009922 
1.047000 	 2.465677 
1.048000 	 2.983229 
1.049000 	 3.547128 
1.050000 	 4.148364 
1.051000 	 4.770199 
1.052000 	 5.397183 
1.053000 	 6.013868 
1.054000 	 6.606091 
1.055000 	 7.155829 
1.056000 	 7.655357 
1.057000 	 8.089225 
1.058000 	 8.444559 
1.059000 	 8.716209 
1.060000 	 8.895164 
1.061000 	 8.980135 
1.062000 	 8.965973 
1.063000 	 8.852678 
1.064000 	 8.644112 
1.065000 	 8.348001 
1.066000 	 7.969493 
1.067000 	 7.516313 
1.068000 	 7.001336 
1.069000 	 6.436149 
1.070000 	 5.834913 
1.071000 	 5.213079 
1.072000 	 4.586094 
1.073000 	 3.969409 
1.074000 	 3.378473 
1.075000 	 2.823586 
1.076000 	 2.325346 
1.077000 	 1.890190 
1.078000 	 1.534856 
1.079000 	 1.258056 
1.080000 	 1.077814 
1.081000 	 0.992843 
1.082000 	 1.007005 
1.083000 	 1.115150 
1.084000 	 1.321141 
1.085000 	 1.617252 
1.086000 	 1.997048 
1.087000 	 2.447653 
1.088000 	 2.962630 
1.089000 	 3.526529 
1.090000 	 4.127765 
1.091000 	 4.748312 
1.092000 	 5.375296 
1.093000 	 5.993269 
1.094000 	 6.584205 
1.095000 	 7.137805 
1.096000 	 7.638620 
1.097000 	 8.073775 
1.098000 	 8.431684 
1.099000 	 8.705910 
1.100000 	 8.891301 
1.101000 	 8.978847 
1.102000 	 8.967260 
1.103000 	 8.856540 
1.104000 	 8.654412 
1.105000 	 8.359588 
1.106000 	 7.983655 
1.107000 	 7.531762 
1.108000 	 7.019360 
1.109000 	 6.455461 
1.110000 	 5.855512 
1.111000 	 5.234965 
1.112000 	 4.607981 
1.113000 	 3.990009 
1.114000 	 3.396498 
1.115000 	 2.844185 
1.116000 	 2.342082 
1.117000 	 1.904352 
1.118000 	 1.543868 
1.119000 	 1.268356 
1.120000 	 1.082964 
1.121000 	 0.995418 
1.122000 	 1.001855 
1.123000 	 1.110000 
1.124000 	 1.312129 
1.125000 	 1.606953 
1.126000 	 1.980311 
1.127000 	 2.430916 
1.128000 	 2.944605 
1.129000 	 3.505930 
1.130000 	 4.105878 
1.131000 	 4.726426 
1.132000 	 5.353410 
1.133000 	 5.971382 
1.134000 	 6.566181 
1.135000 	 7.121068 
1.136000 	 7.624458 
1.137000 	 8.059614 
1.138000 	 8.417523 
1.139000 	 8.700760 
1.140000 	 8.886152 
1.141000 	 8.976273 
1.142000 	 8.965973 
1.143000 	 8.864265 
1.144000 	 8.664711 
1.145000 	 8.371175 
1.146000 	 7.996529 
1.147000 	 7.549786 
1.148000 	 7.038672 
1.149000 	 6.476060 
1.150000 	 5.877399 
1.151000 	 5.256852 
1.152000 	 4.629867 
1.153000 	 4.011895 
1.154000 	 3.417097 
1.155000 	 2.862209 
1.156000 	 2.356244 
1.157000 	 1.918514 
1.158000 	 1.555455 
1.159000 	 1.276080 
1.160000 	 1.086826 
1.161000 	 0.995418 
1.162000 	 1.001855 
1.163000 	 1.106138 
1.164000 	 1.303117 
1.165000 	 1.592791 
1.166000 	 1.967437 
1.167000 	 2.415467 
1.168000 	 2.925294 
1.169000 	 3.486619 
1.170000 	 4.083992 
1.171000 	 4.704539 
1.172000 	 5.332811 
1.173000 	 5.950783 
1.174000 	 6.545581 
1.175000 	 7.101757 
1.176000 	 7.606434 
1.177000 	 8.045452 
1.178000 	 8.411085 
1.179000 	 8.690460 
1.180000 	 8.881002 
1.181000 	 8.974985 
1.182000 	 8.971123 
1.183000 	 8.869415 
1.184000 	 8.671149 
1.185000 	 8.378899 
1.186000 	 8.011978 
1.187000 	 7.566523 
1.188000 	 7.056696 
1.189000 	 6.495371 
1.190000 	 5.899285 
1.191000 	 5.278738 
1.192000 	 4.653041 
1.193000 	 4.033782 
1.194000 	 3.437696 
1.195000 	 2.878946 
1.196000 	 2.374268 
1.197000 	 1.933963 
1.198000 	 1.565755 
1.199000 	 1.283805 
1.200000 	 1.093263 
1.201000 	 0.999280 
1.202000 	 1.001855 
1.203000 	 1.099701 
1.204000 	 1.295392 
1.205000 	 1.583779 
1.206000 	 1.954562 
1.207000 	 2.397442 
1.208000 	 2.905982 
1.209000 	 3.467307 
1.210000 	 4.063393 
1.211000 	 4.682652 
1.212000 	 5.309637 
1.213000 	 5.927609 
1.214000 	 6.524982 
1.215000 	 7.083732 
1.216000 	 7.590985 
1.217000 	 8.031290 
1.218000 	 8.399498 
1.219000 	 8.684023 
1.220000 	 8.877139 
1.221000 	 8.973698 
1.222000 	 8.972410 
1.223000 	 8.875852 
1.224000 	 8.680161 
1.225000 	 8.395636 
1.226000 	 8.026140 
1.227000 	 7.583260 
1.228000 	 7.076008 
1.229000 	 6.517258 
1.230000 	 5.919885 
1.231000 	 5.300625 
1.232000 	 4.674928 
1.233000 	 4.054381 
1.234000 	 3.457007 
1.235000 	 2.899545 
1.236000 	 2.393580 
1.237000 	 1.946838 
1.238000 	 1.577342 
1.239000 	 1.292817 
1.240000 	 1.100988 
1.241000 	 0.997993 
1.242000 	 0.997993 
1.243000 	 1.094551 
1.244000 	 1.288955 
1.245000 	 1.569617 
1.246000 	 1.937826 
1.247000 	 2.381993 
1.248000 	 2.887958 
1.249000 	 3.447995 
1.250000 	 4.041506 
1.251000 	 4.662053 
1.252000 	 5.287750 
1.253000 	 5.907010 
1.254000 	 6.505671 
1.255000 	 7.065708 
1.256000 	 7.572960 
1.257000 	 8.017128 
1.258000 	 8.389199 
1.259000 	 8.675011 
1.260000 	 8.869415 
1.261000 	 8.971123 
1.262000 	 8.976273 
1.263000 	 8.879714 
1.264000 	 8.687885 
1.265000 	 8.404648 
1.266000 	 8.041589 
1.267000 	 7.599997 
1.268000 	 7.094032 
1.269000 	 6.536569 
1.270000 	 5.940484 
1.271000 	 5.322511 
1.272000 	 4.695527 
1.273000 	 4.074980 
1.274000 	 3.477607 
1.275000 	 2.917569 
1.276000 	 2.407742 
1.277000 	 1.961000 
1.278000 	 1.590216 
1.279000 	 1.301829 
1.280000 	 1.102276 
1.281000 	 1.001855 
1.282000 	 0.996705 
1.283000 	 1.091976 
1.284000 	 1.278655 
1.285000 	 1.559318 
1.286000 	 1.923664 
1.287000 	 2.365256 
1.288000 	 2.868646 
1.289000 	 3.426109 
1.290000 	 4.020907 
1.291000 	 4.638879 
1.292000 	 5.265864 
1.293000 	 5.886411 
1.294000 	 6.485072 
1.295000 	 7.046397 
1.296000 	 7.553649 
1.297000 	 8.002966 
1.298000 	 8.377612 
1.299000 	 8.665999 
1.300000 	 8.862978 
1.301000 	 8.969835 
1.302000 	 8.976273 
1.303000 	 8.883577 
1.304000 	 8.693035 
1.305000 	 8.418810 
1.306000 	 8.054464 
1.307000 	 7.615446 
1.308000 	 7.110769 
1.309000 	 6.557168 
1.310000 	 5.962370 
1.311000 	 5.344398 
1.312000 	 4.717413 
1.313000 	 4.096866 
1.314000 	 3.498206 
1.315000 	 2.935593 
1.316000 	 2.425766 
1.317000 	 1.975161 
1.318000 	 1.600516 
1.319000 	 1.308266 
1.320000 	 1.108713 
1.321000 	 1.003142 
1.322000 	 0.994130 
1.323000 	 1.084251 
1.324000 	 1.270930 
1.325000 	 1.549018 
1.326000 	 1.910789 
1.327000 	 2.347232 
1.328000 	 2.850622 
1.329000 	 3.405510 
1.330000 	 4.000308 
1.331000 	 4.616993 
1.332000 	 5.243977 
1.333000 	 5.864525 
1.334000 	 6.464473 
1.335000 	 7.027085 
1.336000 	 7.539487 
1.337000 	 7.990092 
1.338000 	 8.364737 
1.339000 	 8.658274 
1.340000 	 8.860403 
1.341000 	 8.968548 
1.342000 	 8.976273 
1.343000 	 8.884864 
1.344000 	 8.704622 
1.345000 	 8.429110 
1.346000 	 8.067338 
1.347000 	 7.629608 
1.348000 	 7.131368 
1.349000 	 6.577768 
1.350000 	 5.984257 
1.351000 	 5.366284 
1.352000 	 4.739300 
1.353000 	 4.117465 
1.354000 	 3.518805 
1.355000 	 2.956192 
1.356000 	 2.439928 
1.357000 	 1.989323 
1.358000 	 1.612103 
1.359000 	 1.319853 
1.360000 	 1.115150 
1.361000 	 1.004430 
1.362000 	 0.992843 
1.363000 	 1.081676 
1.364000 	 1.263206 
1.365000 	 1.536144 
1.366000 	 1.896627 
1.367000 	 2.331783 
1.368000 	 2.832598 
1.369000 	 3.384911 
1.370000 	 3.978422 
1.371000 	 4.596394 
1.372000 	 5.222091 
1.373000 	 5.843925 
1.374000 	 6.445161 
1.375000 	 7.009061 
1.376000 	 7.522750 
1.377000 	 7.974642 
1.378000 	 8.354438 
1.379000 	 8.647975 
1.380000 	 8.855253 
1.381000 	 8.964686 
1.382000 	 8.980135 
1.383000 	 8.893876 
1.384000 	 8.712347 
1.385000 	 8.439409 
1.386000 	 8.081500 
1.387000 	 7.648920 
1.388000 	 7.149392 
1.389000 	 6.597079 
1.390000 	 6.003568 
1.391000 	 5.388171 
1.392000 	 4.761186 
1.393000 	 4.139352 
1.394000 	 3.539404 
1.395000 	 2.972929 
1.396000 	 2.457952 
1.397000 	 2.004773 
1.398000 	 1.624977 
1.399000 	 1.326290 
1.400000 	 1.117725 
1.401000 	 1.007005 
1.402000 	 0.994130 
1.403000 	 1.073952 
1.404000 	 1.254194 
1.405000 	 1.525844 
1.406000 	 1.883753 
1.407000 	 2.317621 
1.408000 	 2.813286 
1.409000 	 3.365599 
1.410000 	 3.957822 
1.411000 	 4.573220 
1.412000 	 5.201492 
1.413000 	 5.822039 
1.414000 	 6.423274 
1.415000 	 6.989749 
1.416000 	 7.506013 
1.417000 	 7.961768 
1.418000 	 8.340276 
1.419000 	 8.638963 
1.420000 	 8.850103 
1.421000 	 8.963398 
1.422000 	 8.981422 
1.423000 	 8.897739 
1.424000 	 8.721359 
1.425000 	 8.450996 
1.426000 	 8.095662 
1.427000 	 7.664369 
1.428000 	 7.167416 
1.429000 	 6.617678 
1.430000 	 6.026742 
1.431000 	 5.410057 
1.432000 	 4.783073 
1.433000 	 4.159951 
1.434000 	 3.558715 
1.435000 	 2.993528 
1.436000 	 2.475976 
1.437000 	 2.021509 
1.438000 	 1.635277 
1.439000 	 1.336590 
1.440000 	 1.125449 
1.441000 	 1.012155 
1.442000 	 0.990268 
1.443000 	 1.070089 
1.444000 	 1.246469 
1.445000 	 1.516832 
1.446000 	 1.868304 
1.447000 	 2.299597 
1.448000 	 2.795262 
1.449000 	 3.346287 
1.450000 	 3.935936 
1.451000 	 4.552621 
1.452000 	 5.179605 
1.453000 	 5.801440 
1.454000 	 6.402675 
1.455000 	 6.971725 
1.456000 	 7.489277 
1.457000 	 7.943744 
1.458000 	 8.327402 
1.459000 	 8.632525 
1.460000 	 8.844953 
1.461000 	 8.959536 
1.462000 	 8.978847 
1.463000 	 8.902888 
1.464000 	 8.729084 
1.465000 	 8.461296 
1.466000 	 8.108536 
1.467000 	 7.682393 
1.468000 	 7.186728 
1.469000 	 6.636990 
1.470000 	 6.047341 
1.471000 	 5.431944 
1.472000 	 4.803672 
1.473000 	 4.183125 
1.474000 	 3.580602 
1.475000 	 3.011552 
1.476000 	 2.492713 
1.477000 	 2.033096 
1.478000 	 1.649438 
1.479000 	 1.344315 
1.480000 	 1.129312 
1.481000 	 1.009580 
1.482000 	 0.990268 
1.483000 	 1.066227 
1.484000 	 1.242607 
1.485000 	 1.503957 
1.486000 	 1.855429 
1.487000 	 2.284148 
1.488000 	 2.778525 
1.489000 	 3.325688 
1.490000 	 3.915337 
1.491000 	 4.529447 
1.492000 	 5.156431 
1.493000 	 5.779553 
1.494000 	 6.383364 
1.495000 	 6.952413 
1.496000 	 7.471252 
1.497000 	 7.932157 
1.498000 	 8.317102 
1.499000 	 8.622226 
1.500000 	 8.837229 
1.501000 	 8.954386 
1.502000 	 8.982710 
1.503000 	 8.908038 
1.504000 	 8.735521 
1.505000 	 8.469020 
1.506000 	 8.123986 
1.507000 	 7.697842 
1.508000 	 7.203464 
1.509000 	 6.656302 
1.510000 	 6.067940 
1.511000 	 5.453830 
1.512000 	 4.825559 
1.513000 	 4.203724 
1.514000 	 3.598626 
1.515000 	 3.030864 
1.516000 	 2.509450 
1.517000 	 2.049833 
1.518000 	 1.661025 
1.519000 	 1.353327 
1.520000 	 1.137036 
1.521000 	 1.014729 
1.522000 	 0.988981 
1.523000 	 1.059790 
1.524000 	 1.231020 
1.525000 	 1.493658 
1.526000 	 1.842555 
1.527000 	 2.266123 
1.528000 	 2.759214 
1.529000 	 3.305089 
1.530000 	 3.893450 
1.531000 	 4.507560 
1.532000 	 5.135832 
1.533000 	 5.757667 
1.534000 	 6.362765 
1.535000 	 6.931814 
1.536000 	 7.454516 
1.537000 	 7.916708 
1.538000 	 8.305515 
1.539000 	 8.613214 
1.540000 	 8.832079 
1.541000 	 8.956961 
1.542000 	 8.982710 
1.543000 	 8.911900 
1.544000 	 8.744533 
1.545000 	 8.483182 
1.546000 	 8.136860 
1.547000 	 7.712004 
1.548000 	 7.220201 
1.549000 	 6.676901 
1.550000 	 6.089827 
1.551000 	 5.475717 
1.552000 	 4.848733 
1.553000 	 4.224323 
1.554000 	 3.620513 
1.555000 	 3.050176 
1.556000 	 2.528762 
1.557000 	 2.061420 
1.558000 	 1.673900 
1.559000 	 1.363626 
1.560000 	 1.144761 
1.561000 	 1.016017 
1.562000 	 0.987693 
1.563000 	 1.057215 
1.564000 	 1.225870 
1.565000 	 1.484646 
1.566000 	 1.827106 
1.567000 	 2.250674 
1.568000 	 2.742477 
1.569000 	 3.285778 
1.570000 	 3.871564 
1.571000 	 4.486961 
1.572000 	 5.113946 
1.573000 	 5.737068 
1.574000 	 6.342166 
1.575000 	 6.913790 
1.576000 	 7.436492 
1.577000 	 7.901258 
1.578000 	 8.293928 
1.579000 	 8.605489 
1.580000 	 8.825642 
1.581000 	 8.953099 
1.582000 	 8.983997 
1.583000 	 8.917050 
1.584000 	 8.750970 
1.585000 	 8.492194 
1.586000 	 8.151022 
1.587000 	 7.730028 
1.588000 	 7.240800 
1.589000 	 6.696212 
1.590000 	 6.110426 
1.591000 	 5.497603 
1.592000 	 4.869332 
1.593000 	 4.246210 
1.594000 	 3.641112 
1.595000 	 3.070775 
1.596000 	 2.544211 
1.597000 	 2.078157 
1.598000 	 1.684199 
1.599000 	 1.375213 
1.600000 	 1.147336 
1.601000 	 1.018592 
1.602000 	 0.987693 
1.603000 	 1.055928 
1.604000 	 1.215570 
1.605000 	 1.471771 
1.606000 	 1.814231 
1.607000 	 2.236512 
1.608000 	 2.721878 
1.609000 	 3.265179 
1.610000 	 3.852252 
1.611000 	 4.466362 
1.612000 	 5.092059 
1.613000 	 5.715181 
1.614000 	 6.321567 
1.615000 	 6.893191 
1.616000 	 7.418467 
1.617000 	 7.885809 
1.618000 	 8.281054 
1.619000 	 8.595190 
1.620000 	 8.817917 
1.621000 	 8.951811 
1.622000 	 8.983997 
1.623000 	 8.919625 
1.624000 	 8.757407 
1.625000 	 8.505069 
1.626000 	 8.163896 
1.627000 	 7.744190 
1.628000 	 7.257537 
1.629000 	 6.716811 
1.630000 	 6.131025 
1.631000 	 5.518203 
1.632000 	 4.891218 
1.633000 	 4.269384 
1.634000 	 3.661711 
1.635000 	 3.088799 
1.636000 	 2.560948 
1.637000 	 2.093606 
1.638000 	 1.697074 
1.639000 	 1.381650 
1.640000 	 1.155061 
1.641000 	 1.022454 
1.642000 	 0.990268 
1.643000 	 1.049490 
1.644000 	 1.209133 
1.645000 	 1.462759 
1.646000 	 1.802644 
1.647000 	 2.219775 
1.648000 	 2.705141 
1.649000 	 3.247154 
1.650000 	 3.831653 
1.651000 	 4.443188 
1.652000 	 5.070173 
1.653000 	 5.694582 
1.654000 	 6.300967 
1.655000 	 6.875167 
1.656000 	 7.403018 
1.657000 	 7.871647 
1.658000 	 8.268179 
1.659000 	 8.582315 
1.660000 	 8.815342 
1.661000 	 8.949236 
1.662000 	 8.982710 
1.663000 	 8.920912 
1.664000 	 8.766419 
1.665000 	 8.514081 
1.666000 	 8.175483 
1.667000 	 7.759640 
1.668000 	 7.276849 
1.669000 	 6.736123 
1.670000 	 6.151624 
1.671000 	 5.540089 
1.672000 	 4.913105 
1.673000 	 4.289983 
1.674000 	 3.682310 
1.675000 	 3.109398 
1.676000 	 2.578972 
1.677000 	 2.109055 
1.678000 	 1.708661 
1.679000 	 1.391950 
1.680000 	 1.161498 
1.681000 	 1.023742 
1.682000 	 0.986406 
1.683000 	 1.046915 
1.684000 	 1.202696 
1.685000 	 1.451172 
1.686000 	 1.788482 
1.687000 	 2.203039 
1.688000 	 2.687117 
1.689000 	 3.227843 
1.690000 	 3.809767 
1.691000 	 4.422589 
1.692000 	 5.048286 
1.693000 	 5.672696 
1.694000 	 6.280368 
1.695000 	 6.855855 
1.696000 	 7.384994 
1.697000 	 7.854910 
1.698000 	 8.256592 
1.699000 	 8.575878 
1.700000 	 8.807618 
1.701000 	 8.944086 
1.702000 	 8.985285 
1.703000 	 8.927350 
1.704000 	 8.772857 
1.705000 	 8.523093 
1.706000 	 8.185783 
1.707000 	 7.776376 
1.708000 	 7.294873 
1.709000 	 6.755435 
1.710000 	 6.172223 
1.711000 	 5.561976 
1.712000 	 4.934991 
1.713000 	 4.310582 
1.714000 	 3.704196 
1.715000 	 3.127422 
1.716000 	 2.594421 
1.717000 	 2.124505 
1.718000 	 1.724110 
1.719000 	 1.399675 
1.720000 	 1.166648 
1.721000 	 1.027604 
1.722000 	 0.987693 
1.723000 	 1.044341 
1.724000 	 1.194971 
1.725000 	 1.442160 
1.726000 	 1.775608 
1.727000 	 2.187589 
1.728000 	 2.669093 
1.729000 	 3.207244 
1.730000 	 3.789168 
1.731000 	 4.401990 
1.732000 	 5.026400 
1.733000 	 5.650809 
1.734000 	 6.259769 
1.735000 	 6.836543 
1.736000 	 7.368257 
1.737000 	 7.842036 
1.738000 	 8.243718 
1.739000 	 8.565578 
1.740000 	 8.801180 
1.741000 	 8.941512 
1.742000 	 8.985285 
1.743000 	 8.931212 
1.744000 	 8.779294 
1.745000 	 8.534680 
1.746000 	 8.202520 
1.747000 	 7.791826 
1.748000 	 7.311610 
1.749000 	 6.774746 
1.750000 	 6.194110 
1.751000 	 5.583862 
1.752000 	 4.956878 
1.753000 	 4.333756 
1.754000 	 3.723508 
1.755000 	 3.146734 
1.756000 	 2.613733 
1.757000 	 2.141241 
1.758000 	 1.734410 
1.759000 	 1.409974 
1.760000 	 1.173085 
1.761000 	 1.032754 
1.762000 	 0.985118 
1.763000 	 1.037903 
1.764000 	 1.188534 
1.765000 	 1.433148 
1.766000 	 1.762733 
1.767000 	 2.172140 
1.768000 	 2.651069 
1.769000 	 3.187932 
1.770000 	 3.769856 
1.771000 	 4.378816 
1.772000 	 5.004513 
1.773000 	 5.628923 
1.774000 	 6.237883 
1.775000 	 6.817232 
1.776000 	 7.350233 
1.777000 	 7.824012 
1.778000 	 8.229556 
1.779000 	 8.556566 
1.780000 	 8.794743 
1.781000 	 8.937649 
1.782000 	 8.985285 
1.783000 	 8.935074 
1.784000 	 8.787018 
1.785000 	 8.543692 
1.786000 	 8.215394 
1.787000 	 7.808562 
1.788000 	 7.330921 
1.789000 	 6.794058 
1.790000 	 6.214709 
1.791000 	 5.604461 
1.792000 	 4.978764 
1.793000 	 4.354355 
1.794000 	 3.745395 
1.795000 	 3.166045 
1.796000 	 2.630469 
1.797000 	 2.154116 
1.798000 	 1.747284 
1.799000 	 1.420274 
1.800000 	 1.184672 
1.801000 	 1.034041 
1.802000 	 0.986406 
1.803000 	 1.035329 
1.804000 	 1.184672 
1.805000 	 1.420274 
1.806000 	 1.748572 
1.807000 	 2.156691 
1.808000 	 2.634332 
1.809000 	 3.167333 
1.810000 	 3.747969 
1.811000 	 4.358217 
1.812000 	 4.982627 
1.813000 	 5.608323 
1.814000 	 6.217284 
1.815000 	 6.797920 
1.816000 	 7.332209 
1.817000 	 7.807275 
1.818000 	 8.219256 
1.819000 	 8.546267 
1.820000 	 8.785731 
1.821000 	 8.932499 
1.822000 	 8.985285 
1.823000 	 8.937649 
1.824000 	 8.792168 
1.825000 	 8.552704 
1.826000 	 8.229556 
1.827000 	 7.822724 
1.828000 	 7.347658 
1.829000 	 6.813369 
1.830000 	 6.236595 
1.831000 	 5.626348 
1.832000 	 5.000651 
1.833000 	 4.376241 
1.834000 	 3.764706 
1.835000 	 3.184070 
1.836000 	 2.649781 
1.837000 	 2.170853 
1.838000 	 1.760159 
1.839000 	 1.429286 
1.840000 	 1.187247 
1.841000 	 1.039191 
1.842000 	 0.986406 
1.843000 	 1.030179 
1.844000 	 1.174372 
1.845000 	 1.411262 
1.846000 	 1.736985 
1.847000 	 2.142529 
1.848000 	 2.615020 
1.849000 	 3.148021 
1.850000 	 3.727370 
1.851000 	 4.336331 
1.852000 	 4.960740 
1.853000 	 5.586437 
1.854000 	 6.196685 
1.855000 	 6.777321 
1.856000 	 7.315472 
1.857000 	 7.794400 
1.858000 	 8.205095 
1.859000 	 8.534680 
1.860000 	 8.781869 
1.861000 	 8.932499 
1.862000 	 8.986572 
1.863000 	 8.940224 
1.864000 	 8.794743 
1.865000 	 8.564291 
1.866000 	 8.241143 
1.867000 	 7.838174 
1.868000 	 7.363107 
1.869000 	 6.833969 
1.870000 	 6.257194 
1.871000 	 5.648234 
1.872000 	 5.023825 
1.873000 	 4.398128 
1.874000 	 3.786593 
1.875000 	 3.204669 
1.876000 	 2.667805 
1.877000 	 2.185014 
1.878000 	 1.773033 
1.879000 	 1.440873 
1.880000 	 1.196259 
1.881000 	 1.043053 
1.882000 	 0.985118 
1.883000 	 1.027604 
1.884000 	 1.169223 
1.885000 	 1.400962 
1.886000 	 1.722823 
1.887000 	 2.125792 
1.888000 	 2.598283 
1.889000 	 3.129997 
1.890000 	 3.705484 
1.891000 	 4.314444 
1.892000 	 4.938854 
1.893000 	 5.564550 
1.894000 	 6.176086 
1.895000 	 6.759297 
1.896000 	 7.296160 
1.897000 	 7.778951 
1.898000 	 8.190933 
1.899000 	 8.526955 
1.900000 	 8.774144 
1.901000 	 8.927350 
1.902000 	 8.985285 
1.903000 	 8.945374 
1.904000 	 8.806330 
1.905000 	 8.574591 
1.906000 	 8.254017 
1.907000 	 7.854910 
1.908000 	 7.382419 
1.909000 	 6.851993 
1.910000 	 6.276506 
1.911000 	 5.668833 
1.912000 	 5.044424 
1.913000 	 4.418727 
1.914000 	 3.807192 
1.915000 	 3.225268 
1.916000 	 2.683255 
1.917000 	 2.200464 
1.918000 	 1.785907 
1.919000 	 1.453747 
1.920000 	 1.201409 
1.921000 	 1.044341 
1.922000 	 0.986406 
1.923000 	 1.027604 
1.924000 	 1.161498 
1.925000 	 1.391950 
1.926000 	 1.711236 
1.927000 	 2.112918 
1.928000 	 2.581547 
1.929000 	 3.110685 
1.930000 	 3.684885 
1.931000 	 4.292557 
1.932000 	 4.916967 
1.933000 	 5.543951 
1.934000 	 6.154199 
1.935000 	 6.738698 
1.936000 	 7.278136 
1.937000 	 7.764789 
1.938000 	 8.178058 
1.939000 	 8.514081 
1.940000 	 8.766419 
1.941000 	 8.923487 
1.942000 	 8.986572 
1.943000 	 8.947949 
1.944000 	 8.812767 
1.945000 	 8.583603 
1.946000 	 8.266892 
1.947000 	 7.869072 
1.948000 	 7.399156 
1.949000 	 6.872592 
1.950000 	 6.298393 
1.951000 	 5.690720 
1.952000 	 5.066310 
1.953000 	 4.440613 
1.954000 	 3.827791 
1.955000 	 3.243292 
1.956000 	 2.702566 
1.957000 	 2.217201 
1.958000 	 1.803932 
1.959000 	 1.461472 
1.960000 	 1.207846 
1.961000 	 1.049490 
1.962000 	 0.988981 
1.963000 	 1.021167 
1.964000 	 1.155061 
1.965000 	 1.382938 
1.966000 	 1.700936 
1.967000 	 2.094894 
1.968000 	 2.563522 
1.969000 	 3.092661 
1.970000 	 3.665573 
1.971000 	 4.270671 
1.972000 	 4.895080 
1.973000 	 5.522065 
1.974000 	 6.134887 
1.975000 	 6.718099 
1.976000 	 7.261399 
1.977000 	 7.748053 
1.978000 	 8.165184 
1.979000 	 8.503781 
1.980000 	 8.761270 
1.981000 	 8.920912 
1.982000 	 8.983997 
1.983000 	 8.949236 
1.984000 	 8.819205 
1.985000 	 8.593902 
1.986000 	 8.278479 
1.987000 	 7.883234 
1.988000 	 7.417180 
1.989000 	 6.891903 
1.990000 	 6.317704 
1.991000 	 5.712606 
1.992000 	 5.088197 
1.993000 	 4.462500 
1.994000 	 3.849677 
1.995000 	 3.263891 
1.996000 	 2.720590 
1.997000 	 2.231362 
1.998000 	 1.812944 
1.999000 	 1.471771 
