time (s) 	 Voltage (V) 
0.000000 	 1.841267 
0.001000 	 2.521037 
0.002000 	 8.135573 
0.003000 	 7.457091 
0.004000 	 1.839980 
0.005000 	 2.522324 
0.006000 	 8.138148 
0.007000 	 7.454516 
0.008000 	 1.837405 
0.009000 	 2.524899 
0.010000 	 8.139435 
0.011000 	 7.451941 
0.012000 	 1.834830 
0.013000 	 2.527474 
0.014000 	 8.138148 
0.015000 	 7.449366 
0.016000 	 1.832255 
0.017000 	 2.528762 
0.018000 	 8.142010 
0.019000 	 7.446791 
0.020000 	 1.830968 
0.021000 	 2.531336 
0.022000 	 8.144585 
0.023000 	 7.445504 
0.024000 	 1.829680 
0.025000 	 2.532624 
0.026000 	 8.145872 
0.027000 	 7.442929 
0.028000 	 1.827106 
0.029000 	 2.535199 
0.030000 	 8.148447 
0.031000 	 7.440354 
0.032000 	 1.825818 
0.033000 	 2.537774 
0.034000 	 8.151022 
0.035000 	 7.437779 
0.036000 	 1.823243 
0.037000 	 2.539061 
0.038000 	 8.152309 
0.039000 	 7.435204 
0.040000 	 1.821956 
0.041000 	 2.541636 
0.042000 	 8.153597 
0.043000 	 7.432629 
0.044000 	 1.823243 
0.045000 	 2.544211 
0.046000 	 8.156172 
0.047000 	 7.430054 
0.048000 	 1.820668 
0.049000 	 2.546786 
0.050000 	 8.157459 
0.051000 	 7.427479 
0.052000 	 1.818093 
0.053000 	 2.549361 
0.054000 	 8.160034 
0.055000 	 7.426192 
0.056000 	 1.816806 
0.057000 	 2.550648 
0.058000 	 8.161322 
0.059000 	 7.423617 
0.060000 	 1.814231 
0.061000 	 2.557085 
0.062000 	 8.163896 
0.063000 	 7.419755 
0.064000 	 1.811656 
0.065000 	 2.558373 
0.066000 	 8.165184 
0.067000 	 7.418467 
0.068000 	 1.809081 
0.069000 	 2.559660 
0.070000 	 8.167759 
0.071000 	 7.415892 
0.072000 	 1.807794 
0.073000 	 2.562235 
0.074000 	 8.170334 
0.075000 	 7.413318 
0.076000 	 1.806506 
0.077000 	 2.564810 
0.078000 	 8.170334 
0.079000 	 7.410743 
0.080000 	 1.805219 
0.081000 	 2.566097 
0.082000 	 8.171621 
0.083000 	 7.409455 
0.084000 	 1.802644 
0.085000 	 2.568672 
0.086000 	 8.174196 
0.087000 	 7.406880 
0.088000 	 1.800069 
0.089000 	 2.571247 
0.090000 	 8.175483 
0.091000 	 7.403018 
0.092000 	 1.798782 
0.093000 	 2.573822 
0.094000 	 8.178058 
0.095000 	 7.401731 
0.096000 	 1.796207 
0.097000 	 2.575109 
0.098000 	 8.179346 
0.099000 	 7.397868 
0.100000 	 1.794919 
0.101000 	 2.577684 
0.102000 	 8.180633 
0.103000 	 7.396581 
0.104000 	 1.792345 
0.105000 	 2.580259 
0.106000 	 8.183208 
0.107000 	 7.394006 
0.108000 	 1.794919 
0.109000 	 2.581547 
0.110000 	 8.185783 
0.111000 	 7.390144 
0.112000 	 1.792345 
0.113000 	 2.584122 
0.114000 	 8.187070 
0.115000 	 7.388856 
0.116000 	 1.789770 
0.117000 	 2.586696 
0.118000 	 8.188358 
0.119000 	 7.386281 
0.120000 	 1.787195 
0.121000 	 2.589271 
0.122000 	 8.190933 
0.123000 	 7.384994 
0.124000 	 1.785907 
0.125000 	 2.593134 
0.126000 	 8.193508 
0.127000 	 7.382419 
0.128000 	 1.783332 
0.129000 	 2.594421 
0.130000 	 8.194795 
0.131000 	 7.379844 
0.132000 	 1.780758 
0.133000 	 2.596996 
0.134000 	 8.196082 
0.135000 	 7.377269 
0.136000 	 1.779470 
0.137000 	 2.600858 
0.138000 	 8.196082 
0.139000 	 7.374694 
0.140000 	 1.778183 
0.141000 	 2.603433 
0.142000 	 8.198657 
0.143000 	 7.373407 
0.144000 	 1.775608 
0.145000 	 2.604721 
0.146000 	 8.199945 
0.147000 	 7.370832 
0.148000 	 1.773033 
0.149000 	 2.607296 
0.150000 	 8.201232 
0.151000 	 7.368257 
0.152000 	 1.771745 
0.153000 	 2.609870 
0.154000 	 8.203807 
0.155000 	 7.363107 
0.156000 	 1.770458 
0.157000 	 2.611158 
0.158000 	 8.205095 
0.159000 	 7.360532 
0.160000 	 1.767883 
0.161000 	 2.613733 
0.162000 	 8.207669 
0.163000 	 7.359245 
0.164000 	 1.765308 
0.165000 	 2.616308 
0.166000 	 8.210244 
0.167000 	 7.356670 
0.168000 	 1.764021 
0.169000 	 2.618883 
0.170000 	 8.211532 
0.171000 	 7.355383 
0.172000 	 1.764021 
0.173000 	 2.621457 
0.174000 	 8.212819 
0.175000 	 7.352808 
0.176000 	 1.762733 
0.177000 	 2.622745 
0.178000 	 8.215394 
0.179000 	 7.350233 
0.180000 	 1.760159 
0.181000 	 2.625320 
0.182000 	 8.216682 
0.183000 	 7.348945 
0.184000 	 1.758871 
0.185000 	 2.627895 
0.186000 	 8.219256 
0.187000 	 7.346371 
0.188000 	 1.755009 
0.189000 	 2.631757 
0.190000 	 8.220544 
0.191000 	 7.343796 
0.192000 	 1.753721 
0.193000 	 2.634332 
0.194000 	 8.223119 
0.195000 	 7.341221 
0.196000 	 1.752434 
0.197000 	 2.635619 
0.198000 	 8.224406 
0.199000 	 7.338646 
0.200000 	 1.749859 
0.201000 	 2.638194 
0.202000 	 8.221831 
0.203000 	 7.337358 
0.204000 	 1.748572 
0.205000 	 2.642056 
0.206000 	 8.225694 
0.207000 	 7.333496 
0.208000 	 1.747284 
0.209000 	 2.643344 
0.210000 	 8.228269 
0.211000 	 7.332209 
0.212000 	 1.744709 
0.213000 	 2.645919 
0.214000 	 8.229556 
0.215000 	 7.330921 
0.216000 	 1.743422 
0.217000 	 2.647206 
0.218000 	 8.232131 
0.219000 	 7.325771 
0.220000 	 1.740847 
0.221000 	 2.651069 
0.222000 	 8.233418 
0.223000 	 7.323197 
0.224000 	 1.739559 
0.225000 	 2.652356 
0.226000 	 8.235993 
0.227000 	 7.321909 
0.228000 	 1.738272 
0.229000 	 2.654931 
0.230000 	 8.237281 
0.231000 	 7.319334 
0.232000 	 1.735697 
0.233000 	 2.657506 
0.234000 	 8.239856 
0.235000 	 7.316759 
0.236000 	 1.735697 
0.237000 	 2.660081 
0.238000 	 8.241143 
0.239000 	 7.314185 
0.240000 	 1.733122 
0.241000 	 2.662656 
0.242000 	 8.242430 
0.243000 	 7.312897 
0.244000 	 1.731835 
0.245000 	 2.665230 
0.246000 	 8.245005 
0.247000 	 7.309035 
0.248000 	 1.729260 
0.249000 	 2.669093 
0.250000 	 8.247580 
0.251000 	 7.307747 
0.252000 	 1.727972 
0.253000 	 2.671668 
0.254000 	 8.250155 
0.255000 	 7.305172 
0.256000 	 1.726685 
0.257000 	 2.674243 
0.258000 	 8.251443 
0.259000 	 7.302598 
0.260000 	 1.724110 
0.261000 	 2.676817 
0.262000 	 8.252730 
0.263000 	 7.301310 
0.264000 	 1.721535 
0.265000 	 2.678105 
0.266000 	 8.250155 
0.267000 	 7.298735 
0.268000 	 1.721535 
0.269000 	 2.680680 
0.270000 	 8.252730 
0.271000 	 7.294873 
0.272000 	 1.718960 
0.273000 	 2.683255 
0.274000 	 8.256592 
0.275000 	 7.292298 
0.276000 	 1.716385 
0.277000 	 2.684542 
0.278000 	 8.257880 
0.279000 	 7.291011 
0.280000 	 1.715098 
0.281000 	 2.687117 
0.282000 	 8.259167 
0.283000 	 7.288436 
0.284000 	 1.712523 
0.285000 	 2.690979 
0.286000 	 8.261742 
0.287000 	 7.285861 
0.288000 	 1.711236 
0.289000 	 2.692267 
0.290000 	 8.264317 
0.291000 	 7.283286 
0.292000 	 1.709948 
0.293000 	 2.693554 
0.294000 	 8.265604 
0.295000 	 7.280711 
0.296000 	 1.711236 
0.297000 	 2.696129 
0.298000 	 8.268179 
0.299000 	 7.276849 
0.300000 	 1.708661 
0.301000 	 2.698704 
0.302000 	 8.269467 
0.303000 	 7.274274 
0.304000 	 1.707373 
0.305000 	 2.701279 
0.306000 	 8.270754 
0.307000 	 7.272986 
0.308000 	 1.704798 
0.309000 	 2.703854 
0.310000 	 8.272042 
0.311000 	 7.271699 
0.312000 	 1.703511 
0.313000 	 2.709003 
0.314000 	 8.274616 
0.315000 	 7.269124 
0.316000 	 1.700936 
0.317000 	 2.710291 
0.318000 	 8.277191 
0.319000 	 7.265262 
0.320000 	 1.699649 
0.321000 	 2.712866 
0.322000 	 8.278479 
0.323000 	 7.263974 
0.324000 	 1.697074 
0.325000 	 2.714153 
0.326000 	 8.279766 
0.327000 	 7.261399 
0.328000 	 1.694499 
0.329000 	 2.718016 
0.330000 	 8.279766 
0.331000 	 7.258825 
0.332000 	 1.693212 
0.333000 	 2.719303 
0.334000 	 8.283629 
0.335000 	 7.256250 
0.336000 	 1.691924 
0.337000 	 2.721878 
0.338000 	 8.283629 
0.339000 	 7.253675 
0.340000 	 1.690637 
0.341000 	 2.724453 
0.342000 	 8.286203 
0.343000 	 7.249812 
0.344000 	 1.688062 
0.345000 	 2.727028 
0.346000 	 8.288778 
0.347000 	 7.247238 
0.348000 	 1.685487 
0.349000 	 2.729603 
0.350000 	 8.290066 
0.351000 	 7.245950 
0.352000 	 1.685487 
0.353000 	 2.730890 
0.354000 	 8.291353 
0.355000 	 7.243375 
0.356000 	 1.682912 
0.357000 	 2.733465 
0.358000 	 8.292641 
0.359000 	 7.240800 
0.360000 	 1.686774 
0.361000 	 2.736040 
0.362000 	 8.295216 
0.363000 	 7.238225 
0.364000 	 1.681625 
0.365000 	 2.738615 
0.366000 	 8.296503 
0.367000 	 7.235651 
0.368000 	 1.679050 
0.369000 	 2.741190 
0.370000 	 8.299078 
0.371000 	 7.233076 
0.372000 	 1.677762 
0.373000 	 2.743764 
0.374000 	 8.301653 
0.375000 	 7.231788 
0.376000 	 1.675187 
0.377000 	 2.747627 
0.378000 	 8.301653 
0.379000 	 7.227926 
0.380000 	 1.675187 
0.381000 	 2.748914 
0.382000 	 8.302940 
0.383000 	 7.226638 
0.384000 	 1.672612 
0.385000 	 2.752777 
0.386000 	 8.305515 
0.387000 	 7.224064 
0.388000 	 1.670038 
0.389000 	 2.754064 
0.390000 	 8.306803 
0.391000 	 7.221489 
0.392000 	 1.668750 
0.393000 	 2.756639 
0.394000 	 8.308090 
0.395000 	 7.218914 
0.396000 	 1.666175 
0.397000 	 2.759214 
0.398000 	 8.309377 
0.399000 	 7.216339 
0.400000 	 1.664888 
0.401000 	 2.761789 
0.402000 	 8.310665 
0.403000 	 7.215051 
0.404000 	 1.663600 
0.405000 	 2.764363 
0.406000 	 8.313240 
0.407000 	 7.208614 
0.408000 	 1.661025 
0.409000 	 2.765651 
0.410000 	 8.314527 
0.411000 	 7.207327 
0.412000 	 1.659738 
0.413000 	 2.768226 
0.414000 	 8.315815 
0.415000 	 7.206039 
0.416000 	 1.657163 
0.417000 	 2.770801 
0.418000 	 8.318389 
0.419000 	 7.202177 
0.420000 	 1.655876 
0.421000 	 2.773376 
0.422000 	 8.319677 
0.423000 	 7.199602 
0.424000 	 1.657163 
0.425000 	 2.775950 
0.426000 	 8.320964 
0.427000 	 7.198315 
0.428000 	 1.654588 
0.429000 	 2.778525 
0.430000 	 8.323539 
0.431000 	 7.195740 
0.432000 	 1.653301 
0.433000 	 2.781100 
0.434000 	 8.324827 
0.435000 	 7.194452 
0.436000 	 1.650726 
0.437000 	 2.783675 
0.438000 	 8.327402 
0.439000 	 7.190590 
0.440000 	 1.649438 
0.441000 	 2.786250 
0.442000 	 8.328689 
0.443000 	 7.189303 
0.444000 	 1.645576 
0.445000 	 2.788825 
0.446000 	 8.329976 
0.447000 	 7.186728 
0.448000 	 1.645576 
0.449000 	 2.791400 
0.450000 	 8.332551 
0.451000 	 7.184153 
0.452000 	 1.644289 
0.453000 	 2.793975 
0.454000 	 8.329976 
0.455000 	 7.181578 
0.456000 	 1.640426 
0.457000 	 2.796550 
0.458000 	 8.332551 
0.459000 	 7.179003 
0.460000 	 1.639139 
0.461000 	 2.799124 
0.462000 	 8.333839 
0.463000 	 7.176428 
0.464000 	 1.637851 
0.465000 	 2.801699 
0.466000 	 8.336414 
0.467000 	 7.175141 
0.468000 	 1.636564 
0.469000 	 2.802987 
0.470000 	 8.338989 
0.471000 	 7.168704 
0.472000 	 1.635277 
0.473000 	 2.806849 
0.474000 	 8.340276 
0.475000 	 7.167416 
0.476000 	 1.632702 
0.477000 	 2.808137 
0.478000 	 8.342851 
0.479000 	 7.164841 
0.480000 	 1.631414 
0.481000 	 2.810711 
0.482000 	 8.344138 
0.483000 	 7.163554 
0.484000 	 1.628839 
0.485000 	 2.813286 
0.486000 	 8.345426 
0.487000 	 7.160979 
0.488000 	 1.628839 
0.489000 	 2.815861 
0.490000 	 8.348001 
0.491000 	 7.158404 
0.492000 	 1.626265 
0.493000 	 2.818436 
0.494000 	 8.349288 
0.495000 	 7.155829 
0.496000 	 1.624977 
0.497000 	 2.821011 
0.498000 	 8.351863 
0.499000 	 7.153254 
0.500000 	 1.623690 
0.501000 	 2.824873 
0.502000 	 8.353150 
0.503000 	 7.150679 
0.504000 	 1.621115 
0.505000 	 2.827448 
0.506000 	 8.354438 
0.507000 	 7.149392 
0.508000 	 1.619827 
0.509000 	 2.830023 
0.510000 	 8.355725 
0.511000 	 7.146817 
0.512000 	 1.618540 
0.513000 	 2.831310 
0.514000 	 8.358300 
0.515000 	 7.144242 
0.516000 	 1.617252 
0.517000 	 2.835173 
0.518000 	 8.354438 
0.519000 	 7.141667 
0.520000 	 1.614678 
0.521000 	 2.836460 
0.522000 	 8.358300 
0.523000 	 7.139092 
0.524000 	 1.613390 
0.525000 	 2.839035 
0.526000 	 8.360875 
0.527000 	 7.137805 
0.528000 	 1.612103 
0.529000 	 2.841610 
0.530000 	 8.362163 
0.531000 	 7.133943 
0.532000 	 1.610815 
0.533000 	 2.844185 
0.534000 	 8.363450 
0.535000 	 7.131368 
0.536000 	 1.608240 
0.537000 	 2.846760 
0.538000 	 8.366025 
0.539000 	 7.128793 
0.540000 	 1.606953 
0.541000 	 2.849335 
0.542000 	 8.368600 
0.543000 	 7.126218 
0.544000 	 1.605665 
0.545000 	 2.850622 
0.546000 	 8.369887 
0.547000 	 7.123643 
0.548000 	 1.605665 
0.549000 	 2.853197 
0.550000 	 8.371175 
0.551000 	 7.121068 
0.552000 	 1.603091 
0.553000 	 2.857059 
0.554000 	 8.372462 
0.555000 	 7.118493 
0.556000 	 1.601803 
0.557000 	 2.858347 
0.558000 	 8.375037 
0.559000 	 7.115918 
0.560000 	 1.600516 
0.561000 	 2.860922 
0.562000 	 8.376324 
0.563000 	 7.113344 
0.564000 	 1.599228 
0.565000 	 2.866071 
0.566000 	 8.378899 
0.567000 	 7.110769 
0.568000 	 1.596653 
0.569000 	 2.868646 
0.570000 	 8.380187 
0.571000 	 7.108194 
0.572000 	 1.595366 
0.573000 	 2.869934 
0.574000 	 8.382762 
0.575000 	 7.106906 
0.576000 	 1.592791 
0.577000 	 2.872509 
0.578000 	 8.384049 
0.579000 	 7.104331 
0.580000 	 1.591504 
0.581000 	 2.876371 
0.582000 	 8.382762 
0.583000 	 7.100469 
0.584000 	 1.590216 
0.585000 	 2.877658 
0.586000 	 8.385336 
0.587000 	 7.099182 
0.588000 	 1.587641 
0.589000 	 2.880233 
0.590000 	 8.386624 
0.591000 	 7.096607 
0.592000 	 1.586354 
0.593000 	 2.882808 
0.594000 	 8.389199 
0.595000 	 7.094032 
0.596000 	 1.585066 
0.597000 	 2.884096 
0.598000 	 8.390486 
0.599000 	 7.091457 
0.600000 	 1.582491 
0.601000 	 2.886671 
0.602000 	 8.391774 
0.603000 	 7.087595 
0.604000 	 1.581204 
0.605000 	 2.889245 
0.606000 	 8.393061 
0.607000 	 7.085020 
0.608000 	 1.579917 
0.609000 	 2.891820 
0.610000 	 8.395636 
0.611000 	 7.082445 
0.612000 	 1.582491 
0.613000 	 2.894395 
0.614000 	 8.396923 
0.615000 	 7.079870 
0.616000 	 1.579917 
0.617000 	 2.898257 
0.618000 	 8.399498 
0.619000 	 7.078583 
0.620000 	 1.578629 
0.621000 	 2.899545 
0.622000 	 8.400786 
0.623000 	 7.076008 
0.624000 	 1.576054 
0.625000 	 2.902120 
0.626000 	 8.402073 
0.627000 	 7.073433 
0.628000 	 1.574767 
0.629000 	 2.905982 
0.630000 	 8.403361 
0.631000 	 7.070858 
0.632000 	 1.572192 
0.633000 	 2.908557 
0.634000 	 8.405936 
0.635000 	 7.066996 
0.636000 	 1.570904 
0.637000 	 2.911132 
0.638000 	 8.407223 
0.639000 	 7.065708 
0.640000 	 1.568330 
0.641000 	 2.913707 
0.642000 	 8.408510 
0.643000 	 7.063133 
0.644000 	 1.567042 
0.645000 	 2.914994 
0.646000 	 8.409798 
0.647000 	 7.060558 
0.648000 	 1.565755 
0.649000 	 2.917569 
0.650000 	 8.411085 
0.651000 	 7.057984 
0.652000 	 1.563180 
0.653000 	 2.920144 
0.654000 	 8.413660 
0.655000 	 7.055409 
0.656000 	 1.560605 
0.657000 	 2.922719 
0.658000 	 8.414948 
0.659000 	 7.050259 
0.660000 	 1.559318 
0.661000 	 2.925294 
0.662000 	 8.414948 
0.663000 	 7.048971 
0.664000 	 1.558030 
0.665000 	 2.927869 
0.666000 	 8.417523 
0.667000 	 7.046397 
0.668000 	 1.555455 
0.669000 	 2.930444 
0.670000 	 8.418810 
0.671000 	 7.043822 
0.672000 	 1.554168 
0.673000 	 2.931731 
0.674000 	 8.420097 
0.675000 	 7.041247 
0.676000 	 1.556743 
0.677000 	 2.935593 
0.678000 	 8.421385 
0.679000 	 7.038672 
0.680000 	 1.554168 
0.681000 	 2.938168 
0.682000 	 8.422672 
0.683000 	 7.036097 
0.684000 	 1.552880 
0.685000 	 2.940743 
0.686000 	 8.425247 
0.687000 	 7.034810 
0.688000 	 1.550305 
0.689000 	 2.943318 
0.690000 	 8.426535 
0.691000 	 7.030947 
0.692000 	 1.547731 
0.693000 	 2.945893 
0.694000 	 8.429110 
0.695000 	 7.029660 
0.696000 	 1.546443 
0.697000 	 2.948468 
0.698000 	 8.430397 
0.699000 	 7.027085 
