Volt data (v) 
4.66593 
3.71419 
5.86267 
6.31956 
3.70532 
1.65993 
3.20201 
2.71889 
2.80225 
2.43931 
3.64519 
5.67363 
2.85115 
3.28648 
4.73348 
4.77982 
4.05254 
4.59302 
4.43773 
3.18524 
3.99589 
3.26787 
2.66713 
4.20175 
3.63445 
3.37988 
3.85873 
4.55469 
3.95993 
3.76155 
3.84678 
3.61822 
2.79253 
4.35378 
4.97591 
3.03290 
5.49476 
3.39075 
3.32325 
2.66940 
2.77466 
2.61403 
3.92091 
5.16403 
4.09447 
4.42120 
4.90885 
1.06747 
3.39944 
3.92002 
4.28425 
2.26215 
2.56113 
4.35768 
3.45043 
4.12009 
2.60636 
1.93320 
4.32820 
4.76031 
5.19906 
2.03481 
2.23015 
2.09315 
3.52534 
2.95149 
4.88115 
2.11193 
1.82465 
3.77230 
4.75993 
2.76418 
2.30136 
3.41767 
1.93055 
3.58434 
4.39539 
3.78474 
1.65776 
3.03018 
3.26497 
5.38058 
4.48185 
3.50992 
4.87636 
2.52226 
3.21873 
4.97956 
5.06938 
4.29738 
4.05775 
2.98087 
4.31190 
2.73885 
4.14152 
3.84884 
4.70631 
3.14113 
4.20314 
4.36018 
2.66862 
3.72324 
5.16425 
3.67944 
3.25838 
4.02366 
3.29190 
4.01014 
3.43223 
3.54867 
4.02779 
4.92932 
4.01887 
5.21538 
1.53864 
3.11774 
3.80299 
2.73183 
2.29104 
4.18404 
4.17970 
3.85638 
3.96232 
2.69644 
3.06931 
3.46033 
2.87917 
3.89888 
5.93222 
3.08477 
4.21445 
2.53258 
4.90655 
2.59786 
3.77572 
2.94841 
4.07902 
3.57835 
3.52301 
6.51609 
2.93695 
3.52012 
6.25003 
2.42031 
4.12000 
2.49054 
4.59764 
3.89453 
4.21912 
3.28814 
3.81219 
5.03951 
1.29190 
1.93371 
3.98247 
2.91223 
3.27065 
2.07008 
2.66217 
3.16282 
2.84120 
2.70051 
3.14515 
2.62433 
4.90888 
2.57857 
5.38494 
3.19256 
2.11526 
2.94832 
4.50150 
4.62293 
3.72723 
3.85440 
4.19991 
2.10796 
2.98529 
1.73685 
3.11790 
4.51627 
4.28444 
5.85483 
3.73373 
1.41051 
5.25640 
4.84928 
2.98437 
3.78961 
4.34645 
3.95171 
4.26337 
3.45428 
3.52818 
3.65509 
2.77734 
4.98996 
3.57333 
4.25348 
2.71207 
2.49176 
3.47603 
3.31423 
4.76182 
4.17306 
4.10751 
2.12206 
2.59931 
3.76905 
3.21912 
4.85709 
4.90815 
2.98620 
4.44214 
4.96245 
3.88799 
5.19038 
4.62943 
3.78111 
4.44380 
3.76141 
3.15211 
3.92546 
3.60322 
3.20237 
5.33802 
3.78827 
6.29738 
3.27083 
4.13130 
5.14962 
6.29623 
3.87056 
2.77674 
4.37038 
2.24710 
3.29315 
3.83887 
5.05655 
5.00414 
3.53944 
4.49093 
3.24572 
4.22812 
5.48229 
3.72376 
3.26646 
3.06697 
4.28347 
4.90429 
5.69268 
3.62105 
3.73004 
2.93429 
5.17899 
3.49155 
3.09376 
5.75124 
4.37688 
4.28334 
2.56143 
4.00099 
4.08714 
2.47476 
3.34121 
3.16208 
4.09486 
2.56004 
4.65603 
5.35187 
3.26325 
3.55830 
4.07364 
4.77025 
4.08902 
3.96405 
3.08419 
3.33550 
4.18039 
5.24985 
4.13539 
2.36097 
4.00006 
3.47488 
3.32295 
3.34781 
2.68723 
3.24620 
2.78258 
3.20204 
3.68427 
3.74134 
3.35134 
3.41439 
3.60069 
4.02528 
4.84863 
4.18709 
3.28033 
4.16502 
3.32147 
1.78626 
1.21976 
1.85340 
3.32987 
2.94737 
2.84684 
3.60766 
2.90802 
2.93648 
4.17663 
4.34933 
6.00358 
3.86941 
3.62532 
2.99287 
3.37179 
3.51647 
1.81122 
3.30964 
4.31654 
2.99624 
4.06123 
4.55844 
4.64414 
4.34384 
1.30716 
3.00262 
4.46849 
3.96168 
3.57185 
4.00392 
4.69707 
3.72077 
2.80837 
3.38684 
3.35921 
4.46375 
3.97931 
4.11452 
3.71484 
3.20473 
3.62814 
3.78371 
2.16888 
3.74587 
4.49458 
3.45682 
5.13940 
4.12749 
3.14666 
3.41305 
3.29180 
3.80812 
4.32169 
3.27509 
4.02545 
5.32229 
4.49849 
4.39226 
2.75219 
3.03280 
3.80955 
3.46635 
1.94195 
2.05258 
4.59319 
2.80887 
5.64534 
1.34501 
4.01576 
3.56763 
2.81076 
3.97132 
2.77315 
4.42678 
3.63387 
1.92761 
1.14225 
3.28317 
4.71281 
3.74817 
3.62125 
4.25475 
2.17359 
4.99237 
2.67315 
3.60476 
3.20343 
3.71656 
1.62248 
5.09089 
4.11281 
5.57693 
4.98367 
3.57848 
2.62795 
1.82809 
3.58397 
3.78616 
4.61282 
2.61602 
4.36180 
3.63843 
2.79331 
4.34116 
3.83265 
3.33189 
5.44429 
4.17624 
3.45673 
3.84446 
3.65405 
3.74059 
4.02059 
2.96348 
2.76998 
3.92765 
5.45209 
3.26018 
2.55428 
3.32845 
3.08299 
3.23966 
4.04252 
3.43700 
2.97265 
3.12323 
2.24447 
2.70748 
2.15400 
3.05101 
2.48190 
2.85984 
3.26535 
2.36656 
3.54764 
3.90737 
2.60377 
4.68092 
1.98089 
3.17521 
2.08231 
3.22237 
2.24308 
2.99217 
2.82629 
2.38200 
1.50214 
4.13206 
5.56714 
5.79033 
3.07482 
3.52100 
3.10125 
3.64295 
2.64823 
1.64753 
3.53056 
2.34187 
1.66457 
5.94125 
3.33365 
3.97088 
4.75947 
1.88224 
3.98015 
4.06875 
3.65006 
3.72480 
3.03906 
4.29006 
2.71706 
2.77062 
4.29234 
5.25354 
3.18061 
3.06192 
3.97507 
4.63936 
4.53498 
3.83715 
2.93259 
4.19676 
3.48777 
4.94395 
2.15879 
3.70823 
4.85672 
3.07206 
2.94218 
2.63337 
3.28828 
3.36648 
3.70374 
2.68365 
3.64954 
2.96313 
3.19827 
2.72883 
3.28452 
